57109 3398 8940 9824 10586 11204 8761 4396 110 192 629 1148 947 372 143 1350 2928 2624 1501 394 235 1643 3279 2743 1553 371 247 1780 3546 3061 1594 358 242 1952 3684 3171 1583 572 224 1580 2981 2234 1279 463 92 451 1024 1420 918 491 0 3207 9872 11036 8211 5634 3675 2678 3342 1169 922 790 614 520 484 384 649 322 282 246 244 244 201 178 346 128 128 122 122 94 87 102 104 133 61 54 71 64 73 85 56 101 33 53 33 29 29 27 33 37 8997 18878 12447 6360 3835 1993 1101 727 507 428 334 286 254 211 166 184 125 121 80 75 
5033 437 732 706 783 849 798 728 19 41 97 145 96 39 7 46 209 263 169 38 6 56 161 245 204 34 14 57 210 312 153 37 7 76 228 283 183 72 13 62 180 247 181 115 26 45 137 187 189 144 0 97 392 643 601 491 408 308 435 173 141 146 111 77 77 60 136 51 46 53 39 29 34 34 61 28 23 33 31 29 29 17 25 23 9 13 14 14 12 10 10 19 6 5 9 9 7 7 5 3 462 1060 1061 717 487 290 215 121 139 82 61 74 64 45 33 39 20 25 21 17 
1753 214 215 177 238 210 291 408 18 12 33 75 55 21 3 8 57 79 46 22 6 10 29 65 54 13 7 13 40 71 80 27 4 12 45 56 61 32 12 14 58 66 90 51 4 26 93 101 110 74 0 10 78 142 110 110 80 86 158 69 65 68 55 45 47 35 78 40 42 23 22 30 26 26 40 19 18 18 14 16 11 13 15 27 7 10 7 12 7 13 9 16 4 8 2 2 4 6 3 7 105 214 235 200 168 135 111 90 78 86 69 45 49 47 32 30 22 14 15 8 
3886 650 362 370 644 412 485 963 26 34 119 235 176 60 14 11 45 136 111 45 8 7 37 100 151 67 7 11 43 202 276 105 8 18 56 107 163 60 5 13 46 136 181 104 13 52 141 328 291 138 0 15 51 86 131 159 163 167 329 147 124 164 148 119 131 119 226 95 86 77 68 86 87 88 152 63 47 48 60 46 44 53 38 86 44 35 28 22 27 28 26 38 20 15 17 15 17 16 17 18 85 173 510 487 428 420 294 287 215 174 189 124 100 93 83 66 49 42 34 33 
707 107 63 61 69 81 139 187 3 8 24 34 30 8 0 3 10 28 14 8 0 7 12 23 13 6 3 3 8 29 19 7 3 4 10 28 22 14 1 6 20 33 49 30 5 10 41 55 46 30 0 3 13 19 31 35 31 34 52 29 24 36 27 19 24 18 39 13 15 16 15 10 20 15 21 10 10 6 14 7 11 12 5 9 3 6 1 5 5 3 4 10 3 6 5 1 4 2 6 0 21 45 72 78 77 64 47 53 40 34 35 23 26 17 15 19 12 13 9 7 
468 51 48 41 63 70 78 117 2 1 6 19 20 3 0 3 6 15 20 4 0 1 6 16 16 2 3 4 4 19 30 3 0 3 10 26 27 4 4 2 11 20 28 13 0 7 20 48 16 26 0 2 3 9 16 16 24 30 62 29 25 31 16 12 13 17 22 10 12 6 6 10 9 3 15 7 3 8 3 6 3 1 1 6 0 5 3 2 1 1 1 4 1 2 0 3 3 2 3 1 17 20 28 31 59 75 53 46 28 27 23 9 10 9 10 2 5 4 10 2 
193 24 22 21 24 20 28 54 0 1 9 6 6 2 1 2 6 9 3 1 0 1 7 6 7 0 0 0 4 7 11 2 0 0 1 9 9 1 2 1 3 9 5 8 0 0 12 20 16 6 0 1 2 2 3 7 10 12 17 8 12 10 8 7 10 3 11 5 5 2 6 1 3 4 5 3 2 1 2 4 2 3 1 4 3 2 2 0 0 2 2 4 0 0 0 0 0 0 2 0 4 7 14 12 14 23 26 13 12 14 7 14 6 9 5 5 2 3 2 1 
67 14 5 4 7 12 10 15 0 1 2 6 1 4 0 0 2 0 3 0 0 0 1 0 2 1 0 0 1 4 2 0 0 0 3 5 3 1 0 0 1 1 4 4 0 1 2 2 8 2 0 0 0 1 1 1 4 5 0 6 2 4 2 3 4 2 5 3 1 0 0 1 3 1 6 2 0 1 1 0 0 0 4 1 0 1 1 0 0 0 0 0 1 0 0 0 0 0 0 0 0 4 8 3 1 3 4 5 6 6 8 5 4 4 1 1 2 1 0 1 
82 12 7 4 11 6 18 24 0 0 5 2 4 1 2 2 1 0 1 1 0 0 1 1 1 1 0 0 5 4 2 0 1 0 2 1 1 1 0 0 4 9 1 4 2 1 3 7 6 5 0 0 1 0 1 0 1 3 7 2 3 5 3 2 6 2 10 3 1 1 1 1 4 2 3 2 2 1 1 1 0 2 2 5 1 0 0 0 1 0 0 0 1 0 0 0 0 0 0 1 2 3 2 3 3 4 6 7 4 8 8 7 6 6 4 3 3 1 0 2 
150 12 18 19 24 32 26 19 2 2 3 0 4 1 0 1 6 5 5 1 0 1 2 9 5 2 0 1 7 5 7 4 1 2 12 9 4 4 0 4 7 5 4 6 0 0 6 4 5 4 0 3 11 18 10 4 4 6 11 4 7 6 7 4 4 6 9 4 3 1 3 2 0 3 4 0 0 3 1 1 0 0 2 0 0 0 0 1 2 1 1 0 0 1 1 1 0 1 0 0 29 17 15 4 3 1 4 6 14 9 8 8 5 9 8 2 0 3 3 2 
19290 1658 2670 2930 3162 3546 3073 2251 76 110 280 521 456 215 32 283 737 807 600 211 45 329 762 884 682 228 42 350 887 1017 675 191 59 361 938 1011 800 377 46 319 760 917 669 362 59 152 361 653 638 388 0 1383 3163 2974 2306 1553 1112 886 1137 421 365 349 292 278 216 204 347 138 151 141 125 125 106 96 221 92 84 89 69 72 73 55 61 115 48 46 42 26 42 41 29 51 23 27 37 24 12 19 11 13 3598 6122 3233 1624 1251 720 532 414 351 297 262 213 159 123 112 90 59 56 42 32 
295 32 29 49 54 39 43 49 2 2 7 7 11 3 0 4 8 6 9 2 2 4 8 16 16 3 2 1 11 19 14 7 0 0 9 11 18 1 1 4 9 12 11 6 3 6 11 12 7 10 0 5 15 35 30 22 16 18 26 13 10 7 8 9 7 6 16 3 2 3 3 3 2 3 4 4 2 4 1 4 2 2 1 0 0 2 0 0 2 0 0 0 0 0 0 1 1 1 0 2 24 51 49 35 27 17 11 10 9 12 9 11 9 10 3 2 2 1 1 2 
185 13 29 23 23 33 28 36 0 0 5 3 4 1 1 4 2 5 12 5 0 2 7 6 7 1 0 1 4 10 5 3 0 1 4 15 7 6 1 0 5 10 1 11 2 0 2 12 12 8 0 3 10 15 16 16 18 11 16 4 4 2 10 6 5 3 7 5 3 2 1 3 4 2 8 1 1 0 1 1 2 0 0 0 0 0 0 0 1 0 0 1 0 0 0 1 0 2 0 0 8 19 25 34 25 10 11 8 7 7 2 6 5 3 4 2 3 4 2 0 
475 57 43 66 54 48 87 120 3 3 23 17 6 5 1 3 9 9 15 6 0 8 10 22 22 4 1 6 7 18 14 8 0 4 6 16 14 8 3 15 16 15 17 21 2 8 26 29 31 24 0 8 34 42 32 45 29 31 53 24 16 13 19 13 10 8 13 8 10 11 3 6 6 1 8 2 2 2 3 2 4 4 2 4 0 0 1 1 1 1 1 1 1 0 0 0 0 0 0 0 27 79 72 59 42 41 21 32 27 20 17 8 7 7 7 3 3 1 2 0 
169 30 17 35 15 19 30 23 2 2 2 11 11 2 0 1 4 2 8 2 1 1 8 13 11 1 0 1 2 5 5 2 0 0 4 2 6 7 0 2 4 13 5 6 0 0 6 7 9 1 0 1 7 9 7 8 6 10 23 8 12 12 8 2 2 3 7 4 4 6 2 2 3 4 1 1 4 0 1 1 0 0 0 2 0 1 1 0 0 0 0 1 1 1 1 1 0 1 0 1 3 20 21 10 16 19 16 10 11 7 11 3 5 7 1 1 1 1 2 4 
33 5 3 1 7 4 7 6 0 1 2 2 0 0 0 0 0 0 2 1 0 0 0 1 0 0 0 1 1 2 3 0 0 2 0 0 1 1 0 0 2 2 2 1 0 0 1 2 2 1 0 0 1 0 1 1 3 1 3 0 2 4 5 3 2 1 0 0 1 0 0 0 1 0 1 0 1 1 0 0 0 0 0 0 0 0 1 0 0 0 0 0 0 0 0 0 0 0 0 0 1 2 4 1 3 2 8 3 1 1 4 1 1 0 1 0 0 0 0 0 
6 1 1 0 2 1 0 1 1 0 0 0 0 0 0 0 0 1 0 0 0 0 0 0 0 0 0 0 0 0 2 0 0 0 0 0 0 1 0 0 0 0 0 0 0 0 0 0 0 1 0 0 0 0 0 0 1 0 0 0 1 1 0 0 2 0 0 0 0 0 0 0 0 0 0 0 0 0 0 0 0 0 0 0 0 0 0 0 1 0 0 0 0 0 0 0 0 0 0 0 0 0 0 0 0 0 3 0 2 0 0 0 0 0 1 0 0 0 0 0 
118 26 10 13 8 14 21 26 0 3 8 4 6 5 1 0 2 5 0 2 0 3 1 4 5 0 0 0 0 4 2 2 1 0 5 4 3 1 1 0 2 6 4 8 1 0 4 5 8 8 0 1 6 4 8 7 13 14 8 6 3 4 8 3 2 1 4 2 0 4 0 1 2 1 3 0 1 1 1 1 1 1 0 3 0 0 0 1 0 0 0 1 0 0 2 0 0 0 0 0 8 12 12 25 15 7 5 4 6 4 4 3 2 3 3 1 4 0 0 0 
213 34 20 31 34 26 35 33 0 1 9 8 9 7 0 1 1 7 9 2 1 1 4 9 11 5 2 1 8 10 6 7 0 0 7 6 9 4 0 2 6 14 10 3 0 0 11 8 5 9 0 11 25 34 17 16 10 5 12 4 10 3 2 5 3 5 4 7 4 4 6 1 0 2 3 3 1 1 0 1 2 0 2 1 0 0 0 3 0 2 0 1 0 0 0 0 2 1 0 0 46 40 26 18 8 8 19 13 8 7 5 5 4 1 2 1 0 1 1 0 
10379 1107 1437 1557 1543 1827 1519 1389 40 60 199 348 323 137 21 53 346 523 363 131 20 107 321 538 430 141 21 86 350 585 374 127 12 119 367 559 514 256 34 123 308 443 380 231 33 72 256 426 369 233 0 254 878 1164 1126 929 750 624 941 367 313 289 268 211 178 147 251 132 137 142 105 103 77 79 143 61 56 54 48 31 49 46 29 71 28 31 28 24 20 20 20 45 13 17 16 21 12 9 8 14 812 2110 2084 1313 818 569 557 468 365 278 254 194 136 99 86 70 45 47 45 29 
325 33 45 49 50 50 60 38 2 5 9 3 11 3 1 8 11 13 9 3 2 5 11 10 17 4 3 7 16 16 5 3 2 8 8 15 12 5 1 11 15 18 10 5 5 2 5 6 10 10 0 1 5 22 65 39 23 20 26 13 10 12 12 8 8 2 5 5 4 2 2 5 2 2 4 5 0 3 1 3 0 1 0 2 1 4 4 0 0 1 0 0 0 1 0 0 0 0 1 1 12 17 54 77 42 22 22 20 15 11 6 7 6 2 4 3 3 2 0 0 
446 49 32 64 55 78 96 72 0 11 13 14 10 1 0 3 6 8 12 3 1 9 12 25 16 1 1 11 12 15 13 3 1 15 17 19 21 5 17 16 14 21 19 9 2 11 15 18 19 7 0 9 20 37 48 59 51 26 32 14 14 17 13 12 9 7 14 5 8 4 4 4 3 2 4 3 5 2 5 0 0 5 1 1 0 0 2 1 0 0 0 1 2 0 2 0 0 0 0 0 22 58 49 102 54 41 26 22 18 13 10 7 6 2 4 1 1 6 4 0 
477 73 41 54 56 51 72 130 5 5 21 18 21 3 0 5 3 10 20 3 0 2 9 22 15 6 1 6 5 17 12 15 0 1 9 16 14 11 4 4 9 23 18 14 4 7 23 37 37 22 0 5 23 29 31 33 16 23 55 19 28 16 18 10 21 15 25 9 9 5 3 6 6 5 9 5 5 3 5 2 3 1 5 3 1 4 0 1 1 0 2 5 2 1 1 1 1 2 1 3 27 57 59 40 33 45 45 38 29 27 15 16 10 9 6 8 5 2 2 4 
692 99 97 72 70 101 120 133 1 7 17 39 29 6 1 10 22 24 25 15 5 6 10 18 21 12 1 0 11 24 22 12 3 4 17 40 23 14 1 8 17 32 47 15 10 5 22 38 35 23 0 6 22 25 48 29 51 56 102 35 35 29 26 27 19 13 22 13 13 13 8 7 4 7 15 6 7 5 7 4 6 3 2 5 4 1 2 2 1 4 2 3 1 1 0 0 0 0 1 0 36 59 58 83 90 62 65 63 37 32 33 21 10 10 10 8 6 5 3 1 
130 17 16 18 20 16 18 25 0 3 3 6 4 1 0 0 1 5 8 2 0 2 4 6 4 2 0 2 3 5 5 5 0 0 5 6 5 0 0 1 0 10 4 3 1 0 3 9 6 6 0 0 2 7 6 5 5 7 20 7 6 8 8 5 6 5 4 4 1 3 4 1 0 2 1 2 1 0 2 1 1 1 0 0 1 1 0 1 0 0 0 1 0 0 0 0 0 0 1 0 2 9 9 16 12 9 11 21 11 6 7 3 6 2 2 0 0 2 2 0 
48 11 5 7 5 5 7 8 1 0 3 2 5 0 0 0 0 2 2 1 0 1 3 0 2 1 0 0 0 0 4 1 0 0 1 1 3 0 0 1 0 1 3 2 0 0 0 1 6 1 0 0 0 0 1 2 3 4 5 1 3 1 5 1 1 2 3 1 1 0 2 0 1 2 0 1 0 0 1 1 1 1 0 0 1 2 0 0 0 0 0 1 0 0 0 0 0 0 0 0 1 1 7 8 6 1 6 3 2 2 1 1 0 3 3 0 2 1 0 0 
73 4 7 14 6 6 19 17 0 0 1 1 1 1 0 0 2 1 3 1 0 0 5 4 5 0 0 0 1 0 2 3 0 0 1 2 1 2 1 0 4 4 6 4 0 0 4 9 2 2 0 0 0 1 0 6 5 2 8 6 1 7 2 4 1 1 3 1 4 4 1 2 0 1 3 1 2 0 0 1 1 0 0 1 1 0 0 0 0 0 0 1 0 0 0 0 2 0 0 0 4 5 8 7 6 10 4 1 3 4 3 2 4 3 5 0 3 1 0 0 
234 40 22 25 18 15 46 68 4 4 8 13 11 0 0 1 5 11 3 2 1 0 5 3 10 6 1 0 2 8 3 4 0 1 1 6 6 1 2 1 5 11 13 14 2 0 9 26 18 13 0 6 8 14 16 15 16 16 24 14 6 7 10 3 10 5 9 7 8 5 3 6 3 3 5 2 3 0 1 0 0 1 1 3 0 2 0 0 1 0 0 0 0 0 0 0 1 0 0 0 9 29 44 32 23 16 12 5 15 13 10 3 7 3 4 4 2 0 2 1 
411 73 53 49 49 42 62 83 5 6 24 20 12 6 0 4 12 13 22 2 0 3 10 18 14 4 2 1 5 12 20 9 0 3 10 9 17 3 0 3 8 16 20 15 1 9 6 23 27 17 0 11 30 28 36 27 10 21 43 15 8 13 15 10 8 7 23 7 7 8 5 2 7 13 14 6 8 2 3 2 2 2 2 3 0 1 0 1 1 1 2 3 0 2 1 1 0 0 0 0 50 56 68 36 19 33 27 17 13 11 15 7 13 15 11 4 6 2 2 6 
5681 791 697 709 777 813 899 995 35 37 136 269 232 82 9 33 111 228 222 94 10 47 120 226 197 109 11 39 144 257 228 98 12 54 147 215 252 133 19 58 165 256 255 146 29 59 140 329 276 162 0 92 266 382 432 397 397 365 684 271 225 197 175 170 145 120 203 102 70 80 56 62 51 49 93 49 57 38 25 38 30 35 36 53 22 21 14 16 18 14 22 26 10 15 9 6 19 6 9 9 451 754 833 696 575 505 461 386 232 192 146 99 91 73 40 40 39 18 27 23 
743 70 102 112 123 104 133 99 2 15 11 18 19 5 0 1 21 32 32 16 3 10 33 29 25 12 3 10 19 46 32 13 3 2 26 37 20 16 5 12 39 32 31 14 5 13 16 32 20 13 0 2 33 48 42 40 52 56 114 47 44 23 30 31 17 14 28 6 11 4 12 6 8 6 8 7 6 3 4 5 4 3 1 5 3 2 1 2 3 3 0 2 1 1 1 1 1 0 1 1 20 83 99 65 76 106 91 61 45 35 11 15 8 4 7 3 7 3 4 0 
381 64 57 53 60 37 62 48 2 9 9 18 19 7 4 1 11 17 18 6 0 8 6 15 17 7 0 3 13 18 18 8 1 3 7 11 6 9 0 1 9 17 21 14 1 2 8 16 14 7 0 2 14 16 17 23 30 29 40 17 17 25 7 11 9 11 15 6 9 2 14 10 7 5 9 6 4 5 4 2 3 1 2 1 0 2 0 0 0 1 1 3 0 0 0 0 0 0 0 1 16 29 32 41 47 41 43 25 20 21 22 9 11 6 8 6 2 1 0 1 
696 118 76 79 91 79 131 122 5 5 16 38 37 17 1 3 9 20 29 14 1 3 11 28 23 13 2 3 15 28 28 15 3 0 11 21 32 12 2 6 9 31 39 44 3 7 12 36 36 28 0 10 43 34 40 46 43 39 70 37 37 31 23 24 20 26 44 15 10 14 11 6 7 10 9 3 4 6 3 3 4 2 3 4 0 1 1 2 1 2 1 1 0 0 0 0 1 1 2 2 43 63 78 52 81 83 59 52 45 38 29 15 17 8 10 12 2 2 2 5 
573 74 67 73 84 57 113 105 1 3 16 17 29 8 2 4 7 28 20 6 2 5 9 24 27 6 2 2 14 30 23 13 1 2 6 15 17 16 3 3 18 27 37 25 4 2 12 29 38 20 0 15 29 38 34 37 40 29 60 33 33 29 25 21 20 16 23 9 7 6 7 8 0 5 8 2 4 3 1 6 3 0 3 3 0 0 4 1 1 2 0 2 1 0 0 1 1 0 1 2 45 67 69 55 57 53 48 50 28 28 28 9 13 9 5 2 3 0 3 1 
261 26 54 28 24 34 49 46 1 2 4 2 12 5 1 2 8 15 17 11 0 3 3 8 6 8 0 2 3 4 8 7 0 0 7 9 11 7 2 3 6 9 17 12 2 0 11 13 12 8 0 1 5 15 15 19 15 21 25 21 20 8 10 13 8 8 15 2 2 0 3 1 2 0 3 2 1 3 1 4 1 1 2 3 1 1 0 0 1 3 0 0 0 2 1 1 1 0 0 0 13 22 35 38 25 17 33 14 20 11 16 3 5 4 2 0 1 0 1 1 
128 14 12 17 21 18 11 35 1 1 3 5 1 3 2 0 2 5 2 1 0 1 2 6 6 2 0 1 2 5 9 4 1 1 0 5 7 4 0 0 0 2 5 4 1 0 2 7 9 16 0 0 4 3 11 11 5 3 13 3 6 7 4 4 3 3 7 5 3 5 1 3 3 2 3 1 1 2 1 0 0 1 1 0 0 1 3 0 2 1 1 0 0 0 0 0 1 0 0 0 7 8 13 15 17 6 13 8 9 8 8 3 4 2 2 0 3 1 0 1 
327 70 30 22 26 45 55 79 2 3 4 31 25 5 0 2 4 12 8 4 0 0 3 7 6 6 0 1 1 5 14 5 0 0 4 17 16 8 0 2 1 10 24 18 2 6 11 24 26 10 0 1 10 18 18 28 22 17 44 11 12 18 11 8 6 8 16 7 9 5 4 7 5 6 8 6 2 5 1 2 1 1 1 2 1 1 0 0 1 0 1 2 0 0 0 0 0 0 0 1 16 39 62 37 26 25 18 23 16 13 13 9 5 7 5 6 3 2 1 1 
1358 307 157 149 118 120 209 298 13 20 91 82 77 24 1 3 31 51 52 19 3 11 28 47 43 17 2 3 23 28 39 23 1 8 16 33 43 19 3 15 28 50 76 37 10 20 62 103 74 29 0 17 68 103 92 86 71 84 134 44 46 40 31 43 30 35 28 33 33 23 28 23 25 10 41 11 16 13 13 8 21 9 17 13 2 12 3 6 5 2 2 10 2 6 4 3 3 2 6 1 152 212 210 133 123 73 58 57 58 45 35 40 34 25 31 24 16 12 9 11 
2172 415 220 252 213 207 343 522 11 15 71 167 125 26 2 11 30 72 83 22 0 14 40 84 87 27 7 16 30 66 69 25 5 16 34 56 63 33 3 6 42 109 118 65 11 28 124 161 138 60 0 33 127 114 141 114 136 123 175 87 76 63 62 46 50 70 89 44 39 37 30 41 33 32 40 33 31 31 25 28 25 24 15 22 11 8 11 15 8 10 8 12 8 9 3 5 3 6 8 11 275 324 247 256 194 162 107 77 64 75 56 65 58 43 38 35 33 23 24 16 
3963 489 483 523 516 583 710 659 17 31 86 155 137 63 4 35 76 145 165 58 10 21 77 158 196 61 11 38 89 157 159 62 13 35 98 178 190 69 14 48 123 223 203 99 19 49 116 194 186 95 0 49 173 254 289 305 282 283 532 213 206 151 144 88 82 76 136 58 54 41 48 33 34 34 62 31 20 23 16 20 22 10 17 23 11 15 22 15 6 8 12 15 8 3 8 7 9 6 5 4 326 480 459 473 548 505 321 217 157 115 92 52 40 49 39 21 24 21 11 13 
658 83 72 95 97 80 126 105 8 11 16 24 16 8 3 5 12 16 26 10 3 8 15 26 33 10 3 10 16 29 26 13 1 6 13 20 32 8 4 9 22 28 32 31 4 11 18 31 25 16 0 4 21 28 39 41 54 54 71 43 44 36 34 20 21 15 29 7 8 11 12 8 2 3 12 4 1 4 5 5 3 2 0 3 1 2 1 0 2 1 0 2 0 1 0 0 1 0 2 1 27 58 82 72 82 84 73 59 30 31 20 5 5 9 5 6 6 1 3 0 
320 36 34 62 39 46 54 49 0 6 7 16 4 3 1 1 7 12 12 1 3 3 10 21 15 10 1 1 4 12 16 5 1 1 9 18 9 8 2 6 13 15 10 8 0 2 9 21 11 6 0 0 5 14 14 18 20 33 46 20 17 11 11 20 8 9 12 5 4 5 8 3 2 3 5 0 2 1 1 3 0 0 6 1 2 0 4 2 1 0 0 1 1 0 1 0 0 0 0 1 16 16 32 27 37 37 37 35 20 21 10 8 1 4 5 1 2 6 3 2 
398 72 30 45 50 51 73 77 0 1 15 32 19 5 0 1 2 19 7 1 1 3 2 9 21 9 1 2 3 21 17 6 2 1 7 13 19 9 3 3 11 19 28 9 1 2 5 31 19 19 0 4 15 22 33 26 30 21 42 23 23 20 13 14 13 15 15 10 6 6 3 3 2 5 9 2 2 0 3 1 0 3 2 0 2 0 1 0 0 3 2 1 0 2 0 0 0 0 1 0 26 42 43 41 55 30 42 32 30 13 16 7 2 5 5 4 2 1 2 0 
380 40 53 52 41 46 74 74 2 2 9 12 12 3 0 1 8 21 19 4 1 1 11 16 20 3 0 3 4 13 13 8 2 1 5 13 20 5 2 0 10 23 24 15 0 4 8 24 19 19 0 8 21 27 37 45 34 26 46 10 15 16 8 17 7 7 9 4 3 3 3 5 0 4 3 2 3 1 1 2 1 1 1 2 1 0 1 0 0 0 1 1 1 0 1 0 0 0 1 1 25 53 50 69 50 28 23 25 11 13 8 7 5 2 3 2 0 4 1 1 
735 118 90 88 100 86 98 155 2 4 30 39 33 10 3 4 17 28 25 13 1 5 13 29 30 10 3 7 20 31 23 16 2 1 10 25 32 16 2 2 17 26 33 18 3 5 12 66 38 31 0 8 32 45 58 54 45 53 71 25 35 31 26 23 19 24 23 12 16 4 7 9 11 12 8 6 11 9 3 4 6 5 3 5 2 6 2 3 2 3 7 1 1 0 0 2 0 1 1 1 28 100 101 87 68 50 52 50 40 40 36 23 19 9 5 10 5 5 4 3 
582 101 63 71 63 67 88 129 2 4 19 38 26 12 0 5 6 18 22 12 0 2 8 31 22 8 0 3 8 19 25 8 1 2 9 15 25 15 0 3 7 24 38 16 0 3 16 35 54 21 0 5 26 46 31 27 29 35 53 34 25 20 21 21 22 11 24 11 12 8 14 6 6 5 11 7 8 5 6 5 4 5 2 8 4 4 1 2 2 4 0 4 1 1 0 0 3 0 2 1 47 99 62 55 47 30 39 24 39 29 31 26 15 12 7 6 5 2 4 3 
3117 559 357 367 312 331 435 756 18 23 86 207 178 47 6 11 67 104 116 53 1 15 45 100 153 53 4 10 45 95 99 59 3 13 41 102 121 51 2 19 41 112 146 115 10 25 119 245 252 105 0 44 172 218 231 231 174 181 248 125 89 102 89 64 66 66 128 54 58 53 42 56 47 55 63 26 25 36 32 26 20 36 22 29 14 20 13 13 15 16 19 31 13 9 7 6 7 6 11 9 357 509 508 301 214 183 177 129 128 109 96 75 76 62 47 37 34 30 23 22 
1084 189 136 128 125 97 164 245 5 6 53 67 41 17 2 7 17 32 60 18 1 9 15 42 46 15 1 7 19 35 45 18 4 5 12 25 35 16 3 5 21 32 68 35 2 9 53 74 70 37 0 10 46 80 78 70 62 45 97 46 39 29 40 25 37 24 48 17 21 20 21 21 9 13 26 10 16 10 12 14 7 7 3 8 5 3 11 6 0 4 3 6 7 6 6 5 4 1 3 3 104 160 175 118 90 58 67 47 48 45 26 32 29 18 22 14 10 11 6 4 
315 66 28 28 33 45 38 77 0 3 12 30 17 4 0 0 9 5 12 2 1 2 6 6 11 2 1 5 6 8 11 2 2 8 5 9 15 6 0 1 4 12 16 5 1 7 22 25 17 5 0 1 5 12 12 16 13 17 25 18 14 7 10 6 8 11 18 15 8 8 6 2 6 2 11 2 3 3 1 4 3 6 6 5 3 3 3 3 5 0 3 2 2 2 0 1 0 2 2 0 18 37 28 36 21 22 19 16 18 16 12 17 11 12 7 6 4 5 8 2 
3123 357 423 490 441 441 552 419 14 23 63 108 115 34 7 27 81 134 136 38 13 43 104 142 147 41 5 25 92 129 161 29 9 26 92 105 149 60 14 30 102 151 166 89 3 40 85 106 122 63 0 15 143 203 248 263 285 253 414 138 116 98 87 88 68 60 92 33 38 36 30 28 28 27 67 26 23 19 19 6 23 14 10 25 5 3 8 12 4 8 6 15 8 5 6 6 3 1 5 5 148 320 419 521 494 329 228 165 114 82 81 62 36 31 26 13 12 19 15 8 
501 38 48 64 109 67 102 73 3 4 8 14 7 2 1 6 7 12 17 5 4 4 16 14 23 3 9 6 20 37 25 12 5 4 11 19 19 9 7 7 20 31 25 12 4 2 15 21 24 7 0 10 18 23 49 36 44 49 62 26 28 15 18 13 15 10 20 5 7 4 3 3 5 2 1 2 2 2 4 3 2 3 1 1 1 0 2 1 1 1 2 3 0 0 0 0 0 2 1 1 36 43 82 72 65 74 45 21 21 14 6 4 5 3 2 1 1 1 2 3 
256 40 30 31 29 39 43 44 0 2 5 14 14 5 0 0 7 11 8 4 1 2 5 10 10 3 0 2 9 6 9 3 0 2 6 15 13 3 1 6 10 11 12 3 1 4 7 9 15 8 0 2 8 6 11 14 29 11 37 16 7 10 7 10 12 9 22 6 6 0 0 1 1 2 4 1 4 2 3 1 1 0 0 4 1 0 0 1 1 2 0 4 0 0 0 0 0 0 0 0 15 20 32 24 31 25 20 30 13 10 14 4 0 3 1 5 2 3 2 2 
353 41 33 46 58 39 57 79 1 3 6 14 13 4 2 3 11 9 7 1 0 1 5 12 24 4 0 1 9 22 20 6 1 2 3 14 14 5 1 3 12 14 15 12 2 1 8 26 24 18 0 3 13 11 14 29 18 19 38 16 20 18 15 14 9 7 18 5 7 10 9 6 10 2 7 0 3 2 3 3 0 1 1 4 2 0 1 1 2 1 1 0 3 0 2 1 2 2 0 0 25 24 42 38 37 30 33 23 28 24 13 8 4 2 7 3 3 5 4 0 
396 67 52 43 43 45 53 93 6 6 10 16 20 9 2 6 5 12 18 9 0 7 11 9 10 6 2 7 7 14 9 4 1 2 8 6 22 6 2 5 8 15 16 7 5 4 7 31 28 18 0 3 8 22 20 23 23 23 43 25 30 29 15 29 8 2 16 6 9 9 1 5 6 4 6 0 3 4 1 2 2 2 2 0 0 3 0 2 0 1 3 3 0 1 0 0 1 0 0 1 21 29 52 39 44 35 46 21 26 24 29 9 5 5 5 2 0 1 2 1 
2775 459 255 273 297 288 454 749 16 23 74 163 133 50 1 4 42 89 90 29 0 12 38 84 106 33 1 13 37 84 90 72 5 11 42 67 110 53 4 7 41 109 158 135 9 19 85 239 239 158 0 26 125 170 187 158 146 160 249 133 105 110 107 95 73 89 125 58 43 48 37 39 45 30 56 35 26 17 23 28 14 27 22 38 14 16 14 19 12 7 7 11 6 2 3 1 8 2 4 5 281 423 317 245 227 238 183 157 175 139 108 66 65 40 25 29 14 12 26 5 
5288 1008 559 514 510 568 838 1291 21 38 176 386 294 93 2 15 60 177 217 88 4 9 67 160 182 92 4 8 59 122 188 129 15 14 55 125 231 128 15 25 93 195 282 228 20 44 162 430 389 246 0 72 295 342 351 354 284 310 515 224 188 173 158 144 130 131 235 97 94 85 80 74 67 72 134 52 33 53 47 35 48 42 40 50 30 30 20 25 24 24 13 28 11 11 12 16 8 9 5 13 691 791 678 541 452 362 320 270 249 222 203 108 79 86 50 61 39 32 37 17 
735 143 67 65 60 82 121 197 10 4 31 51 33 14 0 1 15 22 19 10 0 2 8 24 25 6 1 1 9 11 24 14 2 3 7 22 27 21 2 2 17 27 33 40 5 6 39 55 57 35 0 3 43 44 48 50 47 31 57 30 27 22 26 17 17 14 29 18 10 19 6 12 17 11 21 6 9 3 7 11 9 5 7 12 3 3 7 9 3 1 3 4 5 2 3 1 1 1 0 1 71 126 90 79 56 42 33 46 38 32 21 13 19 13 12 6 7 13 8 10 
209 44 37 19 39 18 20 32 6 2 5 11 15 5 2 2 2 15 12 4 0 0 2 4 9 4 2 0 5 11 12 9 1 2 2 5 7 1 1 0 0 6 7 6 0 4 9 6 11 2 0 3 5 9 15 13 13 10 31 3 6 9 9 9 5 5 6 5 4 2 7 5 3 3 3 3 1 2 2 0 3 0 3 3 0 0 0 0 1 1 1 2 1 0 0 1 0 0 2 0 10 18 33 27 27 15 13 11 9 10 5 9 4 4 1 2 3 2 3 3 
139 30 16 18 13 14 15 33 0 1 8 11 7 3 0 0 2 6 7 1 2 1 5 3 6 1 0 0 5 2 5 1 0 0 8 4 2 0 0 2 5 3 5 0 0 3 3 14 12 1 0 0 4 7 11 15 5 7 8 7 3 3 6 4 6 3 2 4 3 2 8 3 2 4 4 3 4 1 3 0 0 0 1 0 0 3 2 1 0 0 0 0 0 0 0 0 0 0 0 0 6 9 22 19 23 13 6 5 7 6 2 4 2 2 1 4 1 1 5 1 
6323 684 840 899 878 959 1019 1044 17 51 128 214 198 76 18 80 193 262 225 62 17 78 190 288 260 66 17 69 182 276 253 81 24 97 196 288 261 93 21 108 205 277 280 128 28 94 191 274 314 143 0 102 370 481 574 559 548 423 731 288 241 184 189 155 111 101 212 88 68 83 61 59 44 43 87 45 37 31 42 26 28 17 31 35 17 22 26 19 12 15 12 22 14 18 10 9 9 10 6 8 625 971 1099 1071 713 440 352 267 162 141 113 86 60 48 39 31 38 28 19 20 
1261 128 165 228 211 161 209 159 2 6 24 46 42 8 8 20 30 52 45 10 9 16 57 66 68 12 9 14 45 67 55 21 3 14 47 42 46 9 4 13 52 60 53 27 3 10 31 55 43 17 0 19 75 108 95 93 106 99 133 70 51 52 39 36 26 20 53 11 19 12 10 11 6 13 14 9 10 12 4 5 4 7 3 4 1 2 1 1 3 4 2 5 3 1 4 2 0 2 1 0 112 189 176 207 174 102 94 53 47 28 21 17 11 10 4 4 4 4 2 2 
560 46 61 73 82 94 116 88 1 4 6 14 15 6 0 12 9 16 17 7 1 7 14 26 22 3 0 6 20 38 12 6 2 6 15 34 25 12 0 5 27 38 29 17 2 3 21 25 15 22 0 4 21 39 45 41 52 38 58 35 13 27 18 20 17 14 28 7 9 3 5 4 3 1 5 2 1 4 2 1 1 2 3 9 2 2 1 0 3 0 3 7 1 3 1 0 1 1 1 2 36 64 83 89 80 51 40 29 17 11 16 8 7 9 3 7 4 1 4 1 
467 49 58 61 54 62 95 88 1 5 10 18 12 3 2 4 15 20 9 8 0 4 10 30 14 3 0 5 14 19 9 7 2 4 7 23 17 9 5 10 18 28 20 14 2 7 19 21 24 15 0 4 14 20 32 32 31 28 60 29 29 19 19 20 13 12 25 8 8 5 4 3 2 8 5 0 6 4 6 0 2 6 2 1 0 0 0 2 2 0 1 2 1 0 0 0 1 0 0 1 19 34 48 70 84 59 46 25 16 14 18 11 2 6 9 3 2 1 0 0 
691 100 51 70 70 78 115 207 1 3 17 40 29 10 1 3 7 17 17 6 3 2 8 27 19 11 2 2 12 19 24 11 1 2 7 22 33 13 2 4 7 34 50 18 1 4 31 68 82 21 0 9 19 41 39 52 35 35 78 36 25 37 32 31 26 30 22 11 14 11 11 9 9 10 6 6 1 4 5 1 6 1 3 7 0 6 6 5 4 1 1 4 0 0 0 1 1 0 0 0 42 68 93 82 90 63 68 50 35 29 25 10 11 9 4 3 3 1 3 2 
1493 190 137 153 186 177 242 408 9 7 27 76 52 19 2 13 23 45 37 17 1 4 26 40 47 35 4 7 27 48 68 32 3 5 28 46 61 34 7 12 14 55 72 82 5 14 54 124 129 82 0 14 68 114 94 88 74 101 165 64 70 80 55 47 44 35 60 31 31 19 10 17 21 14 24 14 7 11 12 6 8 5 7 15 8 3 4 8 2 9 7 9 6 3 1 0 3 0 2 3 140 232 184 170 157 113 94 94 75 60 51 28 24 16 15 8 9 6 11 6 
121 13 15 11 18 15 17 32 0 1 1 7 4 0 0 0 2 5 6 2 0 0 0 3 6 2 0 3 3 2 7 3 0 1 3 1 8 2 0 0 0 3 5 9 0 1 9 10 7 5 0 0 4 2 2 6 11 14 10 9 9 7 5 2 7 2 7 0 4 1 2 0 1 2 4 1 0 1 2 2 0 0 1 1 0 0 0 0 0 0 0 1 0 0 0 1 0 0 0 0 6 10 9 7 17 11 15 11 11 7 6 4 2 1 0 2 1 0 1 0 
8 1 0 2 1 1 1 2 0 0 0 0 1 0 0 0 0 0 0 0 0 1 0 1 0 0 0 0 1 0 0 0 0 0 1 0 0 0 0 0 0 0 1 0 0 0 1 0 0 1 0 0 1 1 0 2 1 1 0 0 0 0 0 0 0 1 0 0 0 0 0 1 0 0 0 0 0 0 0 0 0 0 0 0 0 0 0 0 0 0 0 0 0 0 0 0 0 0 0 0 2 1 3 0 0 0 0 1 0 0 1 0 0 0 0 0 0 0 0 0 
18 3 0 0 2 1 2 10 0 0 2 1 0 0 0 0 0 0 0 0 0 0 0 0 0 0 0 1 0 1 0 0 0 0 0 0 1 0 0 0 0 1 1 0 0 0 3 4 1 2 0 0 0 1 1 2 3 1 0 0 0 2 0 0 2 0 2 0 0 1 0 0 0 0 0 0 0 1 0 0 0 0 0 1 0 0 0 0 1 0 0 0 0 0 0 0 0 0 0 0 1 0 5 4 1 2 0 1 0 1 2 0 0 0 0 1 0 0 0 0 
61 13 6 5 4 5 5 23 0 1 1 9 2 0 0 0 2 4 0 0 0 0 1 2 2 0 0 0 2 1 0 1 0 0 0 4 1 0 0 0 0 3 2 0 0 0 8 7 4 4 0 0 1 1 0 3 7 5 6 3 3 2 1 1 2 2 4 1 0 2 0 2 1 0 2 2 3 0 0 1 1 0 0 1 0 0 1 0 0 0 0 1 0 0 1 0 0 0 1 0 0 3 3 6 10 7 1 2 8 2 2 5 4 3 1 2 0 2 0 0 
22045 2646 2680 2787 2911 3093 3790 4138 32 157 502 919 758 278 24 174 532 815 802 333 50 207 484 865 864 317 41 204 573 884 857 352 41 259 510 859 995 429 37 267 632 1143 1095 616 39 197 681 1256 1242 723 0 420 1796 1981 1882 1590 1491 1397 2276 877 772 654 599 518 513 402 731 289 292 262 232 209 177 194 389 154 152 117 129 140 114 118 110 195 83 86 59 72 47 59 63 102 44 51 24 44 33 32 31 43 3539 4722 3548 2341 1920 1407 1005 779 615 489 408 287 221 181 168 121 110 70 56 58 
2200 177 329 355 358 355 402 224 7 11 42 61 40 16 15 47 104 92 55 16 11 46 113 107 55 23 13 56 98 100 73 18 7 37 111 99 72 29 24 33 117 123 71 34 11 20 37 72 62 22 0 36 143 255 254 223 179 153 219 97 74 60 67 37 42 35 59 18 23 15 13 21 11 9 19 8 15 5 4 14 15 9 6 15 1 7 3 4 3 3 3 4 4 2 1 3 0 2 4 3 205 422 509 325 195 140 91 66 56 46 42 16 14 14 20 11 10 6 7 5 
1614 160 206 224 239 241 298 246 6 15 36 49 39 15 4 17 40 74 47 24 4 17 52 74 64 13 7 22 45 78 70 17 4 18 52 75 70 22 4 16 49 105 87 37 6 17 62 69 64 28 0 37 127 125 143 121 113 113 166 67 60 66 51 33 41 31 60 28 19 14 32 13 14 8 20 7 7 5 5 6 8 5 6 10 2 8 4 2 1 6 5 6 1 2 4 3 0 4 2 3 155 271 273 252 174 110 87 63 55 35 31 29 23 7 7 13 9 9 5 6 
1248 165 108 140 135 178 235 287 5 5 28 55 56 16 4 14 20 32 25 13 3 15 17 44 54 7 4 9 21 48 38 15 4 8 29 49 58 30 2 8 41 76 70 38 3 5 58 94 99 28 0 14 59 92 77 94 106 95 149 67 56 48 44 35 34 26 50 11 19 15 13 13 4 8 13 10 7 6 12 5 5 8 5 11 4 1 4 4 2 5 4 3 1 2 1 2 0 2 1 1 105 192 172 176 161 132 100 50 40 23 24 17 14 4 7 7 5 13 4 2 
1118 161 120 111 104 127 190 305 12 6 28 57 39 19 1 7 19 39 42 12 3 5 20 43 27 13 1 1 18 24 44 16 2 3 19 41 43 19 0 4 32 42 62 50 0 9 47 86 121 42 0 6 41 65 82 80 70 63 128 72 58 44 32 40 38 32 53 19 17 14 11 11 8 21 16 15 2 5 3 7 3 4 8 9 7 3 6 0 1 5 1 7 5 1 0 1 2 1 1 0 79 147 171 111 116 108 107 70 60 45 32 12 19 6 8 6 11 4 2 4 
1552 208 149 180 158 191 286 380 2 3 27 92 68 16 1 7 30 48 50 13 0 8 31 55 63 23 2 8 31 46 46 25 3 9 27 52 68 32 2 8 32 78 98 68 6 16 60 132 120 46 0 14 68 97 126 128 101 86 169 86 72 50 59 45 40 40 54 29 24 18 13 15 19 23 33 12 12 12 4 14 2 6 4 8 3 6 5 5 6 6 3 5 3 3 4 1 6 2 2 9 132 170 244 240 153 133 125 99 69 49 44 19 21 13 14 10 6 4 6 1 
291 26 13 31 43 46 55 77 0 0 5 8 10 3 0 1 3 2 6 1 0 1 4 13 10 3 2 2 8 15 13 3 0 5 6 9 17 9 1 3 2 12 16 21 1 3 14 20 26 13 0 1 7 9 16 25 16 19 48 11 17 11 8 5 8 8 11 3 4 6 5 5 6 2 11 3 4 5 3 1 1 1 1 1 1 0 2 1 0 2 0 0 1 0 0 0 0 1 0 1 23 23 26 44 43 21 24 16 23 14 12 7 3 3 4 1 2 1 0 1 
73 11 2 11 5 15 11 18 0 2 2 4 3 0 0 0 1 0 1 0 0 1 1 5 3 1 1 0 0 1 3 0 0 0 3 4 5 3 0 1 1 4 1 4 0 1 4 4 4 5 0 1 5 1 4 2 7 4 2 4 2 3 3 5 3 5 1 1 2 2 1 0 1 2 3 0 1 0 0 1 0 0 0 0 0 1 0 0 0 1 1 2 0 0 1 1 0 0 0 0 3 9 6 6 11 5 7 4 7 2 4 1 0 1 3 1 1 1 0 1 
17 0 3 1 3 2 4 4 0 0 0 0 0 0 0 0 1 0 2 0 0 0 1 0 0 0 0 0 0 0 2 1 0 0 0 0 2 0 0 0 0 1 3 0 0 0 0 1 1 2 0 0 0 0 1 1 1 0 1 0 0 4 0 2 1 1 3 0 0 0 0 0 0 2 0 0 0 0 0 0 0 0 0 0 0 0 0 0 0 0 0 0 0 0 0 0 0 0 0 0 0 1 2 1 2 2 2 2 1 1 0 1 0 1 0 0 0 0 0 1 
37 6 3 3 3 4 7 11 0 1 0 2 2 1 0 0 0 3 0 0 0 0 0 3 0 0 0 0 0 1 1 1 0 1 0 1 1 1 0 1 0 1 4 1 1 1 3 4 2 0 0 0 0 0 0 0 2 2 2 4 2 1 3 3 3 1 2 0 2 1 1 2 0 0 0 1 0 0 0 0 0 1 0 0 1 0 0 0 0 0 0 0 2 0 0 0 0 0 0 1 1 0 4 0 1 3 2 5 5 2 3 1 3 4 1 0 0 1 0 1 
39921 5665 4188 4470 4449 5188 6796 9165 42 356 1201 1902 1510 654 27 242 869 1290 1199 561 39 280 810 1315 1324 702 44 279 858 1339 1317 612 63 258 903 1530 1617 817 60 355 1241 2123 1945 1072 50 416 1655 2807 2733 1504 0 676 3147 3697 3350 3138 2727 2336 3733 1453 1334 1228 1047 877 860 725 1271 543 534 490 448 412 405 408 685 306 307 289 282 246 223 198 205 363 157 162 147 186 138 145 118 207 124 96 102 77 74 80 78 87 7574 9536 6296 4218 2799 1921 1533 1265 965 776 721 472 419 328 302 218 187 158 137 96 
8522 1296 905 879 973 1040 1459 1970 14 123 317 401 311 130 6 72 233 230 241 123 9 40 155 272 266 137 12 48 191 273 278 171 10 52 173 290 312 203 11 89 299 401 390 269 23 155 389 561 527 315 0 121 479 660 767 756 650 520 871 351 291 303 263 179 172 159 241 126 96 84 93 90 83 71 140 79 59 67 60 48 60 35 44 59 37 36 22 35 39 33 26 51 17 25 16 23 20 15 16 34 1052 1894 1765 1104 631 402 313 258 212 156 180 119 88 76 72 62 42 46 27 22 
8914 1537 715 763 871 944 1525 2559 9 80 438 575 365 70 4 31 180 248 205 47 5 26 116 240 269 107 3 58 140 290 265 115 4 46 150 305 298 141 8 60 308 519 406 224 11 158 591 880 683 236 0 157 566 684 629 608 606 554 1015 407 386 324 279 237 193 187 292 141 114 115 104 101 95 76 119 55 58 55 55 54 46 45 44 80 36 35 33 36 15 32 25 56 25 26 19 16 21 18 18 22 1035 1611 1500 1353 983 620 401 267 237 180 144 136 96 75 71 64 35 38 34 34 
12499 2110 969 1207 1356 1316 2096 3445 14 106 499 806 560 125 2 53 148 343 328 95 3 38 177 328 457 204 4 64 207 451 438 192 10 46 211 394 450 205 9 63 317 667 674 366 15 132 693 1142 1028 435 0 198 764 796 877 808 829 781 1398 602 513 454 379 333 330 282 492 180 183 147 156 138 129 114 223 111 83 102 71 68 85 66 77 118 62 56 39 68 36 43 38 84 34 25 25 18 22 23 20 19 1527 1785 1811 1735 1490 1106 764 461 364 291 269 199 160 118 90 105 77 63 49 35 
1835 278 140 166 236 201 322 492 1 11 73 110 65 18 3 6 33 44 42 12 3 8 42 54 46 13 6 17 52 75 55 31 1 18 42 60 57 23 3 10 63 97 95 54 1 26 110 163 131 61 0 20 111 134 138 121 149 110 190 66 76 58 60 57 55 28 79 24 34 24 25 19 25 20 25 15 11 17 12 7 11 9 8 13 7 7 7 7 7 4 5 9 5 6 2 4 6 0 2 6 163 328 240 222 180 174 155 82 58 59 41 28 23 24 19 9 13 4 7 6 
278 30 30 29 34 33 40 82 0 0 11 11 4 4 3 3 6 6 11 1 3 2 9 8 4 3 4 4 6 6 8 6 3 0 5 5 11 9 0 2 7 17 8 6 1 6 12 21 26 16 0 1 4 19 16 23 21 21 29 15 12 18 13 9 11 5 16 2 3 4 4 4 3 2 2 3 0 1 2 0 1 3 3 1 2 1 0 1 0 1 0 0 0 0 0 0 0 0 1 1 13 25 39 41 41 27 30 12 16 6 7 6 3 4 3 2 1 1 1 0 
248 39 27 21 25 44 28 64 0 3 7 18 7 4 1 3 4 8 7 4 1 3 2 0 12 3 0 2 0 3 15 5 1 0 3 15 17 8 1 0 6 4 7 10 1 4 11 17 17 14 0 2 5 11 9 15 10 12 24 14 13 18 13 5 5 7 11 7 2 6 7 4 2 1 10 0 5 1 5 1 2 1 3 1 1 2 3 2 0 1 2 2 0 1 0 0 0 0 1 1 12 15 23 18 32 28 20 21 25 8 11 6 10 5 3 3 1 3 3 1 
212 35 21 27 19 20 31 59 1 3 8 12 7 4 0 1 2 4 10 4 1 1 6 8 7 4 0 1 4 4 8 2 0 3 3 6 5 3 0 0 3 7 12 9 0 5 7 18 18 11 0 1 6 8 11 10 7 11 18 8 20 8 7 14 7 5 11 1 7 5 1 4 3 3 7 1 0 2 2 0 2 2 0 3 2 4 1 0 4 3 0 2 0 0 1 0 0 0 0 0 15 16 13 17 24 17 22 19 26 6 8 4 5 4 4 2 1 3 1 5 
197 42 18 24 15 18 21 59 0 2 2 24 10 4 0 2 3 1 8 4 0 1 0 9 11 3 0 0 0 3 10 2 0 0 2 1 7 8 0 0 3 3 7 8 0 1 9 17 19 13 0 2 8 7 13 8 9 9 14 7 11 8 10 6 16 10 13 4 5 6 1 5 1 1 4 1 2 0 0 3 1 1 1 2 1 1 0 1 1 1 0 0 0 0 2 1 0 0 0 0 19 28 17 9 9 13 16 23 13 10 3 12 10 5 1 1 2 2 2 2 
281 51 27 37 19 36 37 74 0 2 10 19 12 8 0 0 2 3 17 5 0 0 8 6 14 9 0 0 0 7 7 5 0 0 3 12 14 7 0 5 3 7 17 5 0 1 6 32 29 6 0 2 13 11 18 4 12 11 25 10 13 4 7 9 15 8 22 13 5 8 5 7 6 1 8 5 4 4 4 2 1 2 1 4 2 2 3 2 0 0 1 1 0 0 3 0 0 0 2 1 20 32 27 19 14 16 14 20 14 21 20 16 12 13 6 14 0 1 1 1 
43621 7178 4499 4133 4535 5152 7373 10751 58 399 1827 2730 1715 449 40 275 1042 1534 1159 449 47 263 856 1230 1237 500 60 298 905 1424 1352 496 49 322 996 1615 1530 640 58 352 1442 2525 2061 935 50 556 2332 3914 2801 1098 0 702 2940 3510 3504 3237 3056 2545 4156 1710 1450 1371 1219 1044 959 801 1511 643 640 563 545 465 451 453 828 384 341 321 308 296 286 258 221 445 218 197 207 163 189 176 161 284 119 123 124 99 95 85 109 109 6805 9801 7728 4986 3375 2356 1809 1276 1075 900 777 547 500 382 355 279 206 192 140 132 
15345 2630 1403 1499 1718 1832 2508 3755 34 82 407 959 882 266 31 92 301 394 394 191 34 108 250 451 439 217 42 116 296 512 521 231 35 106 311 461 623 296 36 126 401 762 723 460 37 164 656 1208 1181 509 0 342 1085 1034 989 830 783 722 1245 535 437 417 404 371 344 312 578 285 260 235 216 235 229 202 389 211 182 187 156 157 138 106 139 253 135 105 115 87 96 89 76 146 74 81 57 61 51 56 49 59 2014 2877 2257 1734 1179 926 719 586 565 403 408 337 276 252 204 159 155 121 92 81 
8069 1351 779 915 969 952 1417 1686 13 55 192 499 469 123 15 28 138 265 246 87 12 19 116 311 344 113 15 39 105 304 377 129 8 20 117 263 392 152 15 26 195 431 526 224 26 74 312 583 481 210 0 131 488 520 410 334 317 285 479 235 168 182 174 185 145 156 323 143 137 129 137 133 160 134 272 142 138 126 142 105 128 99 112 195 85 93 84 80 68 72 60 117 62 68 55 51 51 53 51 55 858 1117 929 733 575 422 457 395 352 357 368 256 278 213 186 167 129 118 90 69 
3004 502 297 347 406 298 461 693 14 21 58 161 166 82 8 7 26 65 105 86 4 8 30 69 161 75 3 7 22 99 171 104 4 6 31 69 114 74 3 1 36 81 195 145 4 34 93 214 207 141 0 37 102 121 143 129 137 142 202 102 114 112 93 73 77 64 126 58 60 61 51 46 39 51 96 52 39 31 37 23 20 41 38 71 30 28 27 30 29 23 19 38 24 25 22 26 23 19 22 31 301 442 326 312 239 215 191 153 129 114 103 98 85 76 51 60 33 33 20 23 
787 151 77 56 112 85 113 193 2 7 25 62 43 12 1 4 20 21 20 11 0 4 7 19 20 6 1 2 8 28 50 23 0 6 19 27 24 9 4 5 7 29 35 33 1 8 30 68 62 24 0 10 38 56 66 49 36 55 80 32 36 22 29 20 20 18 33 19 10 14 11 10 10 8 17 5 4 4 1 2 5 3 1 10 6 6 0 2 4 3 2 6 4 3 9 0 4 3 0 1 77 97 135 91 81 66 55 46 34 23 17 9 18 11 4 7 7 3 3 3 
1341 160 115 167 166 152 275 306 0 10 36 56 44 14 7 9 27 36 24 12 9 15 38 39 51 15 10 8 39 43 52 14 9 2 34 50 44 13 14 14 60 75 62 50 2 15 77 89 92 31 0 23 69 81 98 87 104 91 131 57 54 49 44 33 34 40 57 22 27 27 22 14 6 15 18 9 9 9 8 7 8 10 10 9 3 5 5 5 4 1 4 12 5 0 3 1 2 1 2 6 96 138 205 177 150 120 100 77 67 52 42 25 25 18 15 10 4 7 7 6 
363 58 19 43 40 44 56 103 0 3 16 18 14 7 0 2 3 6 7 1 0 2 5 20 12 4 0 1 7 9 11 12 1 1 3 7 23 9 0 3 3 14 22 14 0 1 8 24 42 28 0 1 11 12 14 19 22 26 45 27 18 13 13 8 12 20 20 6 3 5 3 6 4 2 7 1 7 1 4 2 2 1 5 2 0 5 2 2 2 2 1 1 1 1 1 0 3 0 0 0 19 23 26 41 41 37 43 31 28 20 16 11 6 5 3 4 1 7 1 0 
661 139 55 71 64 69 99 164 6 5 23 43 43 19 1 1 1 12 24 16 1 3 10 19 29 9 2 3 11 18 20 10 0 3 14 19 20 13 3 7 7 21 41 20 1 3 27 43 59 31 0 2 15 22 28 36 32 35 71 24 30 36 33 32 18 28 47 13 18 9 15 15 2 8 18 5 3 2 3 2 3 3 2 12 2 1 3 3 6 7 2 2 1 2 0 1 3 2 2 2 35 50 65 61 51 73 43 57 59 47 38 27 9 15 11 7 4 2 3 4 
106 19 11 11 17 12 10 26 0 1 7 6 1 4 0 1 2 3 2 3 0 0 1 4 3 3 1 0 1 6 6 3 0 3 0 5 3 1 1 0 1 3 4 1 1 0 1 7 11 6 0 0 3 5 6 8 6 8 10 3 4 1 4 2 6 0 9 3 2 2 1 2 2 1 6 1 2 1 1 1 1 0 0 0 0 0 1 0 1 1 0 1 1 0 0 0 0 0 0 0 7 14 12 12 7 10 3 3 9 6 7 1 4 2 0 3 3 1 1 1 
170 16 27 23 28 27 23 26 1 1 4 4 5 1 0 1 6 5 10 5 1 0 5 8 8 1 0 0 9 6 9 4 1 0 5 6 4 11 0 0 4 8 7 4 0 0 3 4 13 6 0 0 6 3 4 9 4 3 14 11 9 6 8 8 5 11 22 5 10 7 6 2 3 1 3 1 0 1 1 1 0 0 2 1 0 0 0 0 0 0 1 0 0 0 0 1 1 0 0 0 5 10 10 7 5 5 8 15 19 14 14 14 15 10 8 4 4 2 1 0 
