7 13  45.0 38.226 -85.775  38.265 -85.726  4.89
1 14  31.0 38.22 -85.766  38.21 -85.73  3.2
5 15  16.0 38.206 -85.765  38.216 -85.729  2.47
7 13  44.0 38.222 -85.768  38.265 -85.726  4.99
4 14  40.0 38.218 -85.765  38.261 -85.728  4.54
6 16  19.0 38.22 -85.761  38.218 -85.73  2.76
1 16  11.0 38.256 -85.762  38.263 -85.729  2.18
1 14  31.0 38.218 -85.763  38.209 -85.727  3.3
1 14  32.0 38.215 -85.762  38.206 -85.726  3.24
6 10  17.0 38.224 -85.758  38.202 -85.73  2.61
2 20  36.0 38.226 -85.761  38.219 -85.727  3.1
5 18  30.0 38.221 -85.763  38.264 -85.725  4.598
7 13  40.0 38.251 -85.758  38.263 -85.73  2.51
7 14  18.0 38.243 -85.759  38.261 -85.728  2.45
1 16  27.0 38.253 -85.76  38.267 -85.727  2.48
6 12  13.0 38.256 -85.762  38.265 -85.725  2.36
4 3  21.0 38.241 -85.757  38.262 -85.729  2.65
4 16  34.0 38.254 -85.756  38.264 -85.73  3.29
4 14  21.0 38.232 -85.759  38.265 -85.726  3.13
3 17  13.0 38.249 -85.756  38.261 -85.729  2.26
1 16  35.0 38.252 -85.757  38.264 -85.728  2.83
6 13  12.0 38.253 -85.757  38.264 -85.728  2.11
7 17  13.0 38.253 -85.757  38.264 -85.728  2.24
3 17  16.0 38.253 -85.757  38.264 -85.728  0.249
4 17  24.0 38.252 -85.755  38.265 -85.73  2.05
7 20  29.0 38.253 -85.757  38.264 -85.728  1.118
7 20  29.0 38.253 -85.757  38.264 -85.728  2.051
6 15  27.0 38.219 -85.755  38.219 -85.729  2.796
3 11  33.0 38.249 -85.757  38.262 -85.727  3.29
7 10  24.0 38.25 -85.756  38.264 -85.728  2.36
3 14  13.0 38.254 -85.759  38.262 -85.725  2.06
5 13  13.0 38.253 -85.759  38.265 -85.725  2.12
5 12  43.0 38.253 -85.759  38.265 -85.725  3.58
5 17  17.0 38.255 -85.758  38.264 -85.726  0.373
7 12  19.0 38.255 -85.758  38.265 -85.726  1.97
7 9  11.0 38.225 -85.756  38.216 -85.727  1.84
7 21  31.0 38.248 -85.756  38.263 -85.727  2.68
7 10  25.0 38.249 -85.757  38.264 -85.726  2.78
7 15  27.0 38.251 -85.755  38.262 -85.728  2.66
2 17  17.0 38.252 -85.755  38.264 -85.728  2.24
7 11  19.0 38.252 -85.753  38.266 -85.73  2.02
4 19  24.0 38.253 -85.757  38.265 -85.726  3.56
7 13  14.0 38.256 -85.755  38.264 -85.728  1.74
7 6  37.0 38.247 -85.757  38.265 -85.725  2.57
6 14  17.0 38.253 -85.754  38.264 -85.728  2.02
1 17  18.0 38.253 -85.754  38.264 -85.728  2.31
5 17  13.0 38.253 -85.757  38.265 -85.725  2.423
4 19  14.0 38.253 -85.757  38.265 -85.725  2.4
6 13  14.0 38.253 -85.757  38.265 -85.725  2.423
4 23  15.0 38.253 -85.757  38.265 -85.725  2.548
3 13  20.0 38.253 -85.757  38.265 -85.725  2.07
4 19  24.0 38.253 -85.757  38.265 -85.725  3.64
3 16  37.0 38.253 -85.757  38.265 -85.725  2.41
7 12  51.0 38.253 -85.757  38.265 -85.725  3.27
2 20  20.0 38.255 -85.755  38.264 -85.727  2.424
6 11  26.0 38.256 -85.756  38.264 -85.726  3.46
6 8  13.0 38.228 -85.751  38.213 -85.73  2.27
4 3  27.0 38.228 -85.752  38.219 -85.729  2.01
1 12  53.0 38.25 -85.756  38.264 -85.725  4.17
2 17  19.0 38.254 -85.751  38.264 -85.73  1.51
4 19  24.0 38.253 -85.754  38.265 -85.727  3.63
6 17  16.0 38.256 -85.753  38.263 -85.728  1.74
3 17  13.0 38.255 -85.756  38.265 -85.725  2.49
4 14  8.0 38.257 -85.753  38.264 -85.728  1.57
4 17  11.0 38.257 -85.753  38.264 -85.728  1.41
5 18  11.0 38.257 -85.753  38.264 -85.728  1.42
3 19  12.0 38.255 -85.755  38.266 -85.726  2.02
6 14  18.0 38.252 -85.752  38.264 -85.728  2.03
4 17  10.0 38.254 -85.75  38.263 -85.73  1.74
4 12  22.0 38.255 -85.752  38.263 -85.728  2.08
1 14  22.0 38.256 -85.751  38.263 -85.729  1.926
5 17  7.0 38.256 -85.752  38.264 -85.728  1.32
2 13  13.0 38.256 -85.753  38.264 -85.727  1.54
4 17  21.0 38.256 -85.752  38.264 -85.728  1.767
4 12  21.0 38.256 -85.752  38.264 -85.728  2.11
2 17  52.0 38.256 -85.752  38.264 -85.728  1.988
2 17  9.0 38.257 -85.752  38.264 -85.728  1.35
5 17  10.0 38.257 -85.752  38.264 -85.728  1.31
4 17  11.0 38.257 -85.752  38.264 -85.728  1.44
3 18  13.0 38.257 -85.751  38.264 -85.729  1.37
3 19  13.0 38.256 -85.753  38.265 -85.727  1.94
5 17  16.0 38.252 -85.754  38.264 -85.725  2.24
2 19  11.0 38.256 -85.751  38.263 -85.728  1.38
5 18  11.0 38.254 -85.753  38.265 -85.726  1.59
6 14  38.0 38.255 -85.752  38.264 -85.727  1.55
2 13  27.0 38.256 -85.751  38.264 -85.728  1.55
7 14  47.0 38.256 -85.751  38.264 -85.728  3.59
3 15  8.0 38.257 -85.751  38.264 -85.728  1.32
1 10  20.0 38.219 -85.748  38.217 -85.73  1.13
5 4  29.0 38.246 -85.753  38.202 -85.725  3.74
4 8  9.0 38.255 -85.749  38.264 -85.729  1.69
7 15  14.0 38.258 -85.752  38.261 -85.726  1.66
1 20  54.0 38.255 -85.751  38.264 -85.727  2.83
6 16  18.0 38.257 -85.75  38.263 -85.728  1.99
5 14  9.0 38.257 -85.75  38.264 -85.728  1.46
5 14  9.0 38.256 -85.752  38.265 -85.726  1.53
4 18  10.0 38.257 -85.751  38.264 -85.727  1.39
4 14  11.0 38.256 -85.753  38.265 -85.725  1.88
6 18  12.0 38.256 -85.752  38.265 -85.726  1.52
5 17  12.0 38.256 -85.752  38.265 -85.726  1.81
3 14  13.0 38.256 -85.752  38.265 -85.726  1.541
1 12  13.0 38.256 -85.753  38.265 -85.725  1.87
2 16  13.0 38.256 -85.753  38.265 -85.725  1.87
6 16  22.0 38.213 -85.747  38.212 -85.73  1.9
1 9  25.0 38.251 -85.747  38.263 -85.73  2.59
5 8  8.0 38.255 -85.748  38.261 -85.729  1.27
7 13  14.0 38.254 -85.752  38.262 -85.725  1.74
7 23  19.0 38.254 -85.75  38.263 -85.727  2.734
6 17  21.0 38.255 -85.75  38.263 -85.727  1.8
6 20  10.0 38.256 -85.749  38.264 -85.728  1.56
5 17  17.0 38.256 -85.751  38.264 -85.726  2.0
2 8  19.0 38.255 -85.75  38.265 -85.727  2.71
7 20  10.0 38.257 -85.75  38.264 -85.727  1.74
3 9  12.0 38.256 -85.752  38.265 -85.725  1.68
6 16  8.0 38.216 -85.746  38.21 -85.73  0.96
5 12  15.0 38.215 -85.746  38.212 -85.73  1.05
7 12  18.0 38.215 -85.746  38.212 -85.73  0.372
5 19  20.0 38.256 -85.746  38.264 -85.73  0.94
6 16  7.0 38.258 -85.746  38.263 -85.73  1.01
6 13  9.0 38.257 -85.749  38.264 -85.727  1.43
7 14  11.0 38.257 -85.746  38.264 -85.73  1.12
4 17  11.0 38.256 -85.75  38.265 -85.726  1.38
3 17  11.0 38.256 -85.75  38.265 -85.726  1.56
6 17  11.0 38.256 -85.75  38.265 -85.726  1.61
6 14  37.0 38.246 -85.75  38.192 -85.725  4.79
6 10  16.0 38.246 -85.747  38.264 -85.728  1.85
1 19  31.0 38.253 -85.745  38.261 -85.73  1.553
1 16  14.0 38.254 -85.746  38.261 -85.729  1.19
2 20  25.0 38.253 -85.747  38.264 -85.728  3.08
2 19  10.0 38.253 -85.749  38.265 -85.726  1.53
2 18  11.0 38.253 -85.749  38.265 -85.726  2.01
6 19  12.0 38.256 -85.745  38.262 -85.73  1.41
2 17  14.0 38.254 -85.749  38.265 -85.726  1.94
2 16  23.0 38.256 -85.747  38.264 -85.728  2.02
1 14  47.0 38.257 -85.747  38.263 -85.728  3.85
2 13  48.0 38.256 -85.749  38.264 -85.726  2.01
1 19  7.0 38.258 -85.745  38.263 -85.73  1.03
7 9  10.0 38.258 -85.745  38.263 -85.73  1.19
3 16  10.0 38.258 -85.748  38.263 -85.727  1.39
5 13  10.0 38.256 -85.75  38.265 -85.725  1.51
2 13  16.0 38.215 -85.744  38.212 -85.73  2.81
5 15  49.0 38.247 -85.744  38.201 -85.73  4.07
6 19  10.0 38.252 -85.748  38.264 -85.726  1.35
2 16  21.0 38.253 -85.748  38.264 -85.726  2.16
7 21  25.0 38.254 -85.746  38.263 -85.728  1.491
4 19  17.0 38.256 -85.744  38.263 -85.73  0.87
2 6  17.0 38.253 -85.749  38.266 -85.725  2.41
5 16  40.0 38.257 -85.747  38.262 -85.727  1.58
7 14  47.0 38.255 -85.744  38.264 -85.73  2.49
4 20  14.0 38.257 -85.746  38.263 -85.728  1.32
1 13  27.0 38.258 -85.745  38.262 -85.729  1.73
5 14  27.0 38.217 -85.744  38.205 -85.729  2.46
4 12  9.0 38.216 -85.744  38.21 -85.729  1.68
4 12  11.0 38.211 -85.746  38.215 -85.727  1.73
5 20  23.0 38.215 -85.743  38.211 -85.73  0.76
7 8  13.0 38.219 -85.745  38.211 -85.728  1.25
5 16  7.0 38.217 -85.744  38.214 -85.729  0.88
4 15  9.0 38.252 -85.743  38.264 -85.73  0.99
3 11  5.0 38.255 -85.745  38.264 -85.728  0.96
6 20  8.0 38.255 -85.745  38.264 -85.728  1.39
7 6  13.0 38.256 -85.748  38.263 -85.725  1.57
2 17  18.0 38.256 -85.746  38.263 -85.727  2.29
3 8  26.0 38.256 -85.746  38.264 -85.727  2.17
7 17  10.0 38.257 -85.745  38.264 -85.728  1.25
7 12  12.0 38.257 -85.745  38.264 -85.728  1.41
5 10  5.0 38.213 -85.742  38.211 -85.73  0.47
3 7  10.0 38.216 -85.743  38.212 -85.729  1.32
6 14  13.0 38.219 -85.742  38.212 -85.73  0.95
1 19  21.0 38.243 -85.746  38.194 -85.726  4.2
5 9  8.0 38.253 -85.747  38.261 -85.725  1.47
1 11  12.0 38.253 -85.742  38.263 -85.73  1.03
4 19  18.0 38.251 -85.747  38.265 -85.725  1.056
3 8  25.0 38.2