2 19  43.0 38.255 -85.764  38.258 -85.733  2.62
1 13  20.0 38.258 -85.762  38.256 -85.735  2.05
1 13  23.0 38.257 -85.763  38.256 -85.732  2.49
1 13  25.0 38.257 -85.763  38.256 -85.732  3.11
1 15  25.0 38.258 -85.763  38.257 -85.732  2.36
5 14  43.0 38.259 -85.761  38.256 -85.734  2.92
4 8  28.0 38.26 -85.764  38.256 -85.731  2.62
6 15  24.0 38.217 -85.763  38.256 -85.731  3.74
2 10  16.0 38.252 -85.762  38.256 -85.732  1.82
7 15  19.0 38.255 -85.763  38.256 -85.731  2.22
1 20  18.0 38.256 -85.763  38.256 -85.731  1.97
3 8  34.0 38.257 -85.763  38.256 -85.731  3.32
7 20  23.0 38.233 -85.762  38.256 -85.731  3.045
5 8  31.0 38.251 -85.759  38.256 -85.734  2.01
7 10  14.0 38.256 -85.762  38.256 -85.731  1.91
7 21  19.0 38.257 -85.762  38.256 -85.731  1.553
1 15  20.0 38.257 -85.762  38.256 -85.731  2.61
6 13  15.0 38.247 -85.759  38.258 -85.733  2.07
6 15  18.0 38.251 -85.759  38.256 -85.733  2.485
3 13  10.0 38.253 -85.758  38.256 -85.734  1.97
1 14  29.0 38.253 -85.759  38.259 -85.733  2.8
4 15  16.0 38.257 -85.761  38.256 -85.731  1.97
5 6  9.0 38.258 -85.758  38.257 -85.734  1.32
2 2  24.0 38.229 -85.757  38.257 -85.734  3.31
5 20  15.0 38.246 -85.76  38.256 -85.731  2.42
3 11  16.0 38.253 -85.757  38.256 -85.734  1.32
4 19  40.0 38.252 -85.757  38.257 -85.734  3.15
7 16  17.0 38.254 -85.759  38.256 -85.732  1.65
7 20  12.0 38.254 -85.757  38.258 -85.734  1.59
4 15  17.0 38.256 -85.76  38.256 -85.731  2.14
3 17  35.0 38.252 -85.756  38.26 -85.735  2.3
2 8  8.0 38.257 -85.756  38.256 -85.735  1.08
7 17  23.0 38.255 -85.756  38.258 -85.735  2.175
5 20  16.0 38.258 -85.756  38.256 -85.735  1.37
4 13  20.0 38.257 -85.76  38.257 -85.731  1.586
3 16  12.0 38.256 -85.759  38.26 -85.732  0.311
1 11  20.0 38.26 -85.757  38.256 -85.734  1.74
7 17  12.0 38.245 -85.757  38.256 -85.733  2.16
3 17  50.0 38.249 -85.758  38.256 -85.732  2.61
2 18  16.0 38.25 -85.759  38.256 -85.731  1.988
1 12  27.0 38.249 -85.755  38.259 -85.735  3.231
1 7  13.0 38.253 -85.757  38.256 -85.733  1.39
6 21  25.0 38.257 -85.757  38.256 -85.733  1.864
5 17  21.0 38.226 -85.757  38.256 -85.732  3.43
2 20  20.0 38.236 -85.754  38.259 -85.735  3.05
7 13  24.0 38.246 -85.758  38.256 -85.731  2.1
6 20  12.0 38.25 -85.754  38.258 -85.735  1.66
2 18  21.0 38.252 -85.758  38.256 -85.731  0.062
6 15  19.0 38.253 -85.756  38.256 -85.733  2.051
7 23  20.0 38.253 -85.757  38.256 -85.732  0.932
2 10  12.0 38.254 -85.756  38.256 -85.733  1.68
7 9  17.0 38.255 -85.758  38.256 -85.731  1.73
4 11  18.0 38.255 -85.758  38.256 -85.731  1.89
4 19  18.0 38.255 -85.758  38.256 -85.731  4.4
4 19  19.0 38.256 -85.758  38.256 -85.731  1.74
6 23  27.0 38.252 -85.755  38.26 -85.734  3.107
7 13  35.0 38.255 -85.757  38.257 -85.732  1.553
7 16  10.0 38.257 -85.757  38.256 -85.732  1.76
6 21  23.0 38.258 -85.756  38.256 -85.733  1.864
6 19  29.0 38.254 -85.756  38.26 -85.733  2.78
4 19  9.0 38.257 -85.755  38.258 -85.734  1.63
7 11  37.0 38.259 -85.758  38.256 -85.731  1.678
4 19  20.0 38.224 -85.753  38.257 -85.735  2.113
3 14  40.0 38.243 -85.755  38.258 -85.733  2.28
6 13  15.0 38.246 -85.757  38.256 -85.731  1.8
6 2  11.0 38.249 -85.754  38.256 -85.734  2.28
6 18  12.0 38.245 -85.753  38.26 -85.735  1.86
7 18  10.0 38.251 -85.757  38.256 -85.731  0.062
7 7  13.0 38.253 -85.757  38.256 -85.731  1.56
4 16  14.0 38.253 -85.754  38.256 -85.734  0.87
6 23  14.0 38.253 -85.757  38.256 -85.731  1.802
6 23  17.0 38.253 -85.757  38.256 -85.731  1.553
2 11  17.0 38.253 -85.757  38.256 -85.731  1.84
2 11  17.0 38.253 -85.757  38.256 -85.731  2.16
6 15  50.0 38.253 -85.753  38.256 -85.735  4.26
4 15  20.0 38.256 -85.757  38.256 -85.731  1.46
7 17  18.0 38.258 -85.757  38.256 -85.731  1.88
6 21  25.0 38.259 -85.757  38.256 -85.731  2.051
4 8  15.0 38.23 -85.754  38.26 -85.733  1.37
5 16  14.0 38.245 -85.756  38.256 -85.731  2.17
1 13  20.0 38.246 -85.756  38.256 -85.731  2.04
6 22  18.0 38.248 -85.756  38.256 -85.731  2.04
1 13  52.0 38.251 -85.752  38.258 -85.735  3.35
6 12  21.0 38.25 -85.753  38.26 -85.734  2.113
1 17  13.0 38.256 -85.753  38.256 -85.734  1.15
5 14  9.0 38.257 -85.753  38.256 -85.734  1.45
6 17  19.0 38.257 -85.753  38.256 -85.734  1.24
7 11  33.0 38.257 -85.756  38.257 -85.731  2.29
7 19  38.0 38.258 -85.756  38.256 -85.731  4.71
7 13  26.0 38.255 -85.753  38.26 -85.734  2.17
1 16  14.0 38.247 -85.755  38.256 -85.731  1.89
5 18  14.0 38.248 -85.754  38.258 -85.732  1.99
3 16  8.0 38.253 -85.753  38.256 -85.733  1.61
4 22  22.0 38.254 -85.751  38.256 -85.735  1.616
7 7  13.0 38.255 -85.755  38.256 -85.731  1.57
7 13  11.0 38.256 -85.752  38.256 -85.734  1.14
7 15  22.0 38.254 -85.752  38.258 -85.734  2.299
3 8  6.0 38.257 -85.753  38.256 -85.733  1.27
2 11  10.0 38.257 -85.754  38.256 -85.732  1.553
4 20  19.0 38.254 -85.751  38.259 -85.735  1.988
3 13  50.0 38.257 -85.755  38.256 -85.731  3.11
3 13  18.0 38.256 -85.753  38.259 -85.733  1.41
4 17  25.0 38.257 -85.751  38.258 -85.735  1.21
4 16  14.0 38.258 -85.755  38.259 -85.731  1.91
7 13  24.0 38.257 -85.753  38.26 -85.733  1.97
1 12  29.0 38.244 -85.752  38.26 -85.733  2.548
4 15  8.0 38.25 -85.751  38.256 -85.734  0.87
5 19  22.0 38.25 -85.754  38.256 -85.731  1.61
4 19  11.0 38.251 -85.754  38.256 -85.731  1.698
5 19  20.0 38.251 -85.754  38.256 -85.731  1.98
1 9  11.0 38.252 -85.754  38.256 -85.731  1.62
2 7  16.0 38.249 -85.754  38.259 -85.731  1.52
7 12  23.0 38.252 -85.75  38.256 -85.735  1.616
4 17  24.0 38.252 -85.754  38.256 -85.731  2.4
5 8  26.0 38.252 -85.754  38.256 -85.731  1.97
5 8  27.0 38.252 -85.754  38.256 -85.731  1.89
5 17  50.0 38.253 -85.754  38.256 -85.731  1.85
7 1  8.0 38.25 -85.751  38.26 -85.734  1.38
1 12  43.0 38.25 -85.752  38.26 -85.733  3.41
3 16  6.0 38.257 -85.752  38.256 -85.733  1.25
5 21  7.0 38.257 -85.752  38.256 -85.733  1.26
4 17  12.0 38.257 -85.754  38.256 -85.731  1.435
6 17  16.0 38.257 -85.754  38.256 -85.731  1.29
7 14  27.0 38.254 -85.753  38.259 -85.732  1.26
2 15  18.0 38.257 -85.75  38.258 -85.735  1.678
7 15  28.0 38.259 -85.751  38.256 -85.734  4.101
6 22  8.0 38.257 -85.751  38.26 -85.734  1.22
7 18  15.0 38.252 -85.753  38.256 -85.731  1.91
1 14  18.0 38.252 -85.753  38.256 -85.731  1.96
6 20  27.0 38.253 -85.753  38.256 -85.731  2.796
7 21  28.0 38.251 -85.749  38.259 -85.735  2.2
7 15  5.0 38.255 -85.749  38.256 -85.735  0.65
4 15  6.0 38.255 -85.751  38.256 -85.733  1.28
4 12  9.0 38.256 -85.752  38.256 -85.732  1.085
1 14  11.0 38.256 -85.753  38.256 -85.731  1.46
1 14  14.0 38.256 -85.753  38.256 -85.731  1.305
6 17  14.0 38.256 -85.753  38.256 -85.731  1.42
4 16  21.0 38.254 -85.751  38.258 -85.733  2.28
2 16  6.0 38.257 -85.749  38.256 -85.735  0.802
5 15  9.0 38.257 -85.753  38.256 -85.731  1.17
5 15  10.0 38.257 -85.753  38.256 -85.731  1.17
5 15  10.0 38.257 -85.753  38.256 -85.731  1.34
5 17  31.0 38.257 -85.753  38.256 -85.731  1.32
7 19  9.0 38.256 -85.75  38.258 -85.734  1.03
1 14  13.0 38.258 -85.753  38.256 -85.731  1.77
1 8  6.0 38.259 -85.749  38.256 -85.735  0.76
5 14  9.0 38.259 -85.75  38.256 -85.734  1.18
4 15  24.0 38.26 -85.753  38.256 -85.731  1.45
3 17  26.0 38.258 -85.749  38.26 -85.735  2.099
1 12  24.0 38.243 -85.75  38.259 -85.733  0.559
4 19  11.0 38.254 -85.751  38.256 -85.732  1.056
4 18  10.0 38.256 -85.752  38.256 -85.731  1.29
6 17  11.0 38.255 -85.748  38.257 -85.735  0.97
7 13  12.0 38.256 -85.752  38.256 -85.731  1.62
4 19  14.0 38.256 -85.752  38.256 -85.731  1.429
2 13  17.0 38.256 -85.752  38.256 -85.731  1.64
6 18  18.0 38.256 -85.752  38.256 -85.731  1.58
7 20  19.0 38.256 -85.752  38.256 -85.731  1.86
7 20  21.0 38.256 -85.752  38.256 -85.731  0.994
7 14  21.0 38.256 -85.752  38.256 -85.731  1.37
5 8  23.0 38.256 -85.752  38.256 -85.731  1.53
7 17  39.0 38.256 -85.752  38.256 -85.731  4.039
5 14  8.0 38.255 -85.75  38.258 -85.733  1.18
1 18  9.0 38.257 -85.751  38.256 -85.732  1.14
5 18  9.0 38.257 -85.752  38.256 -85.731  1.29
4 19  10.0 38.257 -85.752  38.256 -85.731  1.32
4 19  11.0 38.257 -85.752  38.256 -85.731  1.23
7 13  5.0 38.259 -85.749  38.259 -85.734  1.05
6 7  8.0 38.245 -85.748  38.256 -85.734  1.51
4 21  21.0 38.253 -85.751  38.256 -85.731  1.864
6 11  32.0 38.253 -85.751  38.256 -85.731  1.95
4 19  20.0 38.254 -85.751  38.256 -85.731  1.429
6 9  7.0 38.252 -85.747  38.259 -85.735  0.89
4 12  4.0 38.257 -85.747  38.256 -85.735  0.56
2 11  15.0 38.257 -85.751  38.256 -85.731  1.1
7 17  29.0 38.257 -85.751  38.256 -85.731  3.83
6 12  31.0 38.257 -85.747  38.256 -85.735  4.3
5 8  8.0 38.258 -85.751  38.256 -85.731  1.39
1 11  12.0 38.258 -85.748  38.256 -85.734  1.32
7 19  34.0 38.258 -85.747  38.258 -85.735  2.485
1 11  40.0 38.259 -85.748  38.257 -85.734  1.47
6 21  13.0 38.26 -85.747  38.258 -85.735  1.181
2 4  8.0 38.242 -85.747  38.256 -85.734  1.44
3 7  10.0 38.244 -85.747  38.256 -85.734  1.43
6 18  12.0 38.251 -85.75  38.256 -85.731  0.311
5 6  5.0 38.254 -85.747  38.256 -85.734  0.77
4 10  38.0 38.253 -85.746  38.258 -85.735  3.37
6 0  15.0 38.256 -85.75  38.256 -85.731  1.15
6 0  17.0 38.256 -85.75  38.256 -85.731  1.12
6 10  50.0 38.257 -85.75  38.256 -85.731  4.97
2 14  8.0 38.258 -85.747  38.256 -85.734  0.87
2 14  9.0 38.258 -85.747  38.256 -85.734  0.87
4 19  11.0 38.254 -85.747  38.26 -85.734  1.58
7 6  13.0 38.258 -85.746  38.256 -85.735  0.7
7 17  20.0 38.258 -85.747  38.256 -85.734  1.811
1 14  5.0 38.258 -85.746  38.26 -85.735  0.74
5 19  4.0 38.254 -85.745  38.256 -85.735  0.7
7 8  10.0 38.254 -85.745  38.256 -85.735  0.746
5 7  14.0 38.254 -85.745  38.256 -85.735  0.97
2 9  19.0 38.254 -85.749  38.256 -85.731  1.23
5 13  4.0 38.255 -85.745  38.256 -85.735  0.65
5 20  10.0 38.255 -85.749  38.256 -85.731  1.19
1 20  42.0 38.255 -85.745  38.257 -85.735  3.12
4 17  50.0 38.252 -85.749  38.26 -85.731  1.55
5 21  12.0 38.257 -85.745  38.256 -85.735  0.865
7 10  25.0 38.257 -85.745  38.256 -85.735  0.94
3 14  50.0 38.253 -85.746  38.26 -85.734  3.37
5 11  4.0 38.258 -85.745  38.256 -85.735  0.58
1 10  13.0 38.256 -85.746  38.258 -85.734  0.97
3 16  16.0 38.258 -85.745  38.256 -85.735  0.6
1 0  17.0 38.254 -85.747  38.26 -85.733  1.77
3 15  12.0 38.257 -85.748  38.258 -85.732  1.06
7 19  17.0 38.257 -85.745  38.26 -85.735  0.62
7 19  25.0 38.258 -85.745  38.259 -85.735  1.553
7 17  6.0 38.259 -85.746  38.26 -85.734  0.59
3 13  14.0 38.237 -85.748  38.258 -85.731  1.733
5 10  9.0 38.251 -85.745  38.256 -85.734  1.03
2 15  9.0 38.254 -85.748  38.256 -85.731  1.118
6 16  3.0 38.255 -85.744  38.256 -85.735  0.46
7 17  3.0 38.255 -85.744  38.256 -85.735  0.55
3 13  3.0 38.255 -85.744  38.256 -85.735  0.57
5 12  3.0 38.255 -85.744  38.256 -85.735  0.6
5 16  4.0 38.255 -85.744  38.256 -85.735  0.45
7 13  4.0 38.255 -85.744  38.256 -85.735  0.6
7 21  5.0 38.255 -85.744  38.256 -85.735  0.559
7 13  6.0 38.255 -85.744  38.256 -85.735  0.186
7 18  7.0 38.255 -85.744  38.256 -85.735  0.64
7 20  52.0 38.255 -85.744  38.256 -85.735  1.18
1 6  8.0 38.256 -85.748  38.256 -85.731  0.77
7 17  25.0 38.257 -85.746  38.256 -85.733  1.181
7 14  37.0 38.255 -85.747  38.259 -85.732  4.73
1 14  8.0 38.256 -85.745  38.259 -85.734  0.86
4 17  13.0 38.258 -85.748  38.257 -85.731  1.272
7 19  23.0 38.256 -85.744  38.259 -85.735  0.976
2 15  53.0 38.255 -85.748  38.26 -85.731  2.69
1 18  11.0 38.25 -85.745  38.259 -85.733  1.2
6 14  6.0 38.254 -85.747  38.256 -85.731  0.86
7 5  6.0 38.254 -85.747  38.256 -85.731  1.11
7 8  7.0 38.254 -85.747  38.256 -85.731  0.311
5 14  30.0 38.254 -85.747  38.256 -85.731  1.01
5 18  30.0 38.254 -85.747  38.256 -85.731  1.03
2 12  3.0 38.255 -85.743  38.256 -85.735  0.59
2 20  8.0 38.256 -85.747  38.256 -85.731  1.243
1 18  49.0 38.256 -85.747  38.256 -85.731  3.29
7 12  10.0 38.259 -85.745  38.256 -85.733  1.32
1 14  11.0 38.259 -85.747  38.256 -85.731  1.181
2 4  10.0 38.26 -85.744  38.256 -85.734  1.0
7 14  6.0 38.259 -85.747  38.259 -85.731  1.03
2 13  11.0 38.244 -85.746  38.256 -85.731  1.48
2 10  8.0 38.246 -85.744  38.26 -85.733  1.28
4 16  5.0 38.249 -85.742  38.259 -85.735  0.93
4 20  4.0 38.253 -85.745  38.256 -85.732  0.684
4 19  27.0 38.253 -85.742  38.256 -85.735  1.802
7 13  6.0 38.255 -85.742  38.256 -85.735  0.746
3 16  9.0 38.255 -85.744  38.256 -85.733  0.87
2 10  9.0 38.255 -85.743  38.256 -85.734  1.154
7 11  9.0 38.256 -85.743  38.256 -85.734  0.71
4 20  6.0 38.257 -85.743  38.257 -85.734  0.51
6 22  26.0 38.257 -85.746  38.257 -85.731  0.684
6 16  4.0 38.256 -85.743  38.26 -85.734  0.68
7 14  5.0 38.258 -85.743  38.259 -85.734  0.68
6 13  39.0 38.223 -85.741  38.26 -85.735  4.88
3 12  7.0 38.251 -85.745  38.256 -85.731  0.93
7 17  7.0 38.252 -85.741  38.256 -85.735  0.31
6 15  19.0 38.253 -85.741  38.256 -85.735  0.52
7 13  36.0 38.254 -85.744  38.256 -85.732  3.13
7 17  48.0 38.254 -85.742  38.256 -85.734  1.56
4 20  5.0 38.255 -85.744  38.256 -85.732  0.746
4 20  7.0 38.255 -85.744  38.256 -85.732  0.932
7 10  46.0 38.251 -85.741  38.26 -85.735  4.11
6 20  6.0 38.256 -85.745  38.256 -85.731  0.87
1 16  11.0 38.256 -85.745  38.256 -85.731  0.9
7 12  21.0 38.254 -85.744  38.258 -85.732  1.367
6 16  9.0 38.258 -85.745  38.256 -85.731  1.07
7 15  9.0 38.258 -85.745  38.256 -85.731  1.07
7 15  9.0 38.258 -85.745  38.256 -85.731  1.08
7 16  13.0 38.256 -85.741  38.258 -85.735  0.55
1 20  23.0 38.257 -85.744  38.259 -85.732  1.305
7 17  26.0 38.258 -85.743  38.26 -85.733  1.97
4 15  22.0 38.262 -85.745  38.258 -85.731  1.92
7 15  40.0 38.251 -85.74  38.256 -85.735  3.33
1 11  8.0 38.252 -85.742  38.256 -85.733  0.86
7 14  4.0 38.253 -85.74  38.256 -85.735  0.19
4 22  5.0 38.253 -85.74  38.256 -85.735  0.498
4 4  6.0 38.253 -85.744  38.256 -85.731  0.96
6 7  5.0 38.254 -85.741  38.256 -85.734  0.94
2 17  8.0 38.254 -85.743  38.256 -85.732  0.79
7 11  18.0 38.254 -85.74  38.256 -85.735  0.78
3 14  2.0 38.255 -85.74  38.256 -85.735  0.33
2 14  3.0 38.255 -85.74  38.256 -85.735  0.36
5 19  5.0 38.255 -85.744  38.256 -85.731  0.746
4 15  5.0 38.255 -85.744  38.256 -85.731  0.82
5 8  5.0 38.255 -85.744  38.256 -85.731  1.04
5 8  5.0 38.255 -85.744  38.256 -85.731  1.1
1 15  6.0 38.255 -85.744  38.256 -85.731  0.81
1 15  7.0 38.255 -85.744  38.256 -85.731  0.435
1 16  7.0 38.255 -85.744  38.256 -85.731  0.79
5 12  7.0 38.255 -85.744  38.256 -85.731  1.28
7 17  8.0 38.255 -85.744  38.256 -85.731  0.77
1 16  9.0 38.255 -85.744  38.256 -85.731  0.692
7 16  9.0 38.255 -85.744  38.256 -85.731  1.01
2 16  11.0 38.255 -85.744  38.256 -85.731  1.243
5 13  11.0 38.255 -85.744  38.256 -85.731  1.6
5 13  11.0 38.255 -85.744  38.256 -85.731  1.61
4 17  12.0 38.255 -85.744  38.256 -85.731  1.429
4 22  14.0 38.255 -85.74  38.256 -85.735  1.59
6 16  15.0 38.255 -85.744  38.256 -85.731  1.4
1 19  34.0 38.255 -85.744  38.256 -85.731  3.98
1 15  8.0 38.256 -85.744  38.256 -85.731  1.24
5 11  13.0 38.256 -85.743  38.256 -85.732  1.68
5 15  6.0 38.258 -85.74  38.256 -85.735  0.43
4 20  6.0 38.257 -85.742  38.257 -85.733  0.56
3 19  10.0 38.258 -85.74  38.256 -85.735  0.72
7 12  8.0 38.259 -85.741  38.256 -85.734  1.06
3 11  4.0 38.259 -85.743  38.257 -85.732  0.69
1 15  8.0 38.256 -85.74  38.26 -85.735  1.18
1 9  22.0 38.258 -85.74  38.259 -85.735  0.808
7 16  3.0 38.25 -85.739  38.256 -85.735  0.25
7 11  4.0 38.253 -85.739  38.256 -85.735  0.41
5 11  11.0 38.253 -85.739  38.256 -85.735  1.3
2 16  15.0 38.251 -85.74  38.26 -85.734  2.67
7 18  20.0 38.252 -85.739  38.259 -85.735  1.243
7 16  8.0 38.256 -85.743  38.257 -85.731  0.249
7 19  8.0 38.256 -85.739  38.258 -85.735  0.808
3 11  2.0 38.259 -85.74  38.256 -85.734  0.31
2 16  7.0 38.257 -85.739  38.258 -85.735  0.33
7 13  17.0 38.257 -85.741  38.259 -85.733  0.78
1 22  15.0 38.258 -85.741  38.26 -85.733  1.367
2 18  35.0 38.26 -85.739  38.26 -85.735  3.38
5 18  5.0 38.246 -85.738  38.256 -85.735  0.89
2 20  6.0 38.246 -85.738  38.256 -85.735  0.77
7 12  4.0 38.248 -85.74  38.256 -85.733  0.92
7 12  9.0 38.249 -85.742  38.256 -85.731  1.09
6 15  9.0 38.252 -85.74  38.256 -85.733  0.375
1 17  49.0 38.252 -85.738  38.256 -85.735  3.17
5 21  2.0 38.253 -85.738  38.256 -85.735  0.34
4 23  4.0 38.253 -85.738  38.256 -85.735  0.365
3 20  5.0 38.253 -85.741  38.256 -85.732  0.62
1 14  13.0 38.252 -85.738  38.257 -85.735  1.926
6 20  25.0 38.253 -85.738  38.256 -85.735  2.98
1 11  3.0 38.254 -85.738  38.256 -85.735  0.47
5 18  4.0 38.254 -85.738  38.256 -85.735  0.36
7 13  4.0 38.254 -85.741  38.256 -85.732  0.47
4 14  5.0 38.254 -85.739  38.256 -85.734  0.559
6 1  5.0 38.254 -85.742  38.256 -85.731  0.75
5 8  7.0 38.253 -85.739  38.257 -85.734  0.51
1 6  8.0 38.254 -85.742  38.256 -85.731  0.82
6 13  12.0 38.253 -85.738  38.257 -85.735  1.31
1 10  13.0 38.254 -85.742  38.256 -85.731  0.79
4 16  23.0 38.254 -85.741  38.256 -85.732  0.45
7 17  3.0 38.255 -85.738  38.256 -85.735  0.2
2 11  4.0 38.255 -85.738  38.256 -85.735  0.19
4 20  6.0 38.255 -85.741  38.256 -85.732  0.932
3 17  9.0 38.255 -85.738  38.256 -85.735  0.17
7 21  22.0 38.251 -85.739  38.26 -85.734  0.684
6 17  11.0 38.256 -85.74  38.256 -85.733  0.621
3 20  17.0 38.255 -85.738  38.258 -85.735  2.796
7 9  44.0 38.257 -85.74  38.259 -85.733  4.42
7 21  9.0 38.258 -85.738  38.259 -85.735  0.38
6 20  11.0 38.261 -85.742  38.257 -85.731  1.181
4 13  3.0 38.253 -85.738  38.256 -85.734  0.42
4 18  9.0 38.253 -85.738  38.256 -85.734  0.364
4 22  9.0 38.253 -85.74  38.256 -85.732  1.305
6 15  11.0 38.253 -85.738  38.256 -85.734  0.96
7 18  3.0 38.254 -85.737  38.256 -85.735  0.2
3 13  39.0 38.254 -85.737  38.256 -85.735  0.75
2 17  40.0 38.254 -85.737  38.256 -85.735  2.14
6 21  4.0 38.255 -85.737  38.256 -85.735  0.062
7 17  5.0 38.255 -85.741  38.256 -85.731  0.124
1 10  5.0 38.255 -85.737  38.256 -85.735  0.559
5 18  22.0 38.253 -85.74  38.258 -85.732  1.15
6 9  4.0 38.256 -85.738  38.256 -85.734  0.23
7 15  5.0 38.255 -85.738  38.257 -85.734  0.25
2 16  9.0 38.256 -85.737  38.256 -85.735  0.54
6 9  22.0 38.256 -85.739  38.256 -85.733  3.56
1 15  6.0 38.257 -85.741  38.256 -85.731  0.41
7 19  14.0 38.253 -85.737  38.26 -85.735  0.249
6 12  3.0 38.257 -85.738  38.257 -85.734  0.21
1 19  17.0 38.259 -85.74  38.256 -85.732  2.02
4 21  12.0 38.26 -85.737  38.257 -85.735  0.435
1 15  20.0 38.258 -85.738  38.259 -85.734  0.7
4 19  48.0 38.261 -85.737  38.256 -85.735  0.932
7 7  3.0 38.261 -85.737  38.258 -85.735  0.22
4 21  5.0 38.261 -85.737  38.258 -85.735  0.186
4 16  6.0 38.261 -85.737  38.258 -85.735  0.29
4 20  8.0 38.261 -85.737  38.258 -85.735  0.249
3 16  8.0 38.262 -85.741  38.257 -85.731  1.24
1 16  20.0 38.261 -85.737  38.258 -85.735  1.056
6 20  16.0 38.249 -85.736  38.258 -85.735  1.104
7 8  9.0 38.252 -85.74  38.256 -85.731  0.63
7 13  5.0 38.253 -85.74  38.256 -85.731  0.58
6 13  5.0 38.253 -85.74  38.256 -85.731  0.634
7 15  5.0 38.253 -85.74  38.256 -85.731  0.67
2 11  5.0 38.253 -85.74  38.256 -85.731  0.85
7 10  6.0 38.253 -85.737  38.256 -85.734  0.29
7 19  6.0 38.253 -85.74  38.256 -85.731  0.56
1 20  6.0 38.253 -85.74  38.256 -85.731  0.71
1 13  7.0 38.253 -85.74  38.256 -85.731  0.65
5 15  7.0 38.253 -85.74  38.256 -85.731  0.81
5 15  8.0 38.253 -85.74  38.256 -85.731  0.6
6 17  9.0 38.253 -85.74  38.256 -85.731  0.746
1 13  10.0 38.253 -85.74  38.256 -85.731  0.61
3 16  10.0 38.253 -85.736  38.256 -85.735  0.76
1 14  10.0 38.253 -85.74  38.256 -85.731  1.32
7 11  11.0 38.253 -85.74  38.256 -85.731  0.81
6 19  12.0 38.253 -85.74  38.256 -85.731  1.67
6 19  12.0 38.253 -85.74  38.256 -85.731  2.0
5 10  16.0 38.253 -85.74  38.256 -85.731  2.09
6 13  17.0 38.253 -85.736  38.256 -85.735  1.523
6 17  7.0 38.254 -85.74  38.256 -85.731  0.684
1 14  8.0 38.254 -85.74  38.256 -85.731  0.66
7 11  11.0 38.254 -85.74  38.256 -85.731  0.82
6 14  16.0 38.254 -85.736  38.256 -85.735  1.22
3 11  52.0 38.254 -85.736  38.256 -85.735  2.04
2 16  4.0 38.255 -85.74  38.256 -85.731  0.61
4 16  4.0 38.255 -85.74  38.256 -85.731  0.72
4 18  5.0 38.253 -85.736  38.258 -85.735  0.311
4 14  5.0 38.255 -85.74  38.256 -85.731  0.746
1 12  6.0 38.254 -85.737  38.257 -85.734  0.48
4 20  6.0 38.255 -85.74  38.256 -85.731  0.559
1 7  7.0 38.255 -85.74  38.256 -85.731  0.66
7 16  9.0 38.255 -85.74  38.256 -85.731  0.808
2 21  50.0 38.255 -85.736  38.256 -85.735  3.293
4 18  18.0 38.252 -85.736  38.26 -85.735  0.87
4 4  4.0 38.257 -85.74  38.256 -85.731  0.26
3 12  34.0 38.255 -85.736  38.258 -85.735  0.311
1 17  8.0 38.257 -85.736  38.258 -85.735  0.365
7 17  39.0 38.255 -85.739  38.26 -85.732  2.42
6 20  28.0 38.257 -85.74  38.26 -85.731  3.169
4 20  7.0 38.261 -85.736  38.258 -85.735  0.249
2 15  14.0 38.263 -85.737  38.256 -85.734  1.41
7 20  38.0 38.262 -85.74  38.257 -85.731  0.994
7 12  3.0 38.261 -85.736  38.26 -85.735  0.111
5 7  3.0 38.261 -85.737  38.26 -85.734  0.186
3 23  7.0 38.244 -85.735  38.257 -85.735  1.04
6 15  4.0 38.251 -85.735  38.256 -85.735  0.11
7 20  3.0 38.253 -85.739  38.256 -85.731  0.57
1 9  4.0 38.253 -85.739  38.256 -85.731  0.54
4 15  4.0 38.253 -85.739  38.256 -85.731  0.55
6 17  4.0 38.253 -85.739  38.256 -85.731  0.58
2 17  4.0 38.253 -85.739  38.256 -85.731  0.59
4 15  4.0 38.253 -85.739  38.256 -85.731  0.62
1 11  5.0 38.253 -85.739  38.256 -85.731  0.6
1 11  6.0 38.253 -85.739  38.256 -85.731  0.56
2 12  6.0 38.253 -85.739  38.256 -85.731  0.579
7 13  7.0 38.253 -85.739  38.256 -85.731  0.477
5 11  7.0 38.253 -85.737  38.256 -85.733  0.746
1 9  8.0 38.253 -85.739  38.256 -85.731  0.52
2 22  12.0 38.253 -85.735  38.256 -85.735  1.37
5 10  16.0 38.253 -85.739  38.256 -85.731  2.38
5 10  17.0 38.253 -85.739  38.256 -85.731  2.12
6 14  5.0 38.254 -85.736  38.256 -85.734  0.31
4 15  5.0 38.254 -85.739  38.256 -85.731  0.36
1 16  8.0 38.252 -85.736  38.259 -85.734  0.64
7 15  9.0 38.254 -85.739  38.257 -85.731  0.78
4 14  49.0 38.252 -85.735  38.259 -85.735  0.95
4 8  5.0 38.256 -85.735  38.256 -85.735  0.47
2 21  5.0 38.256 -85.735  38.256 -85.735  0.684
7 17  11.0 38.256 -85.735  38.256 -85.735  0.439
6 13  14.0 38.256 -85.735  38.256 -85.735  1.96
4 19  21.0 38.256 -85.735  38.256 -85.735  1.67
1 17  38.0 38.256 -85.735  38.256 -85.735  3.32
1 17  39.0 38.256 -85.735  38.256 -85.735  3.26
7 17  4.0 38.255 -85.736  38.258 -85.734  0.299
6 19  5.0 38.258 -85.739  38.256 -85.731  0.65
6 20  14.0 38.254 -85.735  38.26 -85.735  1.133
6 18  28.0 38.255 -85.738  38.26 -85.732  0.74
5 9  5.0 38.258 -85.735  38.258 -85.735  0.497
2 12  8.0 38.257 -85.738  38.259 -85.732  0.81
3 20  11.0 38.26 -85.736  38.256 -85.734  0.43
4 12  26.0 38.261 -85.737  38.256 -85.733  2.4
1 13  53.0 38.259 -85.736  38.258 -85.734  4.847
3 16  4.0 38.262 -85.736  38.256 -85.734  0.34
5 21  24.0 38.258 -85.738  38.26 -85.732  2.485
1 13  5.0 38.259 -85.736  38.26 -85.734  0.32
1 16  6.0 38.261 -85.737  38.258 -85.733  0.808
6 4  15.0 38.217 -85.735  38.256 -85.734  2.96
7 21  6.0 38.244 -85.734  38.256 -85.735  0.87
1 9  7.0 38.247 -85.738  38.256 -85.731  0.61
3 15  46.0 38.248 -85.735  38.256 -85.734  3.94
1 3  6.0 38.249 -85.734  38.256 -85.735  0.69
3 13  3.0 38.252 -85.737  38.256 -85.732  0.29
6 19  4.0 38.253 -85.738  38.256 -85.731  0.497
6 17  4.0 38.253 -85.738  38.256 -85.731  0.53
7 8  5.0 38.253 -85.738  38.256 -85.731  0.43
5 19  5.0 38.253 -85.738  38.256 -85.731  0.51
7 8  5.0 38.253 -85.738  38.256 -85.731  0.54
1 18  5.0 38.253 -85.738  38.256 -85.731  0.54
7 16  5.0 38.253 -85.738  38.256 -85.731  0.56
1 11  5.0 38.253 -85.738  38.256 -85.731  0.58
7 21  5.0 38.253 -85.738  38.256 -85.731  0.746
5 19  6.0 38.253 -85.738  38.256 -85.731  0.54
5 11  6.0 38.253 -85.738  38.256 -85.731  0.56
1 17  6.0 38.253 -85.738  38.256 -85.731  0.58
5 15  7.0 38.253 -85.738  38.256 -85.731  0.56
1 19  7.0 38.253 -85.738  38.256 -85.731  0.684
4 12  7.0 38.253 -85.738  38.256 -85.731  0.81
7 22  12.0 38.253 -85.738  38.256 -85.731  0.808
5 15  3.0 38.254 -85.738  38.256 -85.731  0.38
1 17  53.0 38.254 -85.735  38.256 -85.734  3.24
7 13  4.0 38.255 -85.738  38.256 -85.731  0.58
7 10  8.0 38.255 -85.736  38.256 -85.733  0.19
6 23  7.0 38.255 -85.736  38.257 -85.733  0.497
6 17  5.0 38.255 -85.734  38.259 -85.735  0.33
7 21  7.0 38.257 -85.734  38.257 -85.735  0.124
2 7  2.0 38.258 -85.737  38.257 -85.732  0.28
5 10  23.0 38.259 -85.737  38.256 -85.732  2.87
1 13  12.0 38.233 -85.737  38.256 -85.731  1.67
7 18  6.0 38.242 -85.733  38.256 -85.735  0.98
1 20  7.0 38.251 -85.735  38.256 -85.733  0.46
6 14  2.0 38.252 -85.733  38.256 -85.735  0.25
1 11  4.0 38.252 -85.737  38.256 -85.731  0.52
2 15  16.0 38.25 -85.733  38.258 -85.735  2.12
1 14  3.0 38.253 -85.737  38.256 -85.731  0.49
3 16  6.0 38.253 -85.737  38.256 -85.731  0.57
6 19  9.0 38.253 -85.737  38.256 -85.731  1.305
6 19  11.0 38.253 -85.737  38.256 -85.731  1.367
7 18  12.0 38.253 -85.737  38.256 -85.731  0.99
1 19  14.0 38.253