1 11  14.0 38.214 -85.773  38.228 -85.739  2.44
3 10  12.0 38.211 -85.767  38.228 -85.737  2.31
4 16  14.0 38.224 -85.764  38.226 -85.74  1.76
3 14  14.0 38.214 -85.766  38.228 -85.737  2.95
4 7  10.0 38.213 -85.764  38.224 -85.738  1.6
4 17  14.0 38.222 -85.766  38.224 -85.736  2.3
1 13  13.0 38.225 -85.762  38.226 -85.74  1.24
3 17  34.0 38.231 -85.766  38.226 -85.736  2.36
7 14  26.0 38.201 -85.763  38.224 -85.738  2.64
5 14  14.0 38.21 -85.764  38.225 -85.737  1.988
1 14  12.0 38.213 -85.764  38.228 -85.737  2.25
3 14  13.0 38.213 -85.764  38.228 -85.737  2.17
7 16  12.0 38.215 -85.764  38.228 -85.737  2.06
5 20  11.0 38.23 -85.762  38.228 -85.739  1.47
3 10  13.0 38.206 -85.763  38.228 -85.737  2.66
7 5  19.0 38.221 -85.764  38.225 -85.736  1.88
7 10  12.0 38.224 -85.764  38.225 -85.736  2.02
4 12  10.0 38.227 -85.763  38.225 -85.737  1.7
3 19  9.0 38.225 -85.762  38.228 -85.738  1.46
6 14  10.0 38.231 -85.763  38.225 -85.737  1.5
1 14  39.0 38.249 -85.762  38.226 -85.738  4.77
1 11  51.0 38.205 -85.763  38.225 -85.736  2.73
1 15  10.0 38.217 -85.762  38.227 -85.737  1.8
4 12  23.0 38.223 -85.76  38.224 -85.739  0.59
7 17  25.0 38.208 -85.762  38.224 -85.736  2.78
6 18  12.0 38.218 -85.762  38.224 -85.736  1.79
1 14  11.0 38.216 -85.761  38.228 -85.737  2.14
3 13  34.0 38.219 -85.758  38.228 -85.74  1.63
5 8  10.0 38.229 -85.761  38.225 -85.737  1.8
6 14  35.0 38.25 -85.76  38.228 -85.738  2.69
4 13  48.0 38.254 -85.759  38.228 -85.739  4.32
6 15  17.0 38.21 -85.761  38.227 -85.736  2.5
4 10  22.0 38.214 -85.76  38.225 -85.737  2.09
1 4  9.0 38.229 -85.76  38.224 -85.737  1.81
3 6  10.0 38.229 -85.76  38.225 -85.737  1.77
6 6  6.0 38.228 -85.757  38.227 -85.74  0.86
3 12  16.0 38.216 -85.756  38.227 -85.74  2.485
2 13  12.0 38.22 -85.759  38.224 -85.737  2.0
3 8  10.0 38.226 -85.756  38.226 -85.74  1.367
3 19  5.0 38.226 -85.756  38.227 -85.74  1.09
5 8  8.0 38.225 -85.757  38.228 -85.739  1.19
7 16  10.0 38.226 -85.757  38.227 -85.739  1.415
7 8  9.0 38.229 -85.758  38.226 -85.738  1.42
7 20  12.0 38.235 -85.759  38.225 -85.737  2.113
7 14  9.0 38.238 -85.76  38.227 -85.736  1.82
7 18  26.0 38.254 -85.758  38.226 -85.738  3.45
1 18  27.0 38.254 -85.756  38.226 -85.74  2.83
1 15  11.0 38.214 -85.758  38.228 -85.737  1.98
7 18  46.0 38.225 -85.758  38.226 -85.737  2.5
6 2  5.0 38.226 -85.755  38.227 -85.74  0.88
5 12  9.0 38.227 -85.757  38.226 -85.738  1.056
4 4  8.0 38.229 -85.758  38.225 -85.737  1.66
1 7  9.0 38.229 -85.758  38.225 -85.737  1.49
7 6  9.0 38.229 -85.758  38.225 -85.737  1.58
1 4  9.0 38.229 -85.758  38.225 -85.737  1.64
3 11  10.0 38.229 -85.758  38.225 -85.737  1.678
1 4  12.0 38.229 -85.758  38.225 -85.737  1.8
2 10  47.0 38.247 -85.757  38.226 -85.738  3.045
3 21  16.0 38.249 -85.759  38.227 -85.736  2.796
1 0  11.0 38.215 -85.754  38.227 -85.74  1.75
7 8  17.0 38.227 -85.755  38.224 -85.739  1.926
7 4  9.0 38.228 -85.757  38.224 -85.737  1.76
7 18  10.0 38.229 -85.755  38.224 -85.739  1.83
6 2  6.0 38.227 -85.755  38.227 -85.739  0.79
4 6  6.0 38.228 -85.755  38.226 -85.739  0.85
6 7  17.0 38.235 -85.758  38.225 -85.736  2.24
7 14  12.0 38.244 -85.758  38.228 -85.736  2.2
1 11  32.0 38.248 -85.758  38.227 -85.736  2.61
2 16  23.0 38.213 -85.756  38.225 -85.737  2.97
5 16  10.0 38.217 -85.756  38.228 -85.737  1.89
2 19  9.0 38.222 -85.754  38.224 -85.739  1.25
1 12  32.0 38.248 -85.757  38.227 -85.736  2.62
7 22  45.0 38.252 -85.755  38.225 -85.738  4.84
1 18  27.0 38.25 -85.756  38.228 -85.737  3.77
4 5  38.0 38.222 -85.755  38.224 -85.737  2.57
5 11  8.0 38.224 -85.755  38.225 -85.737  1.37
3 11  6.0 38.234 -85.753  38.224 -85.739  1.08
1 15  6.0 38.234 -85.753  38.228 -85.739  0.968
7 20  11.0 38.241 -85.756  38.228 -85.736  1.982
7 13  53.0 38.253 -85.754  38.225 -85.738  3.95
5 11  21.0 38.255 -85.755  38.225 -85.737  3.3
7 11  40.0 38.257 -85.755  38.226 -85.737  3.83
7 11  40.0 38.257 -85.755  38.226 -85.737  3.92
7 18  30.0 38.198 -85.755  38.228 -85.736  3.62
3 16  6.0 38.218 -85.751  38.227 -85.74  1.0
6 20  12.0 38.221 -85.754  38.225 -85.737  1.31
2 5  6.0 38.23 -85.752  38.224 -85.739  1.1
6 18  6.0 38.23 -85.753  38.227 -85.738  0.95
6 19  12.0 38.232 -85.755  38.225 -85.736  1.802
7 14  24.0 38.253 -85.754  38.225 -85.737  3.73
7 11  37.0 38.257 -85.754  38.226 -85.737  3.9
1 0  9.0 38.213 -85.752  38.226 -85.738  1.69
2 19  16.0 38.213 -85.752  38.227 -85.738  1.62
3 8  9.0 38.229 -85.753  38.225 -85.737  1.39
7 14  16.0 38.253 -85.753  38.225 -85.737  2.5
2 16  25.0 38.211 -85.753  38.224 -85.736  2.88
1 14  12.0 38.208 -85.749  38.228 -85.74  1.802
4 21  12.0 38.212 -85.75  38.225 -85.739  1.44
1 9  10.0 38.214 -85.75  38.228 -85.739  1.114
1 14  7.0 38.216 -85.75  38.227 -85.739  1.17
2 19  11.0 38.217 -85.751  38.227 -85.738  1.46
2 19  12.0 38.217 -85.751  38.227 -85.738  1.48
2 19  15.0 38.217 -85.751  38.227 -85.738  1.46
5 8  6.0 38.226 -85.75  38.226 -85.739  0.84
6 14  8.0 38.228 -85.753  38.225 -85.736  1.553
6 15  54.0 38.251 -85.752  38.226 -85.737  3.91
7 12  26.0 38.255 -85.749  38.227 -85.74  2.983
1 22  8.0 38.214 -85.751  38.224 -85.737  1.24
5 15  19.0 38.219 -85.749  38.224 -85.739  0.86
5 20  11.0 38.209 -85.751  38.225 -85.736  1.68
4 17  12.0 38.214 -85.748  38.225 -85.739  1.42
5 12  8.0 38.234 -85.748  38.224 -85.739  1.14
2 5  29.0 38.253 -85.749  38.226 -85.738  2.6
1 18  29.0 38.256 -85.751  38.227 -85.736  2.87
6 17  22.0 38.257 -85.749  38.224 -85.737  2.97
7 21  32.0 38.255 -85.75  38.227 -85.736  3.045
4 18  18.0 38.255 -85.747  38.228 -85.739  2.35
7 16  8.0 38.213 -85.747  38.224 -85.738  1.24
4 14  53.0 38.215 -85.745  38.224 -85.74  1.03
1 9  14.0 38.227 -85.746  38.228 -85.739  1.14
3 15  31.0 38.247 -85.747  38.228 -85.738  1.78
1 14  17.0 38.211 -85.748  38.225 -85.736  2.08
7 16  13.0 38.214 -85.748  38.226 -85.736  1.45
4 20  22.0 38.213 -85.744  38.227 -85.74  2.26
7 23  8.0 38.214 -85.747  38.228 -85.737  1.553
7 11  9.0 38.217 -85.746  38.226 -85.738  1.31
4 21  7.0 38.218 -85.746  38.226 -85.738  1.34
5 12  5.0 38.23 -85.746  38.228 -85.738  0.54
2 13  13.0 38.204 -85.746  38.225 -85.737  2.34
6 8  16.0 38.213 -85.746  38.224 -85.737  1.6
2 13  6.0 38.214 -85.744  38.225 -85.739  0.97
3 15  8.0 38.213 -85.747  38.226 -85.736  1.367
4 12  10.0 38.225 -85.743  38.227 -85.74  0.373
7 15  50.0 38.225 -85.743  38.227 -85.74  0.46
6 17  14.0 38.251 -85.743  38.226 -85.74  1.59
1 17  19.0 38.214 -85.742  38.224 -85.74  0.86
7 6  6.0 38.216 -85.745  38.226 -85.737  0.94
7 14  13.0 38.225 -85.746  38.226 -85.736  0.98
3 17  8.0 38.24 -85.743  38.228 -85.739  1.65
4 11  5.0 38.215 -85.743  38.224 -85.738  0.76
7 3  7.0 38.216 -85.743  38.225 -85.738  0.98
6 10  9.0 38.216 -85.743  38.225 -85.738  0.98
2 18  16.0 38.215 -85.743  38.226 -85.738  1.22
6 1  46.0 38.218 -85.744  38.224 -85.737  1.95
7 11  4.0 38.22 -85.742  38.224 -85.739  0.23
4 12  5.0 38.219 -85.745  38.226 -85.736  0.53
7 13  14.0 38.222 -85.741  38.224 -85.74  0.35
1 10  14.0 38.224 -85.741  38.224 -85.74  0.5
6 12  7.0 38.225 -85.743  38.224 -85.738  0.048
7 15  4.0 38.227 -85.741  38.227 -85.74  0.09
7 21  24.0 38.227 -85.741  38.228 -85.74  1.48
6 17  5.0 38.228 -85.741  38.228 -85.74  0.4
3 12  4.0 38.23 -85.744  38.227 -85.737  0.56
7 12  4.0 38.214 -85.74  38.225 -85.74  0.52
7 19  27.0 38.215 -85.74  38.224 -85.74  1.17
6 1  36.0 38.215 -85.743  38.224 -85.737  1.71
4 11  19.0 38.216 -85.743  38.225 -85.737  1.31
3 13  5.0 38.217 -85.744  38.226 -85.736  0.68
2 16  7.0 38.226 -85.74  38.225 -85.74  0.932
6 11  55.0 38.225 -85.744  38.227 -85.736  0.68
1 11  6.0 38.228 -85.74  38.228 -85.74  0.5
7 21  21.0 38.228 -85.74  38.228 -85.74  1.32
1 16  14.0 38.231 -85.741  38.227 -85.739  1.3
1 14  18.0 38.213 -85.743  38.226 -85.736  1.52
7 16  12.0 38.219 -85.742  38.224 -85.737  1.14
4 13  36.0 38.217 -85.743  38.226 -85.736  4.99
5 23  3.0 38.223 -85.74  38.224 -85.739  0.062
7 15  11.0 38.226 -85.741  38.224 -85.738  0.38
7 12  9.0 38.224 -85.739  38.227 -85.74  0.6
7 16  4.0 38.225 -85.74  38.228 -85.739  0.28
3 19  24.0 38.228 -85.739  38.225 -85.74  0.186
5 12  17.0 38.231 -85.741  38.226 -85.738  1.2
7 16  4.0 38.233 -85.739  38.228 -85.74  0.53
6 11  6.0 38.236 -85.741  38.225 -85.73