3 10  19.0 38.232 -85.766  38.256 -85.73  2.318
6 17  23.0 38.252 -85.765  38.257 -85.73  2.92
4 16  29.0 38.254 -85.765  38.256 -85.73  2.69
5 14  22.0 38.256 -85.765  38.256 -85.73  2.62
4 16  22.0 38.235 -85.766  38.258 -85.728  3.58
4 17  19.0 38.256 -85.764  38.256 -85.73  2.98
1 15  20.0 38.256 -85.766  38.256 -85.728  2.84
4 16  29.0 38.256 -85.764  38.256 -85.73  3.4
3 19  15.0 38.258 -85.764  38.257 -85.73  1.94
6 13  48.0 38.258 -85.764  38.257 -85.73  2.734
6 5  28.0 38.222 -85.764  38.257 -85.729  3.35
6 17  35.0 38.254 -85.763  38.256 -85.73  3.293
6 11  12.0 38.257 -85.763  38.256 -85.73  1.98
5 12  13.0 38.257 -85.763  38.256 -85.73  2.0
6 11  13.0 38.257 -85.763  38.256 -85.73  2.17
5 11  14.0 38.257 -85.763  38.256 -85.73  2.11
6 14  21.0 38.257 -85.763  38.256 -85.73  2.175
3 19  16.0 38.257 -85.763  38.257 -85.73  1.94
4 19  26.0 38.227 -85.762  38.256 -85.73  3.54
7 21  19.0 38.257 -85.762  38.256 -85.73  1.926
3 19  17.0 38.257 -85.762  38.257 -85.73  1.87
3 19  17.0 38.257 -85.762  38.257 -85.73  1.92
7 21  18.0 38.257 -85.762  38.257 -85.73  2.299
7 20  23.0 38.234 -85.761  38.257 -85.73  3.293
3 5  17.0 38.235 -85.761  38.257 -85.73  2.92
6 13  31.0 38.254 -85.762  38.256 -85.729  1.181
5 12  17.0 38.256 -85.762  38.256 -85.729  2.03
5 20  9.0 38.257 -85.761  38.256 -85.73  1.85
1 15  24.0 38.257 -85.763  38.256 -85.728  2.37
4 4  11.0 38.257 -85.763  38.257 -85.728  2.11
3 17  29.0 38.21 -85.762  38.256 -85.728  4.97
6 11  18.0 38.237 -85.76  38.257 -85.73  2.85
6 8  27.0 38.249 -85.76  38.256 -85.73  2.12
4 14  11.0 38.249 -85.763  38.257 -85.727  2.33
1 15  13.0 38.253 -85.762  38.256 -85.728  2.04
6 17  32.0 38.256 -85.76  38.257 -85.73  3.293
7 12  36.0 38.256 -85.76  38.257 -85.73  0.435
7 23  42.0 38.255 -85.761  38.258 -85.729  3.418
3 15  17.0 38.257 -85.76  38.257 -85.73  1.118
1 14  14.0 38.259 -85.761  38.258 -85.729  1.72
3 5  19.0 38.227 -85.761  38.256 -85.728  3.21
2 23  20.0 38.252 -85.76  38.256 -85.729  2.485
6 21  30.0 38.258 -85.761  38.259 -85.728  2.734
2 17  38.0 38.231 -85.758  38.256 -85.73  2.8
4 14  18.0 38.233 -85.758  38.256 -85.73  2.57
3 9  16.0 38.233 -85.758  38.257 -85.73  2.62
2 10  29.0 38.239 -85.758  38.256 -85.73  2.43
2 10  32.0 38.239 -85.758  38.256 -85.73  2.46
5 11  14.0 38.245 -85.76  38.256 -85.728  2.55
2 11  36.0 38.249 -85.758  38.256 -85.73  4.43
1 13  18.0 38.251 -85.758  38.256 -85.73  2.04
2 11  36.0 38.251 -85.758  38.256 -85.73  4.38
7 9  17.0 38.254 -85.758  38.256 -85.73  2.22
2 11  14.0 38.255 -85.758  38.256 -85.73  1.79
7 9  17.0 38.256 -85.758  38.256 -85.73  1.97
7 9  17.0 38.256 -85.758  38.256 -85.73  2.08
6 21  29.0 38.256 -85.762  38.257 -85.726  2.175
1 18  14.0 38.255 -85.759  38.259 -85.729  2.14
1 16  25.0 38.245 -85.759  38.256 -85.728  3.01
7 6  15.0 38.246 -85.757  38.256 -85.73  2.32
6 10  14.0 38.247 -85.757  38.257 -85.73  2.13
1 13  18.0 38.251 -85.757  38.256 -85.73  1.95
1 13  23.0 38.252 -85.759  38.256 -85.728  2.36
6 12  12.0 38.253 -85.757  38.256 -85.73  1.85
6 12  13.0 38.253 -85.757  38.256 -85.73  1.83
1 13  15.0 38.253 -85.757  38.256 -85.73  1.78
6 12  15.0 38.253 -85.757  38.256 -85.73  1.8
7 13  38.0 38.253 -85.757  38.256 -85.73  1.68
7 13  40.0 38.254 -85.757  38.256 -85.73  1.79
3 17  11.0 38.256 -85.757  38.257 -85.73  1.74
2 13  12.0 38.255 -85.76  38.258 -85.727  2.37
7 16  13.0 38.257 -85.757  38.256 -85.73  1.66
2 15  10.0 38.26 -85.757  38.258 -85.73  1.59
2 16  19.0 38.246 -85.757  38.256 -85.729  1.21
1 16  20.0 38.248 -85.758  38.256 -85.728  3.15
1 16  21.0 38.248 -85.758  38.256 -85.728  3.16
1 16  25.0 38.249 -85.758  38.256 -85.728  3.28
5 21  13.0 38.249 -85.758  38.257 -85.728  1.84
1 13  23.0 38.251 -85.758  38.256 -85.728  2.25
1 13  23.0 38.251 -85.758  38.256 -85.728  2.48
6 13  11.0 38.253 -85.758  38.256 -85.728  0.994
2 3  14.0 38.252 -85.758  38.257 -85.728  1.52
1 23  15.0 38.253 -85.758  38.256 -85.728  0.249
1 10  13.0 38.254 -85.756  38.256 -85.73  1.63
1 10  13.0 38.254 -85.756  38.256 -85.73  1.64
6 12  11.0 38.254 -85.757  38.257 -85.729  2.13
6 9  17.0 38.252 -85.76  38.259 -85.726  2.46
7 13  17.0 38.257 -85.761  38.259 -85.725  2.2
3 16  20.0 38.229 -85.755  38.256 -85.73  3.0
2 10  31.0 38.238 -85.755  38.256 -85.73  2.51
6 23  18.0 38.25 -85.756  38.257 -85.729  1.429
2 7  18.0 38.252 -85.755  38.256 -85.73  1.79
5 15  10.0 38.252 -85.756  38.257 -85.729  1.07
4 20  19.0 38.253 -85.755  38.256 -85.73  2.237
1 12  39.0 38.253 -85.757  38.256 -85.728  5.0
7 20  11.0 38.253 -85.756  38.257 -85.729  1.74
6 17  18.0 38.253 -85.756  38.257 -85.729  1.79
5 12  10.0 38.254 -85.756  38.257 -85.729  1.8
5 11  17.0 38.254 -85.757  38.257 -85.728  2.67
6 13  18.0 38.255 -85.76  38.257 -85.725  2.8
4 16  23.0 38.255 -85.758  38.258 -85.727  2.23
4 14  14.0 38.256 -85.758  38.258 -85.727  0.062
4 17  15.0 38.256 -85.758  38.258 -85.727  2.12
6 21  31.0 38.258 -85.755  38.256 -85.73  2.299
2 13  11.0 38.259 -85.757  38.258 -85.728  1.76
4 14  16.0 38.232 -85.754  38.256 -85.73  2.59
7 17  17.0 38.248 -85.757  38.257 -85.727  2.16
1 13  18.0 38.251 -85.754  38.256 -85.73  1.98
6 8  18.0 38.25 -85.758  38.257 -85.726  2.49
7 23  52.0 38.251 -85.759  38.257 -85.725  3.853
6 7  21.0 38.254 -85.756  38.257 -85.728  2.3
7 15  23.0 38.255 -85.754  38.256 -85.73  4.78
7 18  35.0 38.255 -85.754  38.256 -85.73  2.98
7 13  19.0 38.256 -85.754  38.256 -85.73  1.678
4 13  21.0 38.256 -85.754  38.256 -85.73  1.56
4 13  21.0 38.256 -85.754  38.256 -85.73  1.61
3 14  20.0 38.255 -85.757  38.258 -85.727  2.52
7 18  21.0 38.257 -85.757  38.257 -85.727  1.8
5 11  32.0 38.257 -85.757  38.257 -85.727  3.4
4 11  13.0 38.256 -85.756  38.259 -85.728  1.59
2 15  14.0 38.257 -85.757  38.258 -85.727  1.64
7 12  16.0 38.257 -85.757  38.258 -85.727  2.13
5 8  23.0 38.257 -85.755  38.258 -85.729  1.17
5 17  14.0 38.26 -85.757  38.258 -85.727  2.05
5 1  9.0 38.248 -85.755  38.256 -85.728  1.52
5 13  12.0 38.248 -85.753  38.256 -85.73  1.77
7 15  17.0 38.249 -85.754  38.257 -85.729  2.3
6 17  18.0 38.251 -85.754  38.256 -85.729  1.8
7 13  9.0 38.251 -85.756  38.257 -85.727  1.93
3 17  20.0 38.251 -85.757  38.257 -85.726  2.81
3 20  31.0 38.252 -85.756  38.256 -85.727  2.03
7 9  21.0 38.253 -85.755  38.256 -85.728  2.75
1 6  10.0 38.255 -85.753  38.256 -85.73  1.5
7 10  14.0 38.255 -85.753  38.256 -85.73  1.56
7 10  14.0 38.255 -85.753  38.256 -85.73  1.56
7 6  15.0 38.255 -85.753  38.256 -85.73  1.68
2 20  27.0 38.254 -85.757  38.257 -85.726  2.93
3 10  10.0 38.256 -85.753  38.256 -85.73  1.28
3 8  10.0 38.256 -85.755  38.256 -85.728  1.62
7 6  12.0 38.256 -85.753  38.256 -85.73  1.54
5 14  12.0 38.256 -85.753  38.256 -85.73  1.97
5 17  13.0 38.255 -85.755  38.257 -85.728  2.14
5 17  14.0 38.255 -85.757  38.257 -85.726  2.06
1 15  16.0 38.256 -85.753  38.256 -85.73  0.621
7 8  17.0 38.256 -85.753  38.256 -85.73  1.53
1 15  18.0 38.256 -85.753  38.256 -85.73  1.74
1 15  20.0 38.256 -85.753  38.256 -85.73  1.237
7 11  21.0 38.256 -85.753  38.256 -85.73  1.23
7 13  11.0 38.257 -85.753  38.256 -85.73  1.26
1 14  11.0 38.256 -85.753  38.257 -85.73  1.802
7 13  12.0 38.257 -85.753  38.256 -85.73  1.68
1 10  21.0 38.256 -85.753  38.257 -85.73  1.79
7 12  17.0 38.256 -85.756  38.258 -85.727  1.9
4 11  13.0 38.258 -85.757  38.257 -85.726  1.97
1 14  20.0 38.257 -85.756  38.258 -85.727  2.93
4 19  22.0 38.256 -85.757  38.259 -85.726  2.78
1 14  24.0 38.257 -85.756  38.258 -85.727  2.77
7 18  26.0 38.259 -85.756  38.257 -85.727  2.05
5 11  11.0 38.259 -85.756  38.259 -85.727  1.74
6 15  16.0 38.226 -85.752  38.257 -85.73  2.75
1 19  32.0 38.245 -85.756  38.26 -85.726  4.12
4 17  8.0 38.252 -85.754  38.256 -85.728  1.51
1 17  19.0 38.25 -85.755  38.258 -85.727  1.73
7 18  18.0 38.253 -85.752  38.256 -85.73  2.113
1 17  18.0 38.252 -85.755  38.257 -85.727  2.37
1 11  23.0 38.253 -85.752  38.256 -85.73  2.42
1 11  25.0 38.253 -85.752  38.256 -85.73  2.49
6 20  24.0 38.254 -85.752  38.257 -85.73  2.7
3 10  10.0 38.256 -85.752  38.256 -85.73  1.43
5 1  10.0 38.255 -85.752  38.257 -85.73  1.43
7 13  11.0 38.256 -85.752  38.256 -85.73  1.28
7 12  11.0 38.256 -85.752  38.256 -85.73  1.44
7 10  13.0 38.256 -85.752  38.256 -85.73  1.22
1 10  13.0 38.256 -85.752  38.256 -85.73  1.32
5 19  15.0 38.256 -85.752  38.256 -85.73  0.124
7 12  23.0 38.256 -85.752  38.256 -85.73  0.497
7 8  23.0 38.256 -85.752  38.256 -85.73  2.03
1 10  24.0 38.256 -85.752  38.256 -85.73  2.54
6 8  10.0 38.257 -85.753  38.256 -85.729  1.47
2 12  10.0 38.256 -85.755  38.257 -85.727  1.7
2 11  17.0 38.255 -85.753  38.258 -85.729  1.2
6 0  21.0 38.257 -85.752  38.256 -85.73  1.12
2 13  10.0 38.256 -85.755  38.258 -85.727  1.83
6 8  10.0 38.258 -85.753  38.257 -85.729  1.27
3 10  10.0 38.258 -85.755  38.257 -85.727  1.9
4 19  15.0 38.26 -85.754  38.259 -85.728  1.63
2 14  9.0 38.25 -85.754  38.256 -85.727  1.59
5 15  23.0 38.249 -85.756  38.257 -85.725  2.61
1 11  16.0 38.251 -85.755  38.257 -85.726  2.1
1 9  7.0 38.253 -85.751  38.256 -85.73  1.1
3 13  10.0 38.252 -85.754  38.257 -85.727  1.29
6 13  12.0 38.253 -85.753  38.256 -85.728  1.616
7 17  16.0 38.253 -85.751  38.256 -85.73  1.81
2 5  17.0 38.252 -85.756  38.257 -85.725  2.92
7 18  50.0 38.253 -85.751  38.256 -85.73  2.672
2 13  11.0 38.252 -85.754  38.258 -85.727  1.81
6 10  11.0 38.252 -85.754  38.258 -85.727  1.81
6 10  11.0 38.253 -85.755  38.258 -85.726  1.9
7 7  8.0 38.256 -85.751  38.256 -85.73  1.15
7 10  12.0 38.256 -85.751  38.256 -85.73  1.16
7 13  12.0 38.254 -85.754  38.258 -85.727  1.67
7 19  15.0 38.255 -85.754  38.257 -85.727  1.57
3 7  19.0 38.256 -85.753  38.256 -85.728  1.678
6 7  23.0 38.256 -85.753  38.256 -85.728  1.48
7 17  38.0 38.256 -85.752  38.256 -85.729  3.604
7 17  40.0 38.256 -85.752  38.256 -85.729  3.045
7 11  33.0 38.257 -85.753  38.256 -85.728  1.9
4 10  10.0 38.256 -85.754  38.258 -85.727  1.66
7 18  34.0 38.256 -85.752  38.258 -85.729  2.55
4 8  10.0 38.257 -85.754  38.258 -85.727  1.75
1 17  15.0 38.257 -85.753  38.258 -85.728  1.57
5 9  28.0 38.247 -85.755  38.258 -85.725  2.237
6 19  13.0 38.253 -85.752  38.256 -85.728  1.678
7 15  22.0 38.253 -85.75  38.256 -85.73  2.27
7 18  28.0 38.253 -85.751  38.256 -85.729  3.231
3 8  8.0 38.255 -85.752  38.256 -85.728  1.56
7 16  10.0 38.255 -85.753  38.257 -85.727  1.74
4 4  13.0 38.256 -85.752  38.256 -85.728  1.2
7 13  12.0 38.256 -85.751  38.257 -85.729  1.68
4 15  21.0 38.256 -85.753  38.258 -85.727  2.79
1 15  16.0 38.237 -85.749  38.256 -85.73  2.57
6 13  38.0 38.235 -85.751  38.258 -85.728  2.43
6 11  22.0 38.242 -85.751  38.256 -85.728  2.08
3 15  31.0 38.25 -85.753  38.257 -85.726  2.13
1 20  51.0 38.253 -85.751  38.256 -85.728  2.61
4 20  8.0 38.254 -85.75  38.256 -85.729  1.367
6 20  10.0 38.256 -85.749  38.256 -85.73  1.05
6 20  10.0 38.256 -85.749  38.256 -85.73  1.07
5 20  12.0 38.256 -85.749  38.256 -85.73  1.243
3 13  15.0 38.256 -85.749  38.256 -85.73  1.32
4 21  21.0 38.256 -85.749  38.256 -85.73  1.791
5 20  12.0 38.256 -85.749  38.257 -85.73  1.305
6 17  16.0 38.255 -85.752  38.258 -85.727  2.66
4 21  19.0 38.256 -85.749  38.257 -85.73  1.678
7 10  12.0 38.256 -85.754  38.259 -85.725  2.27
1 14  24.0 38.256 -85.749  38.26 -85.73  2.361
5 11  30.0 38.257 -85.753  38.259 -85.726  3.15
6 13  17.0 38.235 -85.748  38.256 -85.73  2.35
6 7  8.0 38.253 -85.75  38.256 -85.728  1.13
7 16  22.0 38.254 -85.75  38.256 -85.728  2.59
4 17  13.0 38.251 -85.748  38.26 -85.73  1.61
2 9  20.0 38.255 -85.748  38.256 -85.73  1.25
6 7  8.0 38.256 -85.75  38.256 -85.728  1.26
3 17  10.0 38.256 -85.749  38.256 -85.729  1.37
6 21  12.0 38.254 -85.749  38.258 -85.729  1.379
2 13  13.0 38.255 -85.752  38.257 -85.726  1.69
4 19  15.0 38.255 -85.75  38.257 -85.728  1.616
5 19  7.0 38.256 -85.751  38.257 -85.727  1.39
3 15  10.0 38.255 -85.751  38.258 -85.727  1.76
5 19  14.0 38.256 -85.748  38.257 -85.73  1.616
7 18  19.0 38.257 -85.75  38.257 -85.728  0.621
6 11  28.0 38.255 -85.749  38.259 -85.729  1.88
7 20  29.0 38.257 -85.751  38.257 -85.727  0.497
5 10  34.0 38.256 -85.752  38.258 -85.726  3.43
3 9  10.0 38.256 -85.753  38.259 -85.725  1.71
2 9  9.0 38.254 -85.747  38.257 -85.73  1.11
1 16  14.0 38.255 -85.747  38.256 -85.73  1.9
7 13  16.0 38.255 -85.752  38.256 -85.725  2.15
5 13  18.0 38.256 -85.748  38.256 -85.729  1.35
2 9  21.0 38.256 -85.747  38.256 -85.73  1.32
7 20  7.0 38.256 -85.75  38.257 -85.727  1.4
2 13  21.0 38.256 -85.747  38.257 -85.73  1.678
1 14  8.0 38.257 -85.75  38.257 -85.727  1.43
7 20  16.0 38.256 -85.749  38.258 -85.728  1.28
1 10  18.0 38.257 -85.747  38.257 -85.73  1.18
5 9  6.0 38.259 -85.749  38.256 -85.728  1.38
5 14  11.0 38.258 -85.747  38.259 -85.73  1.45
3 15  12.0 38.262 -85.748  38.259 -85.729  1.73
4 1  24.0 38.247 -85.748  38.256 -85.728  2.71
7 13  12.0 38.254 -85.746  38.256 -85.73  1.07
5 18  12.0 38.254 -85.747  38.256 -85.729  1.15
7 13  12.0 38.254 -85.746  38.256 -85.73  1.15
7 15  12.0 38.254 -85.746  38.256 -85.73  1.41
4 18  10.0 38.254 -85.751  38.257 -85.725  1.678
7 23  12.0 38.255 -85.748  38.256 -85.728  1.243
7 18  12.0 38.256 -85.746  38.256 -85.73  1.27
5 17  9.0 38.257 -85.748  38.256 -85.728  1.05
4 17  10.0 38.257 -85.749  38.257 -85.727  1.46
4 12  10.0 38.257 -85.751  38.257 -85.725  1.49
3 8  30.0 38.258 -85.746  38.256 -85.73  1.66
4 8  22.0 38.257 -85.747  38.258 -85.729  2.1
4 18  13.0 38.259 -85.75  38.26 -85.726  1.48
3 1  10.0 38.245 -85.748  38.256 -85.727  1.36
6 6  11.0 38.245 -85.747  38.257 -85.728  1.62
4 1  7.0 38.25 -85.747  38.256 -85.728  1.05
6 11  8.0 38.253 -85.746  38.256 -85.729  1.06
1 10  8.0 38.251 -85.746  38.258 -85.729  1.45
5 1  10.0 38.253 -85.746  38.257 -85.729  1.25
6 10  7.0 38.255 -85.746  38.256 -85.729  0.98
5 1  8.0 38.254 -85.746  38.257 -85.729  0.99
3 15  9.0 38.255 -85.745  38.256 -85.73  1.12
3 16  8.0 38.254 -85.748  38.258 -85.727  1.367
3 15  8.0 38.254 -85.748  38.258 -85.727  1.373
4 20  10.0 38.256 -85.745  38.256 -85.73  0.062
7 18  10.0 38.256 -85.746  38.256 -85.729  1.19
7 13  14.0 38.255 -85.749  38.257 -85.726  1.86
2 15  19.0 38.256 -85.745  38.256 -85.73  1.74
4 1  8.0 38.256 -85.746  38.257 -85.729  1.04
7 20  10.0 38.256 -85.748  38.257 -85.727  1.37
7 18  11.0 38.257 -85.745  38.256 -85.73  1.19
7 18  11.0 38.258 -85.745  38.256 -85.73  1.27
2 13  20.0 38.248 -85.746  38.256 -85.728  1.105
4 1  8.0 38.25 -85.746  38.256 -85.728  1.07
6 1  11.0 38.25 -85.746  38.256 -85.728  1.16
2 1  11.0 38.25 -85.746  38.256 -85.728  1.47
2 1  11.0 38.25 -85.746  38.257 -85.728  1.1
4 1  9.0 38.252 -85.746  38.256 -85.728  1.29
5 1  9.0 38.251 -85.745  38.258 -85.729  1.07
2 1  6.0 38.254 -85.746  38.256 -85.728  0.91
6 1  6.0 38.254 -85.746  38.256 -85.728  0.96
6 1  6.0 38.254 -85.746  38.256 -85.728  0.97
3 1  7.0 38.254 -85.746  38.256 -85.728  0.85
4 2  7.0 38.254 -85.746  38.256 -85.728  0.97
4 8  8.0 38.254 -85.746  38.256 -85.728  1.1
6 1  8.0 38.254 -85.746  38.256 -85.728  1.25
5 1  9.0 38.254 -85.746  38.256 -85.728  1.02
4 1  11.0 38.254 -85.746  38.256 -85.728  1.28
6 15  6.0 38.255 -85.744  38.256 -85.73  1.73
2 15  7.0 38.255 -85.746  38.256 -85.728  1.06
5 12  8.0 38.255 -85.744  38.256 -85.73  0.87
4 2  8.0 38.254 -85.745  38.257 -85.729  0.93
2 18  9.0 38.255 -85.744  38.256 -85.73  0.87
1 16  9.0 38.255 -85.744  38.256 -85.73  1.01
1 14  12.0 38.255 -85.748  38.256 -85.726  1.6
5 12  15.0 38.255 -85.744  38.256 -85.73  1.82
6 21  18.0 38.255 -85.744  38.256 -85.73  1.243
1 15  19.0 38.255 -85.744  38.256 -85.73  1.616
3 16  20.0 38.255 -85.744  38.256 -85.73  2.485
5 16  33.0 38.255 -85.744  38.256 -85.73  2.796
1 11  55.0 38.255 -85.744  38.256 -85.73  0.71
1 11  55.0 38.255 -85.744  38.256 -85.73  0.78
5 8  6.0 38.255 -85.744  38.257 -85.73  1.21
5 16  7.0 38.255 -85.744  38.257 -85.73  0.905
3 13  9.0 38.255 -85.744  38.257 -85.73  0.95
7 17  9.0 38.256 -85.746  38.256 -85.728  1.056
6 21  18.0 38.255 -85.744  38.257 -85.73  1.305
5 21  19.0 38.256 -85.746  38.256 -85.728  0.435
1 15  11.0 38.253 -85.747  38.26 -85.727  1.34
7 21  6.0 38.258 -85.745  38.257 -85.729  0.89
2 16  7.0 38.258 -85.745  38.257 -85.729  1.03
5 18  12.0 38.258 -85.745  38.257 -85.729  1.056
5 20  14.0 38.258 -85.745  38.257 -85.729  1.42
2 9  20.0 38.257 -85.746  38.258 -85.728  1.14
6 21  25.0 38.258 -85.745  38.257 -85.729  3.169
6 21  9.0 38.26 -85.748  38.259 -85.726  1.56
3 1  7.0 38.251 -85.745  38.256 -85.728  0.93
6 1  7.0 38.251 -85.744  38.257 -85.729  0.95
6 1  7.0 38.251 -85.744  38.257 -85.729  1.02
2 15  17.0 38.252 -85.745  38.256 -85.728  0.99
6 1  7.0 38.252 -85.744  38.257 -85.729  0.83
5 15  10.0 38.252 -85.743  38.257 -85.73  0.68
2 15  6.0 38.254 -85.745  38.256 -85.728  1.11
6 7  7.0 38.254 -85.745  38.256 -85.728  0.93
7 18  9.0 38.253 -85.746  38.257 -85.727  1.32
7 18  9.0 38.253 -85.746  38.257 -85.727  1.36
2 15  7.0 38.255 -85.744  38.256 -85.729  0.87
3 17  8.0 38.255 -85.744  38.256 -85.729  1.28
7 15  12.0 38.255 -85.743  38.256 -85.73  1.27
3 12  8.0 38.254 -85.746  38.258 -85.727  1.31
2 18  7.0 38.255 -85.748  38.258 -85.725  1.367
2 18  7.0 38.256 -85.745  38.258 -85.728  0.559
1 18  9.0 38.257 -85.743  38.259 -85.73  0.8
6 20  26.0 38.258 -85.745  38.26 -85.728  3.418
6 9  10.0 38.25 -85.744  38.256 -85.728  1.18
7 14  7.0 38.252 -85.742  38.257 -85.73  0.93
5 18  13.0 38.253 -85.744  38.256 -85.728  1.45
1 8  30.0 38.253 -85.742  38.256 -85.73  1.37
6 13  7.0 38.253 -85.744  38.257 -85.728  1.38
6 8  6.0 38.255 -85.744  38.256 -85.728  1.06
1 15  7.0 38.255 -85.743  38.256 -85.729  1.0
6 17  11.0 38.254 -85.745  38.258 -85.727  1.2
6 15  13.0 38.256 -85.744  38.256 -85.728  0.95
5 18  14.0 38.256 -85.744  38.256 -85.728  1.47
2 13  10.0 38.256 -85.747  38.257 -85.725  3.75
5 17  6.0 38.257 -85.744  38.257 -85.728  0.94
3 19  7.0 38.257 -85.744  38.257 -85.728  0.94
7 15  26.0 38.258 -85.744  38.256 -85.728  2.4
7 13  34.0 38.256 -85.742  38.258 -85.73  3.02
3 16  6.0 38.257 -85.745  38.258 -85.727  1.27
2 16  7.0 38.257 -85.745  38.258 -85.727  1.42
1 10  14.0 38.257 -85.742  38.26 -85.73  1.17
7 20  7.0 38.258 -85.744  38.26 -85.728  0.932
3 1  10.0 38.245 -85.742  38.257 -85.729  1.27
1 8  26.0 38.249 -85.741  38.256 -85.73  1.59
6 12  19.0 38.25 -85.743  38.256 -85.728  1.61
4 1  8.0 38.251 -85.743  38.256 -85.728  0.95
3 1  6.0 38.252 -85.742  38.256 -85.729  1.08
5 1  7.0 38.253 -85.743  38.256 -85.728  0.9
6 8  56.0 38.253 -85.742  38.256 -85.729  2.21
2 6  8.0 38.254 -85.741  38.256 -85.73  0.69
2 9  8.0 38.254 -85.741  38.256 -85.73  0.82
7 18  9.0 38.253 -85.745  38.257 -85.726  1.32
7 21  12.0 38.254 -85.745  38.256 -85.726  1.181
3 16  7.0 38.254 -85.744  38.258 -85.727  1.23
7 18  10.0 38.256 -85.744  38.256 -85.727  1.19
5 14  4.0 38.257 -85.741  38.256 -85.73  0.56
7 5  5.0 38.256 -85.741  38.257 -85.73  0.53
3 17  5.0 38.255 -85.744  38.258 -85.727  0.86
5 16  5.0 38.255 -85.744  38.258 -85.727  0.89
3 17  5.0 38.255 -85.744  38.258 -85.727  0.99
5 16  6.0 38.255 -85.744  38.258 -85.727  1.03
2 14  35.0 38.257 -85.745  38.256 -85.726  3.48
4 22  41.0 38.253 -85.745  38.26 -85.726  2.796
6 1  5.0 38.255 -85.743  38.259 -85.728  0.78
5 17  7.0 38.256 -85.744  38.258 -85.727  1.13
7 20  11.0 38.256 -85.743  38.258 -85.728  1.367
6 11  8.0 38.257 -85.743  38.258 -85.728  0.94
1 9  34.0 38.258 -85.746  38.257 -85.725  3.17
7 19  11.0 38.258 -85.744  38.258 -85.727  0.97
1 12  11.0 38.258 -85.745  38.258 -85.726  1.46
2 1  8.0 38.249 -85.741  38.257 -85.729  1.15
5 8  6.0 38.252 -85.74  38.256 -85.73  0.62
6 17  9.0 38.252 -85.74  38.256 -85.73  1.31
7 16  22.0 38.252 -85.74  38.256 -85.73  3.531
7 8  6.0 38.253 -85.74  38.256 -85.73  0.5
6 12  6.0 38.253 -85.74  38.256 -85.73  0.6
1 16  6.0 38.253 -85.74  38.256 -85.73  0.63
6 12  7.0 38.253 -85.74  38.256 -85.73  0.68
1 17  7.0 38.253 -85.74  38.256 -85.73  0.746
6 12  8.0 38.252 -85.744  38.257 -85.726  0.86
2 6  8.0 38.253 -85.74  38.256 -85.73  0.89
3 17  9.0 38.253 -85.74  38.256 -85.73  0.932
1 11  10.0 38.253 -85.74  38.256 -85.73  0.435
6 20  10.0 38.253 -85.74  38.256 -85.73  0.73
6 20  10.0 38.253 -85.74  38.256 -85.73  0.84
4 22  15.0 38.253 -85.74  38.256 -85.73  1.395
7 10  15.0 38.253 -85.74  38.256 -85.73  1.88
7 10  17.0 38.253 -85.74  38.256 -85.73  1.51
7 10  18.0 38.253 -85.74  38.256 -85.73  0.99
5 20  21.0 38.253 -85.74  38.256 -85.73  1.04
7 13  4.0 38.254 -85.74  38.256 -85.73  0.53
7 23  10.0 38.253 -85.74  38.257 -85.73  0.808
1 18  22.0 38.253 -85.74  38.257 -85.73  2.32
1 16  4.0 38.255 -85.74  38.256 -85.73  0.564
3 14  4.0 38.255 -85.74  38.256 -85.73  0.63
7 11  5.0 38.255 -85.74  38.256 -85.73  0.6
2 13  5.0 38.254 -85.74  38.257 -85.73  0.808
1 14  5.0 38.255 -85.74  38.256 -85.73  0.994
7 10  6.0 38.255 -85.74  38.256 -85.73  0.7
6 17  6.0 38.255 -85.741  38.256 -85.729  0.71
1 22  6.0 38.255 -85.743  38.256 -85.727  0.96
7 14  9.0 38.255 -85.74  38.256 -85.73  0.746
7 17  53.0 38.255 -85.74  38.256 -85.73  3.79
7 16  8.0 38.255 -85.744  38.257 -85.726  1.491
7 12  11.0 38.255 -85.744  38.257 -85.726  1.39
2 15  16.0 38.255 -85.741  38.257 -85.729  1.554
7 11  18.0 38.255 -85.744  38.257 -85.726  3.22
4 17  8.0 38.255 -85.744  38.258 -85.726  1.34
7 15  24.0 38.257 -85.742  38.256 -85.728  2.28
6 16  18.0 38.258 -85.744  38.256 -85.726  1.69
6 16  6.0 38.257 -85.744  38.258 -85.726  1.19
6 16  8.0 38.257 -85.743  38.258 -85.727  1.12
7 8  9.0 38.258 -85.745  38.257 -85.725  1.404
7 16  10.0 38.258 -85.745  38.257 -85.725  1.35
2 20  12.0 38.255 -85.74  38.26 -85.73  1.553
1 21  14.0 38.259 -85.741  38.256 -85.729  0.808
6 14  16.0 38.255 -85.742  38.26 -85.728  1.88
1 13  13.0 38.237 -85.739  38.256 -85.73  1.48
5 1  7.0 38.249 -85.741  38.256 -85.728  1.47
1 11  8.0 38.252 -85.739  38.256 -85.73  0.94
4 20  6.0 38.253 -85.739  38.256 -85.73  0.64
7 13  6.0 38.253 -85.739  38.256 -85.73  0.684
6 20  8.0 38.253 -85.739  38.256 -85.73  0.87
7 12  11.0 38.253 -85.739  38.256 -85.73  0.79
6 1  12.0 38.252 -85.742  38.257 -85.727  1.19
7 13  13.0 38.253 -85.739  38.256 -85.73  0.68
1 15  26.0 38.253 -85.739  38.256 -85.73  0.78
5 20  30.0 38.253 -85.739  38.256 -85.73  1.36
6 20  7.0 38.254 -85.74  38.256 -85.729  0.994
7 11  8.0 38.253 -85.739  38.257 -85.73  0.86
3 1  8.0 38.253 -85.74  38.257 -85.729  1.0
7 18  9.0 38.253 -85.739  38.257 -85.73  0.75
7 11  12.0 38.254 -85.74  38.256 -85.729  0.76
1 16  4.0 38.255 -85.74  38.256 -85.729  0.684
1 19  5.0 38.255 -85.74  38.256 -85.729  0.593
3 13  7.0 38.255 -85.74  38.256 -85.729  0.594
3 13  8.0 38.255 -85.74  38.256 -85.729  0.58
5 15  14.0 38.255 -85.739  38.256 -85.73  0.55
7 15  31.0 38.255 -85.74  38.256 -85.729  0.813
7 15  40.0 38.255 -85.74  38.256 -85.729  0.586
2 16  6.0 38.255 -85.74  38.257 -85.729  0.77
3 15  10.0 38.256 -85.742  38.256 -85.727  1.24
7 19  12.0 38.252 -85.744  38.26 -85.725  1.553
3 14  5.0 38.256 -85.739  38.257 -85.73  0.56
3 8  8.0 38.257 -85.739  38.256 -85.73  0.64
3 15  12.0 38.257 -85.742  38.259 -85.727  1.37
6 20  7.0 38.26 -85.739  38.257 -85.73  0.936
6 22  11.0 38.233 -85.74  38.256 -85.728  2.299
6 15  21.0 38.249 -85.738  38.256 -85.73  1.42
7 1  6.0 38.249 -85.739  38.257 -85.729  0.92
3 1  7.0 38.249 -85.739  38.257 -85.729  0.97
6 1  8.0 38.249 -85.739  38.257 -85.729  1.09
6 1  9.0 38.25 -85.74  38.256 -85.728  1.01
2 1  9.0 38.249 -85.739  38.257 -85.729  1.06
6 1  10.0 38.249 -85.739  38.257 -85.729  1.21
3 11  27.0 38.251 -85.741  38.256 -85.727  3.48
7 18  6.0 38.252 -85.74  38.256 -85.728  0.89
3 17  4.0 38.253 -85.739  38.256 -85.729  0.7
6 18  5.0 38.253 -85.738  38.256 -85.73  0.483
3 19  5.0 38.253 -85.74  38.256 -85.728  0.91
6 19  6.0 38.253 -85.74  38.256 -85.728  0.124
5 15  6.0 38.253 -85.738  38.256 -85.73  0.638
1 15  6.0 38.253 -85.74  38.256 -85.728  0.83
1 16  8.0 38.253 -85.738  38.256 -85.73  0.62
7 20  8.0 38.253 -85.74  38.256 -85.728  0.71
6 12  11.0 38.253 -85.739  38.256 -85.729  1.23
6 23  11.0 38.253 -85.74  38.256 -85.728  1.39
5 14  12.0 38.253 -85.74  38.256 -85.728  0.71
4 10  16.0 38.253 -85.74  38.256 -85.728  1.47
1 20  22.0 38.253 -85.739  38.256 -85.729  1.926
1 7  4.0 38.254 -85.738  38.256 -85.73  0.54
7 10  4.0 38.253 -85.738  38.257 -85.73  0.559
1 20  5.0 38.253 -85.74  38.257 -85.728  0.87
4 8  8.0 38.253 -85.739  38.257 -85.729  1.04
5 14  9.0 38.253 -85.739  38.257 -85.729  0.73
6 15  9.0 38.253 -85.741  38.257 -85.727  0.932
6 15  9.0 38.253 -85.741  38.257 -85.727  0.994
7 8  10.0 38.253 -85.741  38.257 -85.727  0.95
5 13  11.0 38.253 -85.739  38.257 -85.729  0.87
7 11  13.0 38.254 -85.739  38.256 -85.729  1.18
6 18  15.0 38.253 -85.739  38.257 -85.729  0.74
5 12  3.0 38.255 -85.738  38.256 -85.73  0.46
5 14  4.0 38.255 -85.738  38.256 -85.73  0.46
4 16  4.0 38.255 -85.74  38.256 -85.728  0.51
7 15  4.0 38.255 -85.738  38.256 -85.73  0.54
7 15  5.0 38.255 -85.738  38.256 -85.73  0.54
3 18  5.0 38.255 -85.74  38.256 -85.728  0.75
6 15  7.0 38.255 -85.738  38.256 -85.73  0.46
6 15  7.0 38.255 -85.738  38.256 -85.73  0.54
5 17  7.0 38.254 -85.74  38.257 -85.728  0.715
7 15  7.0 38.254 -85.738  38.257 -85.73  0.75
2 15  9.0 38.255 -85.74  38.256 -85.728  0.88
3 8  13.0 38.255 -85.74  38.256 -85.728  1.36
3 8  16.0 38.255 -85.74  38.256 -85.728  1.68
4 15  5.0 38.256 -85.74  38.256 -85.728  0.77
4 15  5.0 38.256 -85.74  38.256 -85.728  0.77
1 16  26.0 38.255 -85.739  38.257 -85.729  1.14
3 17  4.0 38.256 -85.738  38.257 -85.73  0.56
2 17  14.0 38.258 -85.741  38.256 -85.727  0.96
7 16  8.0 38.258 -85.743  38.257 -85.725  1.305
4 19  7.0 38.261 -85.738  38.256 -85.73  0.95
4 14  16.0 38.262 -85.738  38.256 -85.73  1.57
7 16  12.0 38.262 -85.738  38.258 -85.73  0.684
3 18  19.0 38.262 -85.741  38.258 -85.727  1.0
7 11  7.0 38.248 -85.739  38.256 -85.728  1.16
5 1  5.0 38.249 -85.739  38.256 -85.728  0.87
3 1  7.0 38.249 -85.739  38.256 -85.728  1.07
5 10  11.0 38.249 -85.738  38.256 -85.729  0.95
3 19  12.0 38.248 -85.738  38.257 -85.729  1.63
1 8  19.0 38.248 -85.739  38.257 -85.728  2.11
7 17  34.0 38.25 -85.738  38.256 -85.729  2.627
7 10  4.0 38.25 -85.737  38.257 -85.73  0.621
4 1  6.0 38.251 -85.739  38.256 -85.728  1.01
3 19  11.0 38.251 -85.739  38.256 -85.728  0.932
6 14  6.0 38.252 -85.737  38.256 -85.73  0.52
6 13  5.0 38.253 -85.737  38.256 -85.73  0.5
5 15  7.0 38.253 -85.739  38.256 -85.728  0.77
7 9  7.0 38.253 -85.738  38.256 -85.729  0.83
6 16  11.0 38.253 -85.739  38.256 -85.728  1.03
5 13  14.0 38.253 -85.737  38.256 -85.73  1.35
6 16  15.0 38.252 -85.74  38.257 -85.727  2.17
6 15  17.0 38.252 -85.74  38.257 -85.727  2.38
5 14  3.0 38.253 -85.738  38.257 -85.729  0.64
3 9  5.0 38.254 -85.737  38.256 -85.73  0.48
7 9  5.0 38.253 -85.738  38.257 -85.729  0.49
1 11  5.0 38.253 -85.738  38.257 -85.729  0.52
3 16  5.0 38.253 -85.738  38.257 -85.729  0.539
3 20  6.0 38.253 -85.74  38.257 -85.727  0.99
7 1  7.0 38.253 -85.738  38.257 -85.729  0.67
7 14  7.0 38.253 -85.74  38.257 -85.727  0.75
6 13  8.0 38.253 -85.738  38.257 -85.729  0.85
6 11  2.0 38.255 -85.737  38.256 -85.73  0.24
6 9  3.0 38.255 -85.737  38.256 -85.73  0.36
7 9  3.0 38.254 -85.737  38.257 -85.73  0.46
7 14  10.0 38.253 -85.742  38.258 -85.725  1.06
6 16  15.0 38.253 -85.738  38.258 -85.729  1.118
1 21  45.0 38.254 -85.737  38.257 -85.73  0.87
4 13  6.0 38.254 -85.74  38.258 -85.727  0.88
6 17  7.0 38.255 -85.74  38.257 -85.727  1.06
6 12  9.0 38.255 -85.741  38.257 -85.726  0.63
7 15  11.0 38.254 -85.74  38.258 -85.727  0.85
3 1  6.0 38.258 -85.739  38.256 -85.728  0.56
2 19  39.0 38.258 -85.74  38.257 -85.727  2.548
6 11  5.0 38.261 -85.737  38.257 -85.73  1.15
4 20  7.0 38.261 -85.737  38.257 -85.73  0.808
6 9  7.0 38.261 -85.737  38.257 -85.73  1.03
3 10  7.0 38.261 -85.737  38.257 -85.73  1.181
3 11  8.0 38.261 -85.737  38.257 -85.73  1.01
3 11  10.0 38.261 -85.737  38.257 -85.73  1.01
6 20  27.0 38.258 -85.742  38.26 -85.725  2.796
7 17  17.0 38.259 -85.737  38.26 -85.73  2.28
7 17  12.0 38.239 -85.738  38.257 -85.728  2.01
7 17  22.0 38.25 -85.739  38.257 -85.727  1.78
7 17  21.0 38.252 -85.739  38.256 -85.727  1.69
1 14  55.0 38.251 -85.736  38.257 -85.73  0.497
5 15  3.0 38.253 -85.736  38.256 -85.73  0.09
7 12  3.0 38.253 -85.736  38.256 -85.73  0.35
4 14  3.0 38.253 -85.736  38.256 -85.73  0.45
4 17  3.0 38.253 -85.736  38.256 -85.73  0.5
7 9  3.0 38.253 -85.736  38.256 -85.73  0.51
4 17  4.0 38.253 -85.738  38.256 -85.728  0.43
1 11  4.0 38.253 -85.736  38.256 -85.73  0.48
7 9  4.0 38.253 -85.736  38.256 -85.73  0.5
2 8  5.0 38.253 -85.738  38.256 -85.728  0.79
7 11  5.0 38.253 -85.736  38.256 -85.73  1.04
4 14  6.0 38.253 -85.736  38.256 -85.73  0.74
3 15  7.0 38.253 -85.736  38.256 -85.73  0.58
6 17  7.0 38.253 -85.736  38.256 -85.73  0.59
6 17  7.0 38.253 -85.736  38.256 -85.73  0.6
3 15  7.0 38.253 -85.736  38.256 -85.73  0.71
7 18  12.0 38.253 -85.738  38.256 -85.728  0.79
1 18  14.0 38.253 -85.738  38.256 -85.728  1.18
6 18  17.0 38.253 -85.736  38.256 -85.73  1.367
7 16  33.0 38.253 -85.738  38.256 -85.728  0.65
1 20  47.0 38.253 -85.736  38.256 -85.73  4.598
2 8  2.0 38.254 -85.736  38.256 -85.73  0.36
7 8  4.0 38.254 -85.736  38.256 -85.73  0.31
7 8  4.0 38.254 -85.736  38.256 -85.73  0.4
6 13  4.0 38.253 -85.738  38.257 -85.728  0.67
6 22  5.0 38.253 -85.738  38.257 -85.728  0.746
6 16  6.0 38.254 -85.736  38.256 -85.73  0.621
6 21  6.0 38.253 -85.738  38.257 -85.728  0.74
7 11  6.0 38.253 -85.736  38.257 -85.73  1.02
5 15  6.0 38.253 -85.738  38.257 -85.728  1.118
3 15  7.0 38.253 -85.738  38.257 -85.728  1.118
4 9  7.0 38.253 -85.738  38.257 -85.728  1.31
3 15  10.0 38.254 -85.736  38.256 -85.73  0.94
2 16  14.0 38.253 -85.739  38.257 -85.727  1.56
6 15  29.0 38.253 -85.739  38.257 -85.727  3.29
6 13  4.0 38.255 -85.737  38.256 -85.729  0.54
5 13  5.0 38.254 -85.737  38.257 -85.729  0.57
4 21  6.0 38.253 -85.739  38.258 -85.727  0.87
6 1  8.0 38.252 -85.74  38.259 -85.726  0.63
5 19  9.0 38.253 -85.739  38.258 -85.727  1.457
6 22  28.0 38.254 -85.741  38.257 -85.725  2.672
1 20  5.0 38.254 -85.739  38.258 -85.727  0.88
7 14  6.0 38.255 -85.74  38.257 -85.726  0.87
1 15  4.0 38.254 -85.74  38.259 -85.726  0.96
7 21  5.0 38.256 -85.74  38.257 -85.726  0.77
1 19  22.0 38.256 -85.739  38.257 -85.727  2.86
6 16  8.0 38.257 -85.739  38.258 -85.727  1.12
7 14  8.0 38.262 -85.736  38.256 -85.73  0.97
2 20  7.0 38.262 -85.736  38.257 -85.73  0.74
5 14  14.0 38.247 -85.736  38.257 -85.729  0.74
3 21  4.0 38.248 -85.736  38.257 -85.729  0.72
4 16  6.0 38.252 -85.739  38.257 -85.726  0.68
4 19  7.0 38.253 -85.736  38.256 -85.729  0.559
6 19  8.0 38.252 -85.739  38.257 -85.726  1.17
7 15  8.0 38.253 -85.736  38.256 -85.729  3.79
5 8  9.0 38.253 -85.735  38.256 -85.73  0.73
6 20  10.0 38.253 -85.736  38.256 -85.729  0.249
5 12  5.0 38.253 -85.738  38.257 -85.727  0.249
7 12  5.0 38.253 -85.736  38.257 -85.729  0.74
5 12  7.0 38.254 -85.737  38.256 -85.728  0.65
2 9  7.0 38.254 -85.738  38.256 -85.727  0.82
1 18  7.0 38.253 -85.738  38.257 -85.727  0.94
7 14  9.0 38.253 -85.738  38.257 -85.727  1.07
7 21  9.0 38.253 -85.74  38.257 -85.725  1.553
6 10  4.0 38.253 -85.738  38.258 -85.727  0.62
7 14  5.0 38.254 -85.739  38.257 -85.726  0.9
4 18  6.0 38.253 -85.738  38.258 -85.727  0.373
5 9  6.0 38.253 -85.738  38.258 -85.727  0.63
7 8  6.0 38.253 -85.738  38.258 -85.727  0.65
3 17  6.0 38.253 -85.738  38.258 -85.727  0.73
4 18  6.0 38.253 -85.738  38.258 -85.727  0.877
7 9  7.0 38.253 -85.738  38.258 -85.727  0.83
6 16  7.0 38.254 -85.739  38.257 -85.726  1.05
7 21  10.0 38.253 -85.74  38.258 -85.725  1.181
7 14  3.0 38.255 -85.736  38.257 -85.729  0.42
4 20  4.0 38.254 -85.738  38.258 -85.727  0.78
7 15  11.0 38.254 -85.738  38.258 -85.727  1.05
6 10  3.0 38.255 -85.738  38.258 -85.727  0.45
6 10  3.0 38.255 -85.738  38.258 -85.727  0.66
4 11  3.0 38.255 -85.738  38.258 -85.727  0.67
4 6  3.0 38.255 -85.738  38.258 -85.727  0.69
4 10  3.0 38.255 -85.738  38.258 -85.727  0.69
6 10  3.0 38.255 -85.738  38.258 -85.727  0.69
6 11  3.0 38.255 -85.738  38.258 -85.727  0.7
4 10  4.0 38.255 -85.738  38.258 -85.727  0.68
3 8  8.0 38.257 -85.735  38.256 -85.73  0.55
2 19  7.0 38.258 -85.738  38.256 -85.727  1.13
7 16  16.0 38.255 -85.738  38.259 -85.727  0.621
1 16  8.0 38.256 -85.737  38.259 -85.728  0.621
4 19  14.0 38.26 -85.738  38.257 -85.727  1.16
4 14  6.0 38.261 -85.736  38.257 -85.729  0.99
4 16  28.0 38.259 -85.738  38.26 -85.727  3.38
7 19  6.0 38.251 -85.736  38.256 -85.728  0.77
7 16  7.0 38.251 -85.736  38.256 -85.728  0.64
1 10  7.0 38.25 -85.736  38.257 -85.728  0.98
7 16  13.0 38.251 -85.736  38.256 -85.728  1.01
7 18  18.0 38.251 -85.737  38.256 -85.727  1.74
3 19  11.0 38.252 -85.735  38.256 -85.729  0.87
7 18  11.0 38.251 -85.737  38.257 -85.727  1.17
5 16  5.0 38.253 -85.736  38.256 -85.728  0.56
7 17  10.0 38.252 -85.739  38.257 -85.725  1.077
7 16  15.0 38.253 -85.736  38.256 -85.728  1.14
2 8  27.0 38.253 -85.736  38.256 -85.728  1.82
3 18  4.0 38.253 -85.736  38.257 -85.728  0.46
1 20  47.0 38.253 -85.736  38.257 -85.728  4.271
1 6  2.0 38.255 -85.734  38.256 -85.73  0.23
5 15  3.0 38.254 -85.734  38.257 -85.73  0.25
7 19  3.0 38.254 -85.735  38.257 -85.729  0.359
3 17  4.0 38.253 -85.737  38.258 -85.727  0.73
5 12  5.0 38.254 -85.736  38.257 -85.728  0.38
4 13  8.0 38.253 -85.739  38.258 -85.725  1.34
4 14  12.0 38.255 -85.736  38.256 -85.728  1.17
5 18  18.0 38.253 -85.737  38.258 -85.727  1.739
6 7  8.0 38.253 -85.736  38.259 -85.728  1.12
1 10  3.0 38.257 -85.734  38.256 -85.73  0.41
1 17  6.0 38.257 -85.735  38.256 -85.729  0.5
6 22  27.0 38.257 -85.739  38.257 -85.725  2.237
7 17  22.0 38.255 -85.738  38.26 -85.726  1.93
2 15  42.0 38.26 -85.737  38.257 -85.727  2.07
7 18  19.0 38.261 -85.737  38.257 -85.727  0.63
6 18  7.0 38.244 -85.735  38.256 -85.728  1.07
5 15  6.0 38.25 -85.735  38.256 -85.728  0.746
6 8  2.0 38.251 -85.733  38.256 -85.73  0.27
7 15  7.0 38.251 -85.734  38.256 -85.729  0.43
4 8  2.0 38.254 -85.733  38.256 -85.73  0.32
5 13  2.0 38.254 -85.733  38.256 -85.73  0.33
2 7  3.0 38.254 -85.735  38.256 -85.728  0.48
7 21  4.0 38.254 -85.734  38.256 -85.729  0.47
6 8  4.0 38.254 -85.735  38.256 -85.728  0.52
6 17  4.0 38.253 -85.736  38.257 -85.727  0.67
3 8  5.0 38.253 -85.736  38.257 -85.727  0.49
6 18  5.0 38.253 -85.736  38.257 -85.727  0.51
1 16  5.0 38.253 -85.737  38.257 -85.726  0.622
3 8  5.0 38.253 -85.736  38.257 -85.727  0.69
6 13  5.0 38.253 -85.738  38.257 -85.725  0.83
4 8  8.0 38.254 -85.733  38.256 -85.73  0.45
4 19  8.0 38.253 -85.736  38.257 -85.727  0.68
3 12  8.0 38.253 -85.736  38.257 -85.727  0.73
4 14  8.0 38.254 -85.733  38.256 -85.73  0.75
1 18  13.0 38.253 -85.736  38.257 -85.727  0.62
1 17  46.0 38.253 -85.736  38.257 -85.727  0.76
7 8  2.0 38.255 -85.733  38.256 -85.73  0.24
4 12  3.0 38.253 -85.736  38.258 -85.727  0.68
7 15  4.0 38.255 -85.733  38.256 -85.73  0.43
1 15  5.0 38.255 -85.733  38.256 -85.73  0.23
7 21  9.0 38.253 -85.738  38.258 -85.725  1.056
6 19  10.0 38.255 -85.733  38.256 -85.73  0.25
2 8  16.0 38.255 -85.733  38.256 -85.73  1.76
6 5  33.0 38.255 -85.733  38.256 -85.73  0.42
1 10  37.0 38.255 -85.733  38.256 -85.73  1.04
6 21  46.0 38.255 -85.733  38.256 -85.73  0.24
7 15  3.0 38.255 -85.736  38.257 -85.727  0.52
5 10  3.0 38.254 -85.736  38.258 -85.727  0.62
1 6  4.0 38.256 -85.733  38.256 -85.73  0.21
2 19  5.0 38.255 -85.736  38.257 -85.727  0.41
6 12  12.0 38.255 -85.737  38.259 -85.726  0.94
7 14  9.0 38.259 -85.733  38.256 -85.73  1.2
5 16  42.0 38.258 -85.733  38.257 -85.73  4.6
1 17  4.0 38.26 -85.736  38.258 -85.727  0.684
5 16  6.0 38.248 -85.732  38.257 -85.73  0.88
7 11  6.0 38.251 -85.733  38.256 -85.729  0.46
3 11  24.0 38.251 -85.734  38.256 -85.728  1.988
2 16  32.0 38.251 -85.734  38.256 -85.728  2.42
2 13  4.0 38.252 -85.733  38.256 -85.729  0.57
4 12  12.0 38.25 -85.735  38.258 -85.727  0.95
7 17  4.0 38.252 -85.734  38.257 -85.728  0.41
7 13  4.0 38.253 -85.734  38.256 -85.728  0.43
3 16  5.0 38.251 -85.735  38.258 -85.727  0.74
6 19  4.0 38.252 -85.735  38.258 -85.727  0.44
6 10  5.0 38.254 -85.733  38.256 -85.729  0.5
1 5  6.0 38.253 -85.736  38.257 -85.726  0.57
2 6  3.0 38.254 -85.733  38.257 -85.729  0.17
4 9  3.0 38.254 -85.733  38.257 -85.729  0.29
7 19  3.0 38.255 -85.734  38.256 -85.728  0.37
4 9  4.0 38.254 -85.733  38.257 -85.729  0.29
6 13  4.0 38.255 -85.733  38.256 -85.729  0.57
4 18  4.0 38.253 -85.736  38.258 -85.726  0.84
6 14  32.0 38.254 -85.736  38.257 -85.726  3.08
6 15  2.0 38.256 -85.732  38.256 -85.73  0.25
7 7  2.0 38.255 -85.733  38.257 -85.729  0.28
7 7  2.0 38.255 -85.733  38.257 -85.729  0.31
1 18  4.0 38.255 -85.733  38.257 -85.729  0.19
7 15  4.0 38.256 -85.732  38.256 -85.73  0.5
6 14  5.0 38.256 -85.732  38.256 -85.73  0.13
5 13  5.0 38.255 -85.733  38.257 -85.729  0.57
6 14  6.0 38.254 -85.736  38.258 -85.726  0.8
3 15  8.0 38.255 -85.733  38.257 -85.729  0.544
7 18  20.0 38.255 -85.733  38.257 -85.729  0.553
4 14  45.0 38.255 -85.733  38.257 -85.729  3.31
4 14  11.0 38.257 -85.734  38.256 -85.728  1.12
6 18  54.0 38.253 -85.736  38.26 -85.726  3.666
1 20  15.0 38.257 -85.737  38.257 -85.725  0.87
6 12  8.0 38.256 -85.736  38.259 -85.726  0.93
4 21  5.0 38.26 -85.732  38.26 -85.73  0.062
7 13  8.0 38.26 -85.732  38.26 -85.73  0.99
3 20  4.0 38.248 -85.731  38.257 -85.73  0.808
7 11  8.0 38.251 -85.732  38.257 -85.729  0.61
6 23  9.0 38.253 -85.734  38.256 -85.727  0.124
1 16  5.0 38.253 -85.736  38.257 -85.725  0.75
4 19  6.0 38.253 -85.736  38.257 -85.725  0.83
3 11  9.0 38.253 -85.736  38.257 -85.725  0.808
7 16  16.0 38.253 -85.736  38.257 -85.725  0.621
7 8  23.0 38.253 -85.736  38.257 -85.725  2.25
1 12  31.0 38.254 -85.733  38.256 -85.728  0.37
1 11  2.0 38.254 -85.734  38.257 -85.727  0.44
3 12  5.0 38.255 -85.733  38.256 -85.728  0.51
7 17  18.0 38.255 -85.732  38.256 -85.729  1.988
4 7  22.0 38.255 -85.733  38.256 -85.728  1.47
4 7  22.0 38.255 -85.733  38.256 -85.728  1.73
4 8  45.0 38.255 -85.733  38.256 -85.728  1.46
1 17  4.0 38.256 -85.731  38.256 -85.73  0.17
7 18  18.0 38.256 -85.731  38.256 -85.73  0.14
1 14  29.0 38.256 -85.731  38.256 -85.73  2.4
6 14  56.0 38.256 -85.731  38.256 -85.73  2.19
3 12  6.0 38.256 -85.731  38.257 -85.73  1.18
7 21  7.0 38.256 -85.731  38.257 -85.73  0.124
3 10  15.0 38.256 -85.731  38.257 -85.73  0.91
5 11  17.0 38.256 -85.731  38.257 -85.73  1.11
4 10  18.0 38.256 -85.731  38.257 -85.73  1.64
6 15  23.0 38.256 -85.731  38.257 -85.73  1.45
4 10  3.0 38.256 -85.735  38.258 -85.726  0.53
3 18  14.0 38.258 -85.731  38.258 -85.73  2.22
4 16  5.0 38.261 -85.736  38.258 -85.725  0.72
6 10  11.0 38.263 -85.734  38.257 -85.727  0.99
6 19  5.0 38.247 -85.73  38.256 -85.73  0.89
5 16  8.0 38.247 -85.73  38.256 -85.73  0.76
5 16  8.0 38.247 -85.73  38.256 -85.73  0.87
6 17  10.0 38.247 -85.73  38.256 -85.73  0.88
7 19  12.0 38.246 -85.733  38.257 -85.727  1.52
7 21  13.0 38.247 -85.73  38.256 -85.73  1.678
7 17  10.0 38.248 -85.73  38.256 -85.73  1.6
5 16  31.0 38.248 -85.73  38.256 -85.73  0.62
7 19  11.0 38.252 -85.734  38.257 -85.726  1.6
7 12  4.0 38.253 -85.733  38.257 -85.727  0.64
6 14  24.0 38.254 -85.731  38.256 -85.729  3.44
5 10  3.0 38.254 -85.733  38.257 -85.727  0.12
5 10  3.0 38.254 -85.733  38.257 -85.727  0.42
5 10  3.0 38.254 -85.733  38.257 -85.727  0.47
5 9  3.0 38.254 -85.733  38.257 -85.727  0.5
6 7  3.0 38.254 -85.733  38.257 -85.727  0.51
6 9  4.0 38.253 -85.733  38.258 -85.727  0.62
2 20  14.0 38.255 -85.735  38.256 -85.725  1.305
4 18  2.0 38.255 -85.733  38.257 -85.727  0.43
7 8  3.0 38.256 -85.731  38.256 -85.729  0.27
5 7  3.0 38.255 -85.733  38.257 -85.727  0.41
2 20  3.0 38.254 -85.733  38.258 -85.727  0.48
2 8  3.0 38.254 -85.733  38.258 -85.727  0.51
5 17  5.0 38.256 -85.73  38.256 -85.73  0.497
7 15  5.0 38.256 -85.73  38.256 -85.73  0.68
1 16  6.0 38.256 -85.73  38.256 -85.73  0.373
5 19  7.0 38.256 -85.73  38.256 -85.73  0.435
7 7  7.0 38.256 -85.73  38.256 -85.73  1.5
7 16  9.0 38.256 -85.73  38.256 -85.73  0.17
4 16  9.0 38.256 -85.73  38.256 -85.73  0.37
1 11  10.0 38.256 -85.73  38.256 -85.73  0.52
1 11  11.0 38.256 -85.73  38.256 -85.73  0.49
7 13  12.0 38.256 -85.73  38.256 -85.73  0.79
4 15  15.0 38.256 -85.73  38.256 -85.73  1.118
4 15  22.0 38.256 -85.73  38.256 -85.73  1.02
6 10  34.0 38.256 -85.73  38.256 -85.73  4.85
5 13  35.0 38.256 -85.73  38.256 -85.73  2.51
7 6  41.0 38.256 -85.73  38.256 -85.73  3.54
6 17  2.0 38.256 -85.73  38.257 -85.73  2.92
5 12  3.0 38.255 -85.733  38.258 -85.727  0.42
4 13  3.0 38.255 -85.733  38.258 -85.727  0.43
7 18  3.0 38.256 -85.73  38.257 -85.73  0.932
6 20  4.0 38.257 -85.73  38.256 -85.73  0.07
5 18  4.0 38.257 -85.73  38.256 -85.73  0.13
5 18  4.0 38.257 -85.73  38.256 -85.73  0.497
7 7  5.0 38.256 -85.731  38.257 -85.729  0.52
1 11  7.0 38.257 -85.73  38.256 -85.73  0.08
6 21  7.0 38.256 -85.731  38.257 -85.729  0.113
4 16  8.0 38.256 -85.73  38.257 -85.73  0.96
6 9  8.0 38.256 -85.73  38.257 -85.73  1.06
6 22  8.0 38.257 -85.73  38.256 -85.73  1.118
2 8  9.0 38.256 -85.73  38.257 -85.73  1.52
3 10  12.0 38.256 -85.73  38.257 -85.73  0.68
4 9  13.0 38.256 -85.731  38.257 -85.729  1.03
6 12  14.0 38.257 -85.73  38.256 -85.73  0.746
6 6  17.0 38.257 -85.73  38.256 -85.73  0.75
6 14  19.0 38.257 -85.73  38.256 -85.73  2.15
7 5  21.0 38.256 -85.731  38.257 -85.729  2.73
5 23  22.0 38.256 -85.73  38.257 -85.73  1.553
4 10  35.0 38.257 -85.73  38.256 -85.73  3.26
4 18  36.0 38.256 -85.731  38.257 -85.729  2.2
2 18  48.0 38.256 -85.731  38.257 -85.729  3.62
4 14  50.0 38.256 -85.731  38.257 -85.729  4.92
7 22  3.0 38.257 -85.73  38.257 -85.73  0.062
6 15  4.0 38.257 -85.73  38.257 -85.73  0.48
7 14  5.0 38.257 -85.73  38.257 -85.73  0.497
6 21  5.0 38.257 -85.73  38.257 -85.73  1.056
4 8  6.0 38.256 -85.734  38.258 -85.726  0.71
6 17  7.0 38.257 -85.73  38.257 -85.73  0.6
4 11  8.0 38.257 -85.73  38.257 -85.73  0.92
6 14  8.0 38.257 -85.73  38.257 -85.73  1.243
5 9  8.0 38.257 -85.73  38.257 -85.73  1.49
5 13  8.0 38.257 -85.73  38.257 -85.73  1.51
4 17  9.0 38.255 -85.734  38.259 -85.726  0.65
6 21  11.0 38.257 -85.73  38.257 -85.73  0.435
3 16  13.0 38.257 -85.73  38.257 -85.73  1.93
4 9  22.0 38.257 -85.73  38.257 -85.73  1.06
3 9  25.0 38.257 -85.73  38.257 -85.73  3.4
2 14  5.0 38.258 -85.734  38.257 -85.726  1.14
6 10  6.0 38.257 -85.732  38.259 -85.728  0.45
2 17  6.0 38.258 -85.734  38.259 -85.726  0.79
3 16  36.0 38.239 -85.729  38.257 -85.73  1.67
7 17  9.0 38.243 -85.729  38.256 -85.73  0.93
4 14  4.0 38.248 -85.73  38.256 -85.729  0.754
5 12  6.0 38.247 -85.73  38.257 -85.729  0.62
3 10  6.0 38.248 -85.731  38.257 -85.728  0.65
6 17  9.0 38.248 -85.729  38.257 -85.73  1.056
6 21  7.0 38.251 -85.732  38.258 -85.727  0.55
1 19  13.0 38.252 -85.734  38.257 -85.725  1.971
3 11  3.0 38.255 -85.731  38.256 -85.728  0.09
4 18  4.0 38.256 -85.73  38.256 -85.729  0.11
7 21  11.0 38.256 -85.731  38.256 -85.728  0.25
7 10  12.0 38.256 -85.731  38.256 -85.728  0.55
2 16  12.0 38.256 -85.731  38.256 -85.728  2.1
4 8  20.0 38.256 -85.731  38.256 -85.728  1.6
1 6  27.0 38.256 -85.731  38.256 -85.728  1.02
6 13  3.0 38.256 -85.73  38.257 -85.729  0.14
6 13  7.0 38.257 -85.73  38.256 -85.729  0.84
7 14  10.0 38.256 -85.73  38.257 -85.729  1.2
7 18  13.0 38.256 -85.73  38.257 -85.729  0.55
5 17  34.0 38.256 -85.73  38.257 -85.729  2.636
7 18  43.0 38.257 -85.729  38.256 -85.73  3.25
3 17  19.0 38.257 -85.729  38.257 -85.73  0.38
1 18  5.0 38.258 -85.732  38.257 -85.727  0.37
6 18  20.0 38.258 -85.732  38.258 -85.727  2.09
3 18  7.0 38.261 -85.734  38.257 -85.725  0.66
3 19  14.0 38.241 -85.728  38.257 -85.73  1.54
7 13  7.0 38.245 -85.733  38.256 -85.725  0.99
5 16  17.0 38.246 -85.729  38.256 -85.729  1.06
4 8  37.0 38.246 -85.728  38.256 -85.73  0.99
6 19  4.0 38.247 -85.728  38.257 -85.73  0.57
3 20  5.0 38.247 -85.73  38.257 -85.728  0.699
4 9  4.0 38.255 -85.728  38.256 -85.73  0.34
1 15  5.0 38.254 -85.733  38.257 -85.725  0.52
2 14  4.0 38.256 -85.73  38.256 -85.728  0.35
2 14  7.0 38.256 -85.73  38.256 -85.728  0.6
5 19  8.0 38.256 -85.729  38.256 -85.729  0.83
6 22  9.0 38.256 -85.728  38.256 -85.73  0.249
6 17  9.0 38.256 -85.728  38.256 -85.73  0.81
5 20  10.0 38.256 -85.729  38.256 -85.729  1.9
4 16  19.0 38.256 -85.729  38.256 -85.729  1.51
6 17  19.0 38.256 -85.729  38.256 -85.729  1.74
6 11  22.0 38.256 -85.729  38.256 -85.729  2.95
4 16  23.0 38.256 -85.729  38.256 -85.729  2.55
6 13  26.0 38.254 -85.732  38.258 -85.726  4.53
6 17  32.0 38.256 -85.729  38.256 -85.729  2.7
5 12  3.0 38.255 -85.733  38.258 -85.725  0.6
3 17  6.0 38.256 -85.73  38.257 -85.728  0.43
3 22  7.0 38.256 -85.731  38.257 -85.727  0.684
6 14  9.0 38.256 -85.729  38.257 -85.729  1.38
6 20  21.0 38.256 -85.73  38.257 -85.728  2.734
7 16  27.0 38.256 -85.731  38.257 -85.727  3.28
6 7  2.0 38.256 -85.731  38.258 -85.727  0.25
7 8  2.0 38.256 -85.731  38.258 -85.727  0.32
6 7  4.0 38.256 -85.731  38.258 -85.727  0.27
7 17  5.0 38.256 -85.731  38.258 -85.727  0.26
7 6  8.0 38.257 -85.729  38.257 -85.729  0.9
7 8  11.0 38.257 -85.729  38.257 -85.729  0.61
7 8  17.0 38.257 -85.729  38.257 -85.729  1.01
7 22  17.0 38.257 -85.729  38.257 -85.729  2.485
1 18  19.0 38.257 -85.729  38.257 -85.729  2.96
7 8  32.0 38.257 -85.729  38.257 -85.729  0.66
4 14  46.0 38.257 -85.729  38.257 -85.729  4.03
4 14  48.0 38.257 -85.729  38.257 -85.729  4.73
6 13  5.0 38.259 -85.73  38.257 -85.728  0.31
5 8  12.0 38.259 -85.73  38.257 -85.728  0.23
3 9  19.0 38.259 -85.728  38.257 -85.73  1.16
5 13  13.0 38.239 -85.732  38.259 -85.725  2.05
2 18  24.0 38.242 -85.727  38.256 -85.73  2.23
3 10  15.0 38.247 -85.73  38.257 -85.727  1.42
6 17  17.0 38.247 -85.73  38.257 -85.727  1.99
7 13  5.0 38.247 -85.73  38.258 -85.727  0.75
6 16  17.0 38.249 -85.73  38.256 -85.727  0.78
3 9  5.0 38.249 -85.727  38.257 -85.73  0.124
3 8  5.0 38.248 -85.73  38.258 -85.727  0.55
4 10  5.0 38.248 -85.73  38.258 -85.727  0.64
2 5  5.0 38.248 -85.73  38.258 -85.727  0.7
2 8  6.0 38.249 -85.727  38.257 -85.73  0.89
3 14  10.0 38.248 -85.73  38.258 -85.727  1.22
4 17  17.0 38.248 -85.73  38.258 -85.727  0.8
2 13  36.0 38.249 -85.727  38.257 -85.73  0.932
7 11  4.0 38.251 -85.727  38.257 -85.73  0.87
6 10  4.0 38.251 -85.73  38.258 -85.727  0.34
3 11  3.0 38.255 -85.727  38.256 -85.73  0.15
6 14  11.0 38.252 -85.729  38.259 -85.728  1.15
6 12  4.0 38.256 -85.728  38.256 -85.729  0.11
6 12  4.0 38.256 -85.728  38.256 -85.729  0.16
6 15  4.0 38.254 -85.731  38.258 -85.726  0.47
4 14  8.0 38.256 -85.729  38.256 -85.728  0.26
7 14  40.0 38.256 -85.728  38.256 -85.729  0.186
7 13  48.0 38.256 -85.728  38.256 -85.729  3.293
7 10  3.0 38.256 -85.728  38.257 -85.729  0.04
6 20  5.0 38.257 -85.727  38.256 -85.73  0.43
1 15  6.0 38.256 -85.729  38.257 -85.728  0.27
5 17  6.0 38.256 -85.73  38.257 -85.727  0.29
3 18  8.0 38.256 -85.73  38.257 -85.727  0.64
3 15  13.0 38.256 -85.728  38.257 -85.729  1.43
6 13  22.0 38.256 -85.731  38.257 -85.726  2.81
6 13  22.0 38.256 -85.731  38.257 -85.726  2.86
7 16  34.0 38.256 -85.73  38.257 -85.727  3.23
7 19  3.0 38.257 -85.727  38.257 -85.73  0.227
7 11  3.0 38.258 -85.727  38.256 -85.73  0.23
5 18  3.0 38.257 -85.73  38.257 -85.727  0.24
6 8  3.0 38.256 -85.731  38.258 -85.726  0.3
7 6  3.0 38.257 -85.728  38.257 -85.729  0.5
6 8  4.0 38.258 -85.727  38.256 -85.73  0.08
6 8  4.0 38.257 -85.727  38.257 -85.73  0.22
7 14  5.0 38.257 -85.729  38.257 -85.728  0.1
5 17  5.0 38.257 -85.73  38.257 -85.727  0.28
6 16  9.0 38.257 -85.728  38.257 -85.729  0.621
6 21  14.0 38.258 -85.727  38.256 -85.73  0.45
3 14  37.0 38.257 -85.728  38.257 -85.729  4.05
6 9  3.0 38.258 -85.727  38.257 -85.73  0.45
5 12  42.0 38.257 -85.729  38.258 -85.728  3.28
4 17  22.0 38.259 -85.732  38.259 -85.725  1.35
6 17  16.0 38.241 -85.728  38.256 -85.728  1.2
6 11  4.0 38.25 -85.727  38.258 -85.729  0.5
7 16  3.0 38.254 -85.73  38.256 -85.726  0.38
6 10  7.0 38.255 -85.727  38.256 -85.729  0.66
3 16  3.0 38.256 -85.728  38.256 -85.728  0.08
2 15  4.0 38.256 -85.728  38.256 -85.728  0.05
3 12  4.0 38.256 -85.728  38.256 -85.728  0.19
7 9  4.0 38.256 -85.728  38.256 -85.728  0.25
3 21  4.0 38.256 -85.728  38.256 -85.728  0.932
6 12  5.0 38.256 -85.728  38.256 -85.728  0.5
2 16  5.0 38.256 -85.728  38.256 -85.728  0.5
7 21  6.0 38.256 -85.728  38.256 -85.728  0.16
3 7  7.0 38.256 -85.728  38.256 -85.728  1.04
7 13  8.0 38.256 -85.728  38.256 -85.728  0.06
7 14  10.0 38.256 -85.728  38.256 -85.728  0.062
3 16  16.0 38.256 -85.728  38.256 -85.728  0.5
7 8  17.0 38.255 -85.727  38.257 -85.729  0.25
4 14  17.0 38.256 -85.728  38.256 -85.728  0.93
2 9  19.0 38.255 -85.73  38.257 -85.726  0.67
7 9  19.0 38.256 -85.728  38.256 -85.728  2.82
4 8  22.0 38.256 -85.728  38.256 -85.728  0.19
3 16  25.0 38.256 -85.728  38.256 -85.728  2.31
4 16  27.0 38.256 -85.728  38.256 -85.728  3.87
6 19  30.0 38.256 -85.728  38.256 -85.728  3.47
6 19  36.0 38.256 -85.728  38.256 -85.728  4.4
6 13  4.0 38.256 -85.728  38.257 -85.728  0.19
6 13  30.0 38.256 -85.73  38.257 -85.726  2.5
5 12  3.0 38.257 -85.727  38.257 -85.729  0.19
4 20  5.0 38.256 -85.73  38.258 -85.726  0.808
4 18  7.0 38.256 -85.73  38.258 -85.726  0.37
7 15  7.0 38.257 -85.728  38.257 -85.728  0.37
1 15  24.0 38.256 -85.73  38.258 -85.726  0.621
6 19  41.0 38.257 -85.727  38.257 -85.729  3.59
7 15  5.0 38.258 -85.727  38.257 -85.729  0.19
4 15  5.0 38.257 -85.729  38.258 -85.727  0.31
5 11  6.0 38.258 -85.727  38.257 -85.729  0.2