6 20  13.0 38.237 -85.782  38.244 -85.747  2.58
6 9  8.0 38.253 -85.774  38.245 -85.751  1.46
5 18  10.0 38.25 -85.773  38.246 -85.751  1.31
6 8  8.0 38.247 -85.771  38.246 -85.75  1.12
5 15  7.0 38.247 -85.769  38.245 -85.751  0.88
4 17  8.0 38.253 -85.77  38.246 -85.75  1.68
7 18  26.0 38.246 -85.768  38.245 -85.751  2.08
7 6  38.0 38.193 -85.771  38.246 -85.747  4.31
3 8  7.0 38.247 -85.767  38.245 -85.751  0.85
4 12  7.0 38.248 -85.769  38.245 -85.749  1.1
6 10  23.0 38.255 -85.767  38.246 -85.751  0.746
4 15  27.0 38.192 -85.767  38.245 -85.75  4.12
3 19  27.0 38.225 -85.766  38.245 -85.751  2.299
2 19  8.0 38.243 -85.766  38.245 -85.751  0.97
3 12  10.0 38.255 -85.766  38.245 -85.751  1.553
5 17  14.0 38.256 -85.766  38.245 -85.751  1.46
4 10  11.0 38.241 -85.765  38.245 -85.751  1.06
6 6  9.0 38.247 -85.769  38.246 -85.747  1.0
7 19  46.0 38.255 -85.766  38.246 -85.75  4.04
5 15  19.0 38.258 -85.768  38.246 -85.748  1.7
4 12  16.0 38.217 -85.765  38.246 -85.75  2.672
5 7  15.0 38.224 -85.764  38.246 -85.751  1.87
6 12  12.0 38.248 -85.765  38.243 -85.75  1.429
2 3  8.0 38.251 -85.768  38.244 -85.747  1.09
6 5  18.0 38.223 -85.766  38.246 -85.748  2.36
2 16  16.0 38.238 -85.763  38.245 -85.751  0.94
3 3  14.0 38.242 -85.766  38.245 -85.748  2.05
1 16  20.0 38.249 -85.764  38.245 -85.75  2.4
4 16  12.0 38.22 -85.762  38.244 -85.751  2.02
2 17  8.0 38.233 -85.763  38.244 -85.75  1.424
2 10  18.0 38.239 -85.763  38.244 -85.75  1.2
2 10  18.0 38.24 -85.763  38.245 -85.75  1.23
2 11  8.0 38.252 -85.762  38.246 -85.751  0.94
7 10  16.0 38.215 -85.764  38.243 -85.748  2.49
6 23  44.0 38.221 -85.765  38.245 -85.747  2.87
7 13  18.0 38.221 -85.761  38.246 -85.751  2.051
2 13  22.0 38.224 -85.762  38.244 -85.75  1.926
7 21  28.0 38.222 -85.761  38.246 -85.751  1.72
2 13  22.0 38.225 -85.762  38.244 -85.75  1.926
7 14  15.0 38.229 -85.763  38.243 -85.749  1.802
3 9  11.0 38.233 -85.761  38.246 -85.751  0.311
4 11  9.0 38.236 -85.761  38.246 -85.751  1.19
5 1  11.0 38.24 -85.761  38.245 -85.751  0.97
3 20  7.0 38.249 -85.761  38.244 -85.751  0.9
5 14  12.0 38.252 -85.761  38.245 -85.751  0.87
3 17  10.0 38.253 -85.762  38.245 -85.75  1.12
5 14  11.0 38.256 -85.764  38.245 -85.748  1.59
4 15  12.0 38.256 -85.764  38.245 -85.748  1.19
3 8  19.0 38.256 -85.762  38.245 -85.75  1.44
6 20  48.0 38.256 -85.764  38.245 -85.748  4.0
3 11  18.0 38.21 -85.761  38.244 -85.75  0.373
2 13  18.0 38.226 -85.761  38.244 -85.75  1.802
3 7  9.0 38.227 -85.762  38.245 -85.749  1.93
5 9  10.0 38.227 -85.761  38.245 -85.75  1.75
3 13  9.0 38.232 -85.76  38.243 -85.751  1.02
3 3  7.0 38.233 -85.762  38.246 -85.749  1.49
4 17  13.0 38.235 -85.763  38.245 -85.748  1.58
6 11  7.0 38.237 -85.76  38.245 -85.751  0.99
3 2  8.0 38.241 -85.763  38.245 -85.748  1.17
2 3  8.0 38.242 -85.763  38.245 -85.748  1.23
1 19  6.0 38.242 -85.763  38.246 -85.748  0.86
2 15  7.0 38.247 -85.763  38.246 -85.748  1.181
1 18  8.0 38.248 -85.763  38.245 -85.748  1.11
5 13  9.0 38.254 -85.76  38.245 -85.751  1.114
5 13  10.0 38.256 -85.763  38.245 -85.748  1.45
4 11  31.0 38.255 -85.761  38.246 -85.75  0.45
6 13  12.0 38.225 -85.762  38.244 -85.748  2.14
3 15  10.0 38.227 -85.759  38.246 -85.751  1.44
6 13  16.0 38.235 -85.759  38.244 -85.751  2.548
1 10  9.0 38.235 -85.761  38.245 -85.749  1.04
6 17  33.0 38.238 -85.759  38.243 -85.751  0.81
5 1  11.0 38.24 -85.761  38.245 -85.749  1.01
4 10  13.0 38.242 -85.762  38.246 -85.748  1.07
4 15  8.0 38.244 -85.76  38.245 -85.75  0.92
5 19  8.0 38.244 -85.759  38.246 -85.751  0.62
7 11  5.0 38.245 -85.759  38.246 -85.751  0.662
3 19  19.0 38.248 -85.759  38.245 -85.751  0.684
4 20  47.0 38.249 -85.759  38.245 -85.751  0.746
4 13  9.0 38.253 -85.764  38.244 -85.746  1.13
1 18  30.0 38.254 -85.759  38.243 -85.751  2.796
1 18  5.0 38.252 -85.759  38.246 -85.751  0.5
1 5  12.0 38.254 -85.759  38.245 -85.751  1.37
1 6  17.0 38.254 -85.759  38.245 -85.751  1.18
1 14  38.0 38.255 -85.761  38.245 -85.749  2.63
7 14  16.0 38.256 -85.759  38.245 -85.751  1.76
6 14  40.0 38.255 -85.764  38.246 -85.746  2.61
7 12  51.0 38.256 -85.762  38.245 -85.748  4.287
4 16  17.0 38.256 -85.762  38.246 -85.748  1.429
4 23  21.0 38.258 -85.76  38.246 -85.75  1.864
4 7  24.0 38.211 -85.762  38.245 -85.747  3.47
3 11  13.0 38.22 -85.759  38.243 -85.75  2.051
7 13  16.0 38.222 -85.759  38.245 -85.75  1.678
2 12  18.0 38.221 -85.761  38.246 -85.748  2.17
7 7  50.0 38.222 -85.761  38.245 -85.748  4.6
5 9  13.0 38.237 -85.758  38.245 -85.751  0.86
3 16  5.0 38.24 -85.758  38.244 -85.751  0.578
3 3  9.0 38.241 -85.761  38.245 -85.748  0.96
3 17  5.0 38.242 -85.758  38.246 -85.751  0.688
1 10  5.0 38.246 -85.758  38.244 -85.751  0.33
3 16  8.0 38.245 -85.761  38.245 -85.748  1.14
6 18  4.0 38.246 -85.758  38.245 -85.751  0.37
4 17  4.0 38.246 -85.758  38.245 -85.751  0.38
4 17  5.0 38.246 -85.758  38.245 -85.751  0.41
4 17  6.0 38.246 -85.758  38.245 -85.751  0.43
4 2  6.0 38.246 -85.761  38.245 -85.748  0.86
6 16  13.0 38.246 -85.758  38.245 -85.751  0.373
5 18  4.0 38.247 -85.758  38.245 -85.751  0.38
4 18  5.0 38.246 -85.758  38.246 -85.751  0.37
4 7  5.0 38.246 -85.758  38.246 -85.751  0.44
7 21  7.0 38.247 -85.763  38.245 -85.746  1.33
3 9  5.0 38.251 -85.758  38.245 -85.751  0.64
2 7  6.0 38.251 -85.758  38.245 -85.751  0.69
1 19  6.0 38.251 -85.758  38.245 -85.751  0.77
6 16  8.0 38.251 -85.758  38.245 -85.751  0.78
3 13  10.0 38.251 -85.758  38.245 -85.751  0.81
1 19  11.0 38.251 -85.758  38.245 -85.751  0.734
6 5  11.0 38.251 -85.758  38.245 -85.751  0.96
5 15  13.0 38.251 -85.758  38.245 -85.751  0.79
7 15  16.0 38.251 -85.758  38.245 -85.751  1.04
4 11  9.0 38.253 -85.759  38.244 -85.75  1.12
1 13  9.0 38.253 -85.762  38.244 -85.747  1.83
6 13  31.0 38.251 -85.758  38.246 -85.751  4.474
1 16  11.0 38.256 -85.759  38.244 -85.75  1.29
6 13  19.0 38.256 -85.763  38.245 -85.746  1.62
3 3  10.0 38.257 -85.758  38.245 -85.751  1.24
6 13  31.0 38.257 -85.763  38.245 -85.746  1.69
5 20  13.0 38.258 -85.758  38.245 -85.751  1.491
6 19  33.0 38.257 -85.759  38.246 -85.75  3.045
6 13  11.0 38.22 -85.757  38.245 -85.751  1.8
7 20  32.0 38.227 -85.758  38.245 -85.75  1.67
6 13  21.0 38.228 -85.76  38.245 -85.748  2.175
3 8  8.0 38.23 -85.757  38.246 -85.751  1.32
3 14  14.0 38.234 -85.761  38.243 -85.747  1.74
1 13  14.0 38.233 -85.757  38.246 -85.751  2.23
3 10  8.0 38.236 -85.76  38.244 -85.748  1.21
5 10  8.0 38.235 -85.759  38.245 -85.749  1.3
2 13  13.0 38.235 -85.757  38.245 -85.751  0.84
3 15  5.0 38.237 -85.758  38.244 -85.75  0.89
6 15  11.0 38.236 -85.758  38.245 -85.75  1.14
6 8  3.0 38.24 -85.757  38.245 -85.751  0.35
3 6  10.0 38.241 -85.761  38.244 -85.747  1.59
3 3  12.0 38.241 -85.76  38.245 -85.748  1.04
3 19  21.0 38.244 -85.759  38.243 -85.749  1.99
3 4  4.0 38.243 -85.76  38.245 -85.748  0.47
1 12  15.0 38.244 -85.758  38.244 -85.75  1.988
5 11  13.0 38.246 -85.759  38.243 -85.749  1.24
1 13  4.0 38.246 -85.757  38.245 -85.751  0.33
3 9  8.0 38.245 -85.758  38.246 -85.75  0.57
1 18  18.0 38.246 -85.757  38.245 -85.751  0.373
2 18  35.0 38.246 -85.758  38.245 -85.75  4.35
6 12  42.0 38.246 -85.758  38.245 -85.75  1.77
2 19  13.0 38.249 -85.758  38.243 -85.75  1.03
7 22  9.0 38.249 -85.759  38.244 -85.749  0.87
2 13  7.0 38.249 -85.758  38.245 -85.75  0.56
5 8  7.0 38.248 -85.758  38.246 -85.75  0.64
6 12  10.0 38.251 -85.762  38.243 -85.746  1.33
2 8  10.0 38.252 -85.759  38.243 -85.749  1.21
3 12  11.0 38.251 -85.757  38.245 -85.751  0.86
3 16  11.0 38.253 -85.76  38.245 -85.748  0.746
5 14  12.0 38.253 -85.757  38.245 -85.751  0.85
7 16  16.0 38.253 -85.757  38.245 -85.751  2.16
5 11  9.0 38.254 -85.761  38.245 -85.747  2.06
7 17  14.0 38.255 -85.758  38.244 -85.75  1.568
7 13  9.0 38.254 -85.759  38.246 -85.749  0.994
5 23  10.0 38.256 -85.758  38.244 -85.75  0.559
5 15  9.0 38.257 -85.76  38.245 -85.748  1.55
7 8  12.0 38.257 -85.757  38.245 -85.751  1.2
5 16  36.0 38.257 -85.757  38.245 -85.751  1.76
5 14  9.0 38.258 -85.757  38.245 -85.751  1.15
6 10  17.0 38.257 -85.757  38.246 -85.751  1.11
1 19  19.0 38.258 -85.757  38.246 -85.751  2.051
7 10  15.0 38.22 -85.756  38.244 -85.751  1.76
3 8  9.0 38.227 -85.757  38.245 -85.75  1.553
6 20  34.0 38.229 -85.757  38.245 -85.75  1.74
3 10  8.0 38.231 -85.757  38.244 -85.75  1.22
3 9  9.0 38.23 -85.759  38.246 -85.748  1.678
6 3  6.0 38.233 -85.756  38.244 -85.751  0.86
4 8  12.0 38.232 -85.76  38.245 -85.747  1.57
6 9  6.0 38.236 -85.758  38.243 -85.749  0.77
4 7  8.0 38.235 -85.757  38.245 -85.75  1.101
5 1  11.0 38.237 -85.758  38.245 -85.749  0.98
3 17  6.0 38.237 -85.756  38.246 -85.751  0.87
2 15  9.0 38.239 -85.756  38.244 -85.751  0.808
5 9  3.0 38.239 -85.756  38.245 -85.751  0.43
5 7  3.0 38.238 -85.756  38.246 -85.751  0.613
1 3  4.0 38.239 -85.756  38.245 -85.751  0.42
2 11  4.0 38.239 -85.756  38.245 -85.751  0.46
2 6  3.0 38.244 -85.756  38.244 -85.751  0.28
1 13  7.0 38.245 -85.756  38.243 -85.751  0.37
6 16  6.0 38.244 -85.76  38.245 -85.747  0.85
5 11  22.0 38.246 -85.756  38.244 -85.751  0.86
5 15  35.0 38.245 -85.76  38.245 -85.747  0.621
3 7  4.0 38.246 -85.758  38.245 -85.749  0.37
4 17  31.0 38.246 -85.757  38.245 -85.75  1.74
7 9  4.0 38.246 -85.756  38.246 -85.751  0.3
6 11  6.0 38.246 -85.76  38.246 -85.747  0.816
4 21  4.0 38.248 -85.756  38.245 -85.751  0.42
7 13  29.0 38.25 -85.759  38.243 -85.748  2.68
5 8  7.0 38.251 -85.756  38.243 -85.751  0.86
6 8  6.0 38.249 -85.757  38.246 -85.75  0.37
3 18  8.0 38.25 -85.757  38.245 -85.75  0.59
2 17  8.0 38.25 -85.758  38.245 -85.749  0.746
5 11  8.0 38.25 -85.761  38.245 -85.746  0.93
3 15  8.0 38.251 -85.757  38.245 -85.75  0.373
6 17  8.0 38.251 -85.756  38.245 -85.751  0.62
3 10  18.0 38.25 -85.757  38.246 -85.75  0.808
7 1  6.0 38.253 -85.757  38.244 -85.75  0.82
6 17  7.0 38.253 -85.759  38.244 -85.748  0.85
3 9  15.0 38.253 -85.756  38.244 -85.751  0.994
4 16  8.0 38.252 -85.757  38.246 -85.75  0.83
6 10  12.0 38.253 -85.759  38.245 -85.748  1.55
3 11  15.0 38.255 -85.761  38.243 -85.746  1.34
4 11  28.0 38.253 -85.759  38.246 -85.748  1.41
4 8  9.0 38.255 -85.756  38.245 -85.751  1.22
4 10  25.0 38.254 -85.756  38.246 -85.751  2.3
1 17  31.0 38.257 -85.757  38.246 -85.75  1.25
3 13  7.0 38.225 -85.755  38.244 -85.751  1.37
7 2  10.0 38.231 -85.76  38.243 -85.746  1.38
5 10  23.0 38.23 -85.759  38.245 -85.747  1.53
4 20  9.0 38.23 -85.755  38.246 -85.751  1.305
5 16  11.0 38.232 -85.755  38.244 -85.751  0.994
3 18  4.0 38.233 -85.755  38.244 -85.751  0.9
3 18  4.0 38.235 -85.755  38.245 -85.751  0.7
1 16  6.0 38.237 -85.757  38.244 -85.749  0.83
2 14  9.0 38.235 -85.755  38.246 -85.751  1.02
4 17  11.0 38.238 -85.755  38.246 -85.751  1.243
3 16  4.0 38.242 -85.755  38.244 -85.751  0.284
3 10  5.0 38.243 -85.757  38.243 -85.749  0.43
4 16  3.0 38.243 -85.755  38.245 -85.751  0.31
6 20  9.0 38.246 -85.76  38.243 -85.746  0.05
3 12  11.0 38.244 -85.759  38.245 -85.747  0.82
3 17  7.0 38.247 -85.758  38.243 -85.748  0.66
2 8  5.0 38.246 -85.755  38.245 -85.751  0.249
3 13  5.0 38.246 -85.758  38.245 -85.748  0.44
4 17  20.0 38.246 -85.757  38.245 -85.749  0.61
4 11  26.0 38.247 -85.759  38.244 -85.747  0.87
5 9  2.0 38.247 -85.755  38.245 -85.751  0.4
2 4  5.0 38.247 -85.757  38.245 -85.749  0.64
3 15  23.0 38.247 -85.755  38.245 -85.751  0.38
3 7  4.0 38.247 -85.755  38.246 -85.751  0.497
2 6  6.0 38.248 -85.758  38.245 -85.748  0.85
6 8  10.0 38.247 -85.755  38.246 -85.751  0.186
3 15  4.0 38.249 -85.755  38.245 -85.751  0.38
3 14  4.0 38.248 -85.755  38.246 -85.751  0.41
4 8  17.0 38.249 -85.758  38.245 -85.748  0.87
7 13  7.0 38.25 -85.758  38.245 -85.748  0.626
5 17  7.0 38.25 -85.756  38.245 -85.75  0.684
3 11  10.0 38.25 -85.759  38.245 -85.747  0.95
4 12  6.0 38.251 -85.758  38.245 -85.748  0.51
2 17  7.0 38.251 -85.758  38.245 -85.748  0.87
4 17  8.0 38.251 -85.758  38.245 -85.748  0.87
6 11  11.0 38.25 -85.759  38.246 -85.747  0.66
1 16  11.0 38.252 -85.755  38.244 -85.751  1.056
2 14  15.0 38.251 -85.756  38.245 -85.75  1.56
3 11  17.0 38.251 -85.758  38.245 -85.748  1.08
7 6  44.0 38.251 -85.757  38.245 -85.749  2.21
3 12  9.0 38.252 -85.758  38.245 -85.748  0.78
6 14  12.0 38.251 -85.755  38.246 -85.751  0.062
4 15  7.0 38.254 -85.758  38.244 -85.748  0.249
7 13  7.0 38.253 -85.755  38.245 -85.751  0.75
1 13  7.0 38.253 -85.758  38.245 -85.748  0.8
1 15  8.0 38.254 -85.755  38.244 -85.751  0.91
2 11  26.0 38.253 -85.755  38.245 -85.751  1.14
2 15  14.0 38.253 -85.758  38.246 -85.748  1.118
2 14  8.0 38.256 -85.755  38.245 -85.751  1.04
6 15  8.0 38.257 -85.759  38.244 -85.747  1.62
3 16  9.0 38.256 -85.756  38.245 -85.75  1.15
7 15  11.0 38.257 -85.759  38.244 -85.747  1.078
5 11  14.0 38.257 -85.759  38.244 -85.747  1.71
1 12  22.0 38.215 -85.754  38.245 -85.751  3.169
3 14  9.0 38.227 -85.755  38.243 -85.75  1.33
4 6  8.0 38.229 -85.758  38.246 -85.747  1.41
4 8  8.0 38.23 -85.758  38.246 -85.747  1.17
2 7  13.0 38.232 -85.755  38.245 -85.75  1.86
3 16  7.0 38.233 -85.756  38.245 -85.749  0.893
3 17  12.0 38.234 -85.756  38.245 -85.749  1.519
7 9  17.0 38.234 -85.754  38.245 -85.751  0.56
6 8  3.0 38.243 -85.755  38.245 -85.75  0.33
1 14  43.0 38.244 -85.758  38.244 -85.747  3.54
5 13  9.0 38.246 -85.754  38.243 -85.751  0.48
4 14  7.0 38.247 -85.758  38.243 -85.747  0.632
2 17  3.0 38.246 -85.754  38.245 -85.751  0.19
2 18  4.0 38.246 -85.754  38.245 -85.751  0.16
6 11  2.0 38.246 -85.754  38.246 -85.751  0.186
4 15  4.0 38.246 -85.755  38.246 -85.75  0.249
5 17  7.0 38.246 -85.754  38.246 -85.751  0.524
4 13  9.0 38.247 -85.757  38.245 -85.748  0.808
1 13  13.0 38.247 -85.754  38.246 -85.751  0.87
3 16  31.0 38.247 -85.758  38.246 -85.747  0.935
5 19  6.0 38.248 -85.759  38.246 -85.746  0.808
2 15  7.0 38.249 -85.758  38.245 -85.747  0.84
3 16  11.0 38.251 -85.756  38.243 -85.749  0.643
6 12  35.0 38.248 -85.757  38.246 -85.748  1.926
4 13  5.0 38.249 -85.755  38.246 -85.75  0.497
2 23  5.0 38.251 -85.755  38.244 -85.75  0.808
7 16  7.0 38.251 -85.758  38.244 -85.747  0.86
2 17  8.0 38.251 -85.758  38.244 -85.747  0.99
1 15  13.0 38.249 -85.757  38.246 -85.748  1.63
4 14  27.0 38.249 -85.759  38.246 -85.746  1.45
3 13  6.0 38.25 -85.757  38.246 -85.748  0.68
7 12  10.0 38.25 -85.754  38.246 -85.751  0.497
4 17  16.0 38.253 -85.758  38.243 -85.747  1.429
2 15  6.0 38.251 -85.755  38.246 -85.75  0.249
5 12  7.0 38.251 -85.757  38.246 -85.748  0.85
3 16  12.0 38.251 -85.754  38.246 -85.751  1.01
5 9  12.0 38.253 -85.758  38.244 -85.747  1.08
1 17  14.0 38.251 -85.757  38.246 -85.748  0.69
6 9  50.0 38.252 -85.756  38.245 -85.749  1.05
1 7  7.0 38.253 -85.757  38.245 -85.748  0.85
4 12  7.0 38.253 -85.757  38.245 -85.748  0.95
4 13  7.0 38.253 -85.757  38.245 -85.748  1.1
2 14  7.0 38.255 -85.754  38.243 -85.751  1.1
6 11  24.0 38.252 -85.757  38.246 -85.748  1.6
1 18  29.0 38.253 -85.757  38.245 -85.748  1.802
6 12  7.0 38.255 -85.755  38.244 -85.75  0.97
3 16  8.0 38.254 -85.757  38.245 -85.748  1.181
6 15  8.0 38.255 -85.758  38.244 -85.747  1.5
3 14  15.0 38.253 -85.755  38.246 -85.75  2.24
2 18  20.0 38.253 -85.754  38.246 -85.751  3.39
1 6  21.0 38.254 -85.754  38.245 -85.751  1.29
6 20  22.0 38.254 -85.756  38.245 -85.749  2.44
3 12  12.0 38.256 -85.755  38.244 -85.75  1.18
2 14  7.0 38.257 -85.758  38.244 -85.747  1.48
6 12  9.0 38.257 -85.758  38.244 -85.747  1.48
3 16  11.0 38.257 -85.758  38.244 -85.747  1.6
2 16  13.0 38.257 -85.759  38.244 -85.746  1.51
2 13  15.0 38.257 -85.758  38.244 -85.747  2.05
5 8  32.0 38.257 -85.758  38.244 -85.747  1.616
5 17  11.0 38.257 -85.757  38.245 -85.748  1.367
3 8  18.0 38.216 -85.758  38.245 -85.746  2.26
3 7  14.0 38.219 -85.756  38.245 -85.748  2.16
2 11  9.0 38.22 -85.757  38.245 -85.747  1.96
5 10  10.0 38.227 -85.756  38.245 -85.748  1.49
5 10  9.0 38.227 -85.757  38.246 -85.747  1.39
4 7  9.0 38.229 -85.756  38.244 -85.748  1.48
3 9  9.0 38.229 -85.755  38.245 -85.749  1.367
5 7  8.0 38.232 -85.755  38.245 -85.749  1.05
2 7  8.0 38.232 -85.754  38.245 -85.75  1.105
7 3  29.0 38.232 -85.754  38.245 -85.75  1.04
1 22  4.0 38.235 -85.753  38.244 -85.751  0.6
5 15  7.0 38.236 -85.753  38.244 -85.751  0.68
3 9  16.0 38.236 -85.758  38.245 -85.746  1.51
1 17  7.0 38.238 -85.753  38.244 -85.751  0.44
3 9  4.0 38.244 -85.754  38.245 -85.75  0.33
3 18  5.0 38.246 -85.756  38.243 -85.748  0.18
2 2  7.0 38.243 -85.756  38.246 -85.748  1.08
3 8  3.0 38.245 -85.754  38.245 -85.75  0.31
3 7  4.0 38.246 -85.754  38.244 -85.75  0.82
7 12  5.0 38.247 -85.758  38.243 -85.746  0.75
5 13  8.0 38.247 -85.757  38.244 -85.747  0.746
3 20  10.0 38.246 -85.755  38.245 -85.749  1.926
1 10  5.0 38.248 -85.754  38.244 -85.75  0.52
1 19  9.0 38.247 -85.756  38.245 -85.748  0.621
3 20  12.0 38.247 -85.753  38.245 -85.751  0.73
3 9  29.0 38.247 -85.755  38.245 -85.749  0.47
7 7  4.0 38.247 -85.755  38.246 -85.749  0.249
7 10  6.0 38.248 -85.755  38.245 -85.749  0.61
1 19  7.0 38.249 -85.755  38.244 -85.749  0.52
4 11  7.0 38.248 -85.757  38.245 -85.747  0.66
7 16  5.0 38.25 -85.756  38.244 -85.748  0.87
4 8  6.0 38.248 -85.756  38.246 -85.748  0.56
3 17  8.0 38.251 -85.757  38.243 -85.747  0.994
4 11  9.0 38.25 -85.758  38.244 -85.746  1.056
4 12  11.0 38.251 -85.758  38.243 -85.746  1.18
3 16  13.0 38.251 -85.758  38.243 -85.746  1.96
4 6  4.0 38.25 -85.756  38.245 -85.748  0.18
6 12  8.0 38.251 -85.757  38.244 -85.747  0.621
4 3  8.0 38.25 -85.756  38.245 -85.748  1.48
3 18  6.0 38.25 -85.754  38.246 -85.75  0.63
7 12  6.0 38.25 -85.758  38.246 -85.746  0.71
6 7  7.0 38.253 -85.753  38.243 -85.751  0.87
3 9  7.0 38.251 -85.757  38.245 -85.747  1.031
4 11  8.0 38.252 -85.757  38.244 -85.747  0.9
2 15  22.0 38.251 -85.757  38.245 -85.747  0.2
3 13  46.0 38.251 -85.757  38.245 -85.747  0.95
2 17  5.0 38.252 -85.757  38.245 -85.747  0.67
7 19  6.0 38.253 -85.757  38.244 -85.747  1.06
5 17  6.0 38.253 -85.757  38.244 -85.747  1.16
5 17  7.0 38.253 -85.757  38.244 -85.747  1.18
4 11  8.0 38.253 -85.757  38.244 -85.747  0.78
3 17  8.0 38.252 -85.756  38.245 -85.748  0.808
3 14  9.0 38.253 -85.757  38.244 -85.747  0.827
2 17  10.0 38.254 -85.754  38.243 -85.75  1.056
1 16  10.0 38.253 -85.757  38.244 -85.747  1.25
2 16  14.0 38.253 -85.756  38.244 -85.748  1.429
6 16  17.0 38.253 -85.757  38.244 -85.747  1.43
2 11  20.0 38.253 -85.757  38.244 -85.747  1.22
7 17  20.0 38.253 -85.757  38.244 -85.747  1.42
4 18  7.0 38.252 -85.756  38.246 -85.748  0.621
2 15  7.0 38.253 -85.754  38.245 -85.75  0.746
4 6  7.0 38.253 -85.757  38.245 -85.747  0.85
6 7  9.0 38.254 -85.755  38.245 -85.749  0.78
2 16  20.0 38.254 -85.757  38.245 -85.747  1.553
1 15  10.0 38.254 -85.754  38.246 -85.75  0.311
4 14  12.0 38.256 -85.756  38.245 -85.748  0.932
3 20  16.0 38.256 -85.758  38.245 -85.746  2.299
2 13  15.0 38.258 -85.757  38.244 -85.747  2.04
2 14  18.0 38.258 -85.756  38.244 -85.748  1.181
5 16  11.0 38.258 -85.755  38.246 -85.749  1.29
6 15  13.0 38.225 -85.754  38.245 -85.749  1.39
2 7  5.0 38.234 -85.752  38.246 -85.751  0.71
1 19  7.0 38.235 -85.757  38.245 -85.746  1.3
6 19  50.0 38.238 -85.752  38.243 -85.751  2.61
1 11  5.0 38.237 -85.752  38.245 -85.751  0.56
5 14  16.0 38.237 -85.752  38.245 -85.751  0.621
2 3  33.0 38.243 -85.755  38.243 -85.748  0.5
7 11  3.0 38.244 -85.753  38.243 -85.75  0.124
3 12  4.0 38.244 -85.752  38.243 -85.751  0.2
5 12  3.0 38.243 -85.755  38.245 -85.748  0.34
4 13  10.0 38.242 -85.753  38.246 -85.75  0.684
4 3  5.0 38.244 -85.754  38.245 -85.749  0.43
7 9  6.0 38.245 -85.756  38.245 -85.747  0.61
3 12  7.0 38.244 -85.752  38.246 -85.751  0.18
7 9  3.0 38.246 -85.753  38.245 -85.75  0.15
7 9  4.0 38.246 -85.753  38.245 -85.75  0.85
1 22  8.0 38.246 -85.757  38.245 -85.746  1.96
2 9  31.0 38.246 -85.756  38.245 -85.747  4.3
1 10  35.0 38.246 -85.752  38.245 -85.751  2.101
1 16  37.0 38.248 -85.757  38.243 -85.746  2.21
3 18  4.0 38.248 -85.753  38.244 -85.75  0.26
3 8  5.0 38.248 -85.754  38.244 -85.749  0.38
2 15  7.0 38.248 -85.754  38.245 -85.749  0.497
2 15  7.0 38.25 -85.755  38.243 -85.748  0.7
4 12  7.0 38.249 -85.757  38.245 -85.746  0.87
4 20  8.0 38.248 -85.753  38.246 -85.75  0.373
4 12  10.0 38.25 -85.756  38.244 -85.747  1.15
6 13  4.0 38.25 -85.752  38.245 -85.751  0.426
4 20  8.0 38.252 -85.757  38.243 -85.746  1.04
7 16  17.0 38.252 -85.757  38.243 -85.746  2.02
1 15  19.0 38.251 -85.757  38.244 -85.746  2.32
1 16  9.0 38.253 -85.757  38.243 -85.746  1.25
2 16  10.0 38.253 -85.757  38.243 -85.746  1.71
4 16  11.0 38.253 -85.757  38.243 -85.746  1.23
5 15  12.0 38.253 -85.757  38.243 -85.746  1.17
6 11  12.0 38.253 -85.757  38.243 -85.746  1.7
6 19  19.0 38.253 -85.755  38.243 -85.748  1.99
6 14  11.0 38.252 -85.757  38.245 -85.746  1.056
3 15  11.0 38.254 -85.757  38.243 -85.746  1.3
4 16  12.0 38.254 -85.757  38.243 -85.746  1.31
2 9  19.0 38.252 -85.754  38.245 -85.749  1.53
5 17  10.0 38.255 -85.757  38.243 -85.746  1.39
5 8  10.0 38.254 -85.756  38.245 -85.747  0.932
5 14  14.0 38.256 -85.757  38.243 -85.746  1.48
1 11  9.0 38.256 -85.756  38.244 -85.747  1.16
2 12  11.0 38.254 -85.753  38.246 -85.75  0.66
5 10  11.0 38.255 -85.755  38.245 -85.748  1.118
6 9  11.0 38.257 -85.757  38.243 -85.746  1.42
4 13  12.0 38.257 -85.757  38.243 -85.746  1.58
5 15  13.0 38.257 -85.757  38.243 -85.746  1.58
7 14  13.0 38.257 -85.757  38.243 -85.746  1.68
7 8  13.0 38.257 -85.757  38.243 -85.746  2.0
3 12  14.0 38.257 -85.757  38.243 -85.746  1.69
6 16  18.0 38.257 -85.757  38.243 -85.746  1.57
6 8  28.0 38.254 -85.752  38.246 -85.751  1.12
2 20  11.0 38.258 -85.757  38.243 -85.746  1.18
3 16  13.0 38.258 -85.757  38.243 -85.746  1.55
1 16  13.0 38.258 -85.757  38.243 -85.746  1.59
1 13  13.0 38.258 -85.757  38.243 -85.746  1.78
6 11  15.0 38.258 -85.757  38.243 -85.746  1.83
7 12  15.0 38.258 -85.757  38.243 -85.746  1.91
7 20  16.0 38.258 -85.757  38.243 -85.746  1.59
7 16  11.0 38.226 -85.751  38.245 -85.751  1.43
7 10  6.0 38.232 -85.752  38.244 -85.75  1.04
4 12  10.0 38.23 -85.756  38.246 -85.746  1.43
5 7  9.0 38.235 -85.755  38.243 -85.747  0.932
4 3  11.0 38.232 -85.755  38.246 -85.747  1.45
4 9  8.0 38.233 -85.753  38.246 -85.749  1.118
6 20  19.0 38.236 -85.751  38.243 -85.751  3.11
6 19  6.0 38.236 -85.755  38.244 -85.747  0.88
4 16  4.0 38.236 -85.751  38.245 -85.751  0.63
1 12  5.0 38.237 -85.755  38.244 -85.747  0.87
3 13  7.0 38.235 -85.752  38.246 -85.75  0.808
6 9  15.0 38.237 -85.754  38.244 -85.748  0.59
3 17  7.0 38.24 -85.754  38.243 -85.748  0.56
7 11  5.0 38.242 -85.754  38.243 -85.748  0.56
2 12  3.0 38.241 -85.751  38.246 -85.751  0.11
3 12  4.0 38.244 -85.754  38.243 -85.748  0.66
1 19  3.0 38.245 -85.753  38.243 -85.749  0.43
4 3  4.0 38.245 -85.754  38.243 -85.748  0.49
3 14  5.0 38.245 -85.752  38.243 -85.75  0.37
6 16  5.0 38.244 -85.754  38.244 -85.748  0.84
6 5  16.0 38.245 -85.754  38.243 -85.748  0.41
5 11  7.0 38.245 -85.751  38.244 -85.751  0.27
2 16  14.0 38.246 -85.755  38.243 -85.747  1.24
7 16  2.0 38.245 -85.751  38.245 -85.751  0.249
4 19  3.0 38.245 -85.751  38.245 -85.751  0.09
1 20  4.0 38.245 -85.751  38.245 -85.751  0.186
6 9  5.0 38.245 -85.751  38.245 -85.751  0.35
1 19  7.0 38.246 -85.753  38.244 -85.749  0.665
7 18  15.0 38.245 -85.754  38.245 -85.748  0.55
5 11  3.0 38.246 -85.753  38.245 -85.749  0.29
2 19  3.0 38.245 -85.751  38.246 -85.751  0.311
6 13  4.0 38.245 -85.752  38.246 -85.75  0.17
3 3  5.0 38.246 -85.754  38.245 -85.748  0.21
7 18  5.0 38.246 -85.755  38.245 -85.747  0.425
6 21  11.0 38.245 -85.751  38.246 -85.751  0.994
2 19  4.0 38.246 -85.751  38.246 -85.751  0.373
3 13  5.0 38.247 -85.754  38.245 -85.748  0.42
2 14  5.0 38.248 -85.752  38.244 -85.75  0.5
5 17  5.0 38.249 -85.751  38.243 -85.751  0.65
1 21  6.0 38.246 -85.751  38.246 -85.751  0.435
3 18  6.0 38.246 -85.751  38.246 -85.751  0.808
6 3  5.0 38.247 -85.752  38.246 -85.75  0.31
5 8  5.0 38.248 -85.755  38.245 -85.747  0.72
2 8  7.0 38.248 -85.755  38.245 -85.747  0.93
3 20  7.0 38.249 -85.754  38.245 -85.748  0.994
6 20  6.0 38.25 -85.755  38.245 -85.747  0.746
6 22  10.0 38.25 -85.755  38.245 -85.747  0.87
4 11  14.0 38.251 -85.755  38.244 -85.747  1.13
3 5  5.0 38.251 -85.754  38.245 -85.748  0.39
2 19  10.0 38.25 -85.751  38.246 -85.751  0.67
3 10  26.0 38.25 -85.755  38.246 -85.747  1.424
3 14  11.0 38.252 -85.755  38.245 -85.747  0.96
3 5  5.0 38.252 -85.754  38.246 -85.748  0.47
6 4  5.0 38.252 -85.754  38.246 -85.748  0.61
1 15  11.0 38.255 -85.756  38.243 -85.746  1.21
3 16  13.0 38.255 -85.756  38.243 -85.746  1.84
5 6  14.0 38.255 -85.754  38.243 -85.748  0.96
7 13  18.0 38.253 -85.754  38.245 -85.748  1.2
4 11  19.0 38.252 -85.755  38.246 -85.747  1.11
5 16  10.0 38.255 -85.755  38.244 -85.747  1.65
5 14  9.0 38.254 -85.751  38.246 -85.751  0.62
1 16  11.0 38.257 -85.756  38.243 -85.746  1.25
3 12  13.0 38.257 -85.756  38.243 -85.746  1.4
5 8  14.0 38.257 -85.756  38.243 -85.746  1.52
3 16  15.0 38.257 -85.756  38.243 -85.746  1.42
5 16  15.0 38.257 -85.756  38.243 -85.746  1.52
2 15  21.0 38.257 -85.756  38.243 -85.746  2.11
7 11  31.0 38.254 -85.752  38.246 -85.75  2.734
2 9  10.0 38.256 -85.753  38.245 -85.749  1.08
2 12  11.0 38.258 -85.756  38.243 -85.746  1.49
5 13  12.0 38.258 -85.756  38.243 -85.746  1.5
2 14  13.0 38.258 -85.756  38.243 -85.746  1.51
4 16  13.0 38.258 -85.756  38.243 -85.746  1.55
3 16  13.0 38.258 -85.756  38.243 -85.746  1.57
7 15  14.0 38.258 -85.756  38.243 -85.746  1.54
4 15  14.0 38.258 -85.756  38.243 -85.746  1.55
4 16  14.0 38.258 -85.756  38.243 -85.746  1.55
6 19  14.0 38.258 -85.756  38.243 -85.746  1.73
5 9  14.0 38.258 -85.756  38.243 -85.746  1.77
1 15  16.0 38.258 -85.756  38.243 -85.746  1.6
4 16  16.0 38.258 -85.756  38.243 -85.746  1.6
5 15  16.0 38.258 -85.756  38.243 -85.746  2.17
4 12  17.0 38.258 -85.756  38.243 -85.746  1.4
3 15  17.0 38.258 -85.756  38.243 -85.746  1.84
3 15  17.0 38.258 -85.756  38.243 -85.746  2.08
3 16  18.0 38.258 -85.756  38.243 -85.746  1.61
2 12  11.0 38.26 -85.755  38.244 -85.747  1.18
4 14  19.0 38.26 -85.755  38.245 -85.747  2.21
4 15  11.0 38.215 -85.75  38.243 -85.751  2.03
2 15  18.0 38.224 -85.754  38.244 -85.747  1.74
7 8  5.0 38.236 -85.754  38.244 -85.747  0.89
4 13  4.0 38.236 -85.75  38.245 -85.751  0.47
4 13  29.0 38.237 -85.755  38.245 -85.746  2.719
4 7  5.0 38.238 -85.753  38.245 -85.748  0.81
7 12  26.0 38.24 -85.75  38.243 -85.751  0.311
7 14  33.0 38.237 -85.751  38.246 -85.75  2.76
7 17  5.0 38.239 -85.75  38.246 -85.751  1.118
1 10  3.0 38.244 -85.753  38.244 -85.748  0.58
3 17  6.0 38.245 -85.753  38.244 -85.748  0.496
5 10  7.0 38.245 -85.755  38.244 -85.746  0.497
6 14  12.0 38.245 -85.754  38.244 -85.747  0.87
1 15  4.0 38.245 -85.751  38.245 -85.75  0.062
4 9  3.0 38.246 -85.751  38.245 -85.75  0.062
6 10  3.0 38.247 -85.751  38.244 -85.75  0.44
3 10  4.0 38.245 -85.754  38.246 -85.747  0.52
4 8  5.0 38.246 -85.753  38.245 -85.748  0.75
6 13  15.0 38.246 -85.755  38.245 -85.746  0.866
7 17  26.0 38.246 -85.755  38.245 -85.746  2.17
7 7  49.0 38.246 -85.753  38.245 -85.748  1.94
2 7  4.0 38.246 -85.755  38.246 -85.746  0.28
5 15  3.0 38.248 -85.751  38.245 -85.75  0.14
1 12  10.0 38.248 -85.75  38.245 -85.751  0.48
4 19  30.0 38.248 -85.751  38.245 -85.75  0.963
4 9  2.0 38.248 -85.751  38.246 -85.75  0.27
3 19  5.0 38.249 -85.75  38.246 -85.751  0.311
7 12  7.0 38.249 -85.754  38.246 -85.747  0.124
5 7  10.0 38.252 -85.75  38.243 -85.751  0.85
2 17  10.0 38.251 -85.755  38.244 -85.746  1.08
5 9  6.0 38.25 -85.755  38.246 -85.746  0.92
3 20  8.0 38.252 -85.754  38.244 -85.747  0.98
3 17  28.0 38.25 -85.755  38.246 -85.746  3.0
4 6  4.0 38.252 -85.75  38.245 -85.751  0.36
3 19  5.0 38.251 -85.751  38.246 -85.75  0.3
2 18  5.0 38.251 -85.75  38.246 -85.751  0.35
4 12  8.0 38.254 -85.753  38.243 -85.748  0.767
6 14  18.0 38.252 -85.754  38.245 -85.747  2.175
3 11  6.0 38.254 -85.752  38.244 -85.749  0.69
1 12  15.0 38.252 -85.755  38.246 -85.746  2.28
3 8  6.0 38.254 -85.751  38.245 -85.75  0.77
7 12  19.0 38.256 -85.755  38.243 -85.746  1.75
7 17  5.0 38.254 -85.75  38.246 -85.751  0.57
1 19  11.0 38.256 -85.754  38.244 -85.747  1.18
1 10  11.0 38.257 -85.755  38.244 -85.746  1.45
3 15  8.0 38.257 -85.753  38.245 -85.748  1.1
5 19  14.0 38.257 -85.753  38.245 -85.748  0.98
6 11  22.0 38.256 -85.755  38.246 -85.746  1.243
3 17  8.0 38.257 -85.75  38.246 -85.751  0.698
5 16  14.0 38.258 -85.753  38.245 -85.748  0.946
6 19  31.0 38.214 -85.751  38.245 -85.749  3.34
3 8  17.0 38.227 -85.753  38.246 -85.747  2.19
3 7  8.0 38.23 -85.752  38.244 -85.748  0.994
6 7  9.0 38.23 -85.751  38.244 -85.749  1.12
4 8  11.0 38.229 -85.754  38.246 -85.746  1.553
7 11  4.0 38.237 -85.75  38.245 -85.75  0.14
6 16  15.0 38.24 -85.754  38.243 -85.746  1.95
7 5  5.0 38.239 -85.749  38.245 -85.751  0.56
7 14  8.0 38.243 -85.75  38.243 -85.75  1.864
1 13  28.0 38.243 -85.751  38.243 -85.749  2.94
7 22  30.0 38.242 -85.749  38.244 -85.751  2.868
5 5  5.0 38.244 -85.754  38.243 -85.746  0.6
3 14  4.0 38.243 -85.749  38.245 -85.751  0.31
1 15  4.0 38.245 -85.754  38.243 -85.746  0.66
6 8  6.0 38.245 -85.754  38.243 -85.746  0.74
1 15  7.0 38.245 -85.754  38.243 -85.746  0.58
6 8  5.0 38.245 -85.75  38.244 -85.75  0.305
3 15  4.0 38.244 -85.75  38.246 -85.75  0.27
6 16  5.0 38.245 -85.75  38.245 -85.75  0.186
2 21  23.0 38.245 -85.75  38.245 -85.75  3.0
5 17  5.0 38.248 -85.752  38.243 -85.748  0.559
5 16  6.0 38.245 -85.749  38.246 -85.751  0.12
6 12  10.0 38.248 -85.754  38.243 -85.746  1.23
2 21  23.0 38.245 -85.75  38.246 -85.75  2.52
3 15  4.0 38.247 -85.75  38.245 -85.75  0.33
5 11  4.0 38.249 -85.75  38.243 -85.75  0.52
5 7  5.0 38.246 -85.75  38.246 -85.75  0.621
3 13  12.0 38.246 -85.75  38.246 -85.75  0.554
7 17  14.0 38.246 -85.75  38.246 -85.75  2.84
7 12  13.0 38.25 -85.754  38.243 -85.746  1.46
3 11  8.0 38.251 -85.753  38.243 -85.747  0.69
6 16  9.0 38.251 -85.754  38.243 -85.746  1.21
7 20  13.0 38.25 -85.751  38.244 -85.749  0.11
5 11  6.0 38.251 -85.749  38.244 -85.751  0.35
7 9  6.0 38.25 -85.753  38.245 -85.747  1.05
4 16  9.0 38.251 -85.752  38.245 -85.748  0.92
7 21  24.0 38.252 -85.752  38.245 -85.748  1.74
7 13  43.0 38.252 -85.754  38.245 -85.746  2.47
5 19  7.0 38.254 -85.753  38.244 -85.747  1.13
3 11  8.0 38.255 -85.753  38.243 -85.747  1.28
7 23  9.0 38.255 -85.753  38.243 -85.747  1.225
5 10  9.0 38.255 -85.754  38.243 -85.746  1.53
6 12  4.0 38.253 -85.751  38.246 -85.749  0.75
6 19  7.0 38.253 -85.753  38.246 -85.747  0.712
1 11  9.0 38.256 -85.754  38.243 -85.746  1.35
3 12  7.0 38.256 -85.754  38.245 -85.746  1.13
3 17  27.0 38.257 -85.752  38.245 -85.748  2.67
6 11  8.0 38.258 -85.751  38.245 -85.749  1.43
5 6  10.0 38.258 -85.753  38.245 -85.747  1.33
5 8  7.0 38.232 -85.753  38.244 -85.746  1.06
1 14  17.0 38.232 -85.752  38.245 -85.747  0.994
6 9  13.0 38.232 -85.752  38.246 -85.747  1.2
3 8  14.0 38.232 -85.753  38.246 -85.746  1.03
2 16  19.0 38.236 -85.752  38.244 -85.747  2.423
7 17  4.0 38.236 -85.751  38.245 -85.748  0.69
5 5  5.0 38.239 -85.749  38.245 -85.75  0.54
3 19  11.0 38.242 -85.749  38.243 -85.75  0.61
6 5  2.0 38.241 -85.748  38.245 -85.751  0.39
4 12  4.0 38.241 -85.749  38.245 -85.75  0.373
5 15  51.0 38.241 -85.75  38.245 -85.749  2.2
2 20  3.0 38.244 -85.752  38.244 -85.747  0.373
2 4  2.0 38.245 -85.751  38.245 -85.748  0.22
4 20  3.0 38.245 -85.751  38.245 -85.748  0.17
6 15  5.0 38.245 -85.748  38.245 -85.751  0.22
4 17  6.0 38.247 -85.753  38.243 -85.746  0.52
6 14  10.0 38.245 -85.753  38.245 -85.746  0.48
2 6  10.0 38.245 -85.75  38.245 -85.749  1.31
4 12  4.0 38.245 -85.753  38.246 -85.746  0.51
7 14  10.0 38.246 -85.749  38.245 -85.75  1.118
2 10  11.0 38.246 -85.75  38.245 -85.749  0.38
3 21  7.0 38.246 -85.748  38.246 -85.751  0.38
4 15  3.0 38.248 -85.749  38.245 -85.75  0.27
3 19  4.0 38.248 -85.749  38.245 -85.75  0.23
7 14  4.0 38.248 -85.751  38.245 -85.748  0.3
7 12  19.0 38.248 -85.751  38.245 -85.748  1.13
2 9  3.0 38.248 -85.75  38.246 -85.749  0.32
4 10  4.0 38.248 -85.749  38.246 -85.75  0.497
4 17  9.0 38.25 -85.752  38.244 -85.747  0.659
2 11  5.0 38.252 -85.752  38.243 -85.747  0.64
2 11  6.0 38.251 -85.752  38.244 -85.747  0.49
7 10  6.0 38.252 -85.751  38.246 -85.748  0.64
3 12  9.0 38.252 -85.752  38.246 -85.747  0.84
1 19  8.0 38.254 -85.752  38.246 -85.747  0.85
7 7  16.0 38.255 -85.753  38.246 -85.746  1.23
4 14  6.0 38.256 -85.75  38.246 -85.749  0.87
6 16  23.0 38.257 -85.748  38.245 -85.751  0.79
4 15  36.0 38.256 -85.753  38.246 -85.746  1.66
2 2  6.0 38.233 -85.75  38.243 -85.748  0.63
6 5  10.0 38.232 -85.75  38.245 -85.748  1.67
6 19  5.0 38.235 -85.752  38.244 -85.746  0.89
1 9  4.0 38.237 -85.748  38.244 -85.75  0.38
5 19  3.0 38.239 -85.75  38.244 -85.748  0.43
4 12  5.0 38.242 -85.751  38.244 -85.747  0.186
2 11  8.0 38.243 -85.751  38.244 -85.747  0.67
7 20  2.0 38.244 -85.75  38.244 -85.748  0.22
4 16  4.0 38.243 -85.752  38.245 -85.746  0.47
3 9  12.0 38.243 -85.747  38.245 -85.751  0.28
2 4  4.0 38.246 -85.748  38.244 -85.75  0.42
7 8  13.0 38.245 -85.749  38.245 -85.749  1.21
5 14  3.0 38.246 -85.75  38.245 -85.748  0.18
3 13  7.0 38.246 -85.75  38.245 -85.748  1.243
4 13  3.0 38.246 -85.749  38.246 -85.749  0.932
5 14  4.0 38.246 -85.748  38.246 -85.75  0.124
6 15  4.0 38.246 -85.749  38.246 -85.749  0.25
4 13  7.0 38.246 -85.749  38.246 -85.749  0.124
6 15  7.0 38.246 -85.749  38.246 -85.749  0.46
6 15  8.0 38.246 -85.749  38.246 -85.749  0.46
5 8  3.0 38.248 -85.747  38.245 -85.751  0.31
4 20  9.0 38.247 -85.747  38.246 -85.751  0.343
3 12  15.0 38.248 -85.749  38.245 -85.749  0.751
6 13  4.0 38.248 -85.751  38.246 -85.747  0.29
4 22  4.0 38.251 -85.751  38.244 -85.747  0.78
2 13  5.0 38.249 -85.747  38.246 -85.751  0.46
2 17  8.0 38.25 -85.75  38.245 -85.748  0.559
6 15  6.0 38.251 -85.751  38.245 -85.747  0.88
3 7  5.0 38.254 -85.748  38.245 -85.75  0.6
6 17  6.0 38.253 -85.749  38.246 -85.749  0.497
6 23  8.0 38.255 -85.75  38.244 -85.748  0.062
7 5  7.0 38.256 -85.748  38.244 -85.75  0.71
7 18  24.0 38.259 -85.749  38.243 -85.749  1.85
2 16  10.0 38.258 -85.751  38.245 -85.747  1.24
3 14  40.0 38.26 -85.748  38.245 -85.75  2.39
3 6  14.0 38.211 -85.748  38.245 -85.749  2.37
6 19  11.0 38.216 -85.748  38.243 -85.749  2.175
5 9  16.0 38.216 -85.751  38.245 -85.746  2.35
2 7  8.0 38.233 -85.748  38.244 -85.749  0.88
3 23  5.0 38.239 -85.749  38.244 -85.748  0.33
4 5  4.0 38.239 -85.749  38.245 -85.748  0.45
3 5  4.0 38.239 -85.749  38.245 -85.748  0.46
4 5  4.0 38.239 -85.749  38.245 -85.748  0.46
6 12  6.0 38.243 -85.749  38.243 -85.748  1.16
3 16  6.0 38.243 -85.746  38.244 -85.751  0.56
3 12  10.0 38.244 -85.749  38.243 -85.748  0.17
6 18  12.0 38.244 -85.748  38.244 -85.749  1.47
4 19  3.0 38.245 -85.748  38.244 -85.749  0.15
7 18  3.0 38.245 -85.751  38.244 -85.746  0.311
7 19  3.0 38.244 -85.747  38.245 -85.75  0.34
5 15  17.0 38.245 -85.748  38.244 -85.749  3.21
2 16  4.0 38.244 -85.747  38.246 -85.75  0.14
6 8  12.0 38.244 -85.748  38.246 -85.749  0.98
7 12  7.0 38.246 -85.75  38.245 -85.747  0.63
7 17  8.0 38.245 -85.748  38.246 -85.749  0.07
3 4  3.0 38.247 -85.747  38.245 -85.75  0.42
4 18  4.0 38.246 -85.751  38.246 -85.746  0.373
3 8  4.0 38.248 -85.747  38.244 -85.75  0.4
5 20  3.0 38.247 -85.749  38.246 -85.748  0.124
4 12  3.0 38.247 -85.749  38.246 -85.748  0.18
6 8  3.0 38.248 -85.747  38.245 -85.75  0.249
3 13  3.0 38.249 -85.75  38.245 -85.747  0.469
2 17  13.0 38.252 -85.751  38.243 -85.746  1.72
2 14  6.0 38.251 -85.748  38.245 -85.749  0.59
3 13  5.0 38.251 -85.75  38.246 -85.747  0.79
4 15  9.0 38.254 -85.75  38.244 -85.747  1.04
3 18  24.0 38.254 -85.746  38.244 -85.751  1.41
3 20  8.0 38.256 -85.746  38.245 -85.751  0.86
3 21  7.0 38.258 -85.749  38.246 -85.748  0.726
6 8  11.0 38.235 -85.749  38.244 -85.747  0.746
6 11  5.0 38.238 -85.747  38.244 -85.749  0.56
3 9  6.0 38.24 -85.747  38.244 -85.749  0.43
4 19  9.0 38.243 -85.748  38.243 -85.748  1.14
4 6  9.0 38.243 -85.748  38.244 -85.748  1.18
4 18  30.0 38.244 -85.747  38.243 -85.749  5.08
1 10  11.0 38.245 -85.748  38.244 -85.748  0.621
4 13  24.0 38.246 -85.746  38.243 -85.75  0.373
2 11  2.0 38.245 -85.748  38.245 -85.748  0.684
7 9  3.0 38.245 -85.748  38.245 -85.748  0.06
3 16  3.0 38.246 -85.747  38.244 -85.749  0.19
4 12  4.0 38.247 -85.747  38.243 -85.749  0.4
5 13  6.0 38.245 -85.748  38.245 -85.748  1.74
7 12  7.0 38.245 -85.748  38.245 -85.748  0.22
5 16  12.0 38.245 -85.748  38.245 -85.748  0.249
4 14  22.0 38.246 -85.749  38.244 -85.747  1.19
6 14  45.0 38.245 -85.748  38.245 -85.748  0.38
4 11  3.0 38.246 -85.748  38.245 -85.748  0.621
2 13  8.0 38.246 -85.748  38.245 -85.748  1.802
7 14  4.0 38.246 -85.748  38.246 -85.748  0.13
4 8  7.0 38.246 -85.748  38.246 -85.748  0.05
3 10  10.0 38.246 -85.748  38.246 -85.748  0.46
4 15  15.0 38.246 -85.748  38.246 -85.748  0.76
4 15  18.0 38.246 -85.748  38.246 -85.748  0.83
2 11  4.0 38.248 -85.745  38.245 -85.751  0.46
3 19  6.0 38.247 -85.75  38.246 -85.746  0.4
2 10  6.0 38.248 -85.745  38.245 -85.751  0.5
4 17  8.0 38.247 -85.749  38.246 -85.747  0.57
5 16  25.0 38.248 -85.745  38.245 -85.751  2.19
5 16  26.0 38.248 -85.745  38.245 -85.751  2.04
5 16  26.0 38.248 -85.745  38.245 -85.751  2.13
6 16  3.0 38.249 -85.748  38.245 -85.748  0.249
4 8  4.0 38.248 -85.747  38.246 -85.749  0.211
2 10  4.0 38.249 -85.748  38.245 -85.748  0.52
4 17  6.0 38.249 -85.748  38.245 -85.748  0.249
7 18  2.0 38.249 -85.747  38.246 -85.749  0.3
2 16  9.0 38.254 -85.745  38.245 -85.751  0.92
1 18  45.0 38.255 -85.749  38.244 -85.747  2.93
6 17  12.0 38.257 -85.747  38.245 -85.749  0.97
5 17  25.0 38.258 -85.749  38.245 -85.747  1.864
6 13  24.0 38.209 -85.744  38.245 -85.751  2.47
4 2  16.0 38.213 -85.745  38.246 -85.75  2.54
2 20  27.0 38.234 -85.747  38.245 -85.748  2.672
6 5  4.0 38.237 -85.747  38.243 -85.748  0.5
4 17  5.0 38.236 -85.747  38.245 -85.748  0.615
6 10  3.0 38.239 -85.747  38.243 -85.748  0.46
4 14  9.0 38.238 -85.744  38.245 -85.751  1.05
1 6  7.0 38.241 -85.748  38.243 -85.747  0.6
6 14  44.0 38.24 -85.747  38.245 -85.748  0.53
5 17  9.0 38.243 -85.749  38.243 -85.746  0.142
2 9  30.0 38.243 -85.747  38.243 -85.748  0.89
6 12  2.0 38.242 -85.749  38.245 -85.746  0.36
6 14  20.0 38.243 -85.746  38.244 -85.749  2.69
3 12  3.0 38.245 -85.747  38.243 -85.748  0.16
2 6  4.0 38.243 -85.747  38.245 -85.748  0.19
2 16  3.0 38.244 -85.747  38.245 -85.748  0.045
3 10  15.0 38.244 -85.746  38.245 -85.749  0.19
3 8  3.0 38.245 -85.747  38.245 -85.748  0.124
2 11  9.0 38.247 -85.749  38.243 -85.746  0.497
3 14  11.0 38.245 -85.747  38.245 -85.748  0.6
7 21  12.0 38.245 -85.747  38.245 -85.748  0.411
4 16  21.0 38.245 -85.748  38.245 -85.747  0.5
6 18  35.0 38.246 -85.749  38.244 -85.746  3.81
5 7  4.0 38.247 -85.749  38.244 -85.746  0.42
4 8  5.0 38.247 -85.745  38.244 -85.75  0.48
2 15  2.0 38.248 -85.749  38.244 -85.746  0.208
5 16  2.0 38.248 -85.747  38.244 -85.748  0.238
5 11  3.0 38.246 -85.745  38.246 -85.75  0.186
2 4  4.0 38.248 -85.747  38.244 -85.748  0.24
6 9  9.0 38.247 -85.745  38.245 -85.75  0.39
4 14  5.0 38.249 -85.744  38.244 -85.751  0.54
3 13  5.0 38.249 -85.749  38.244 -85.746  0.57
3 8  7.0 38.248 -85.746  38.245 -85.749  0.621
5 14  7.0 38.248 -85.747  38.245 -85.748  0.66
2 15  47.0 38.249 -85.748  38.244 -85.747  0.373
4 10  4.0 38.249 -85.747  38.245 -85.748  0.22
5 14  3.0 38.25 -85.747  38.246 -85.748  0.32
3 13  12.0 38.252 -85.749  38.244 -85.746  0.93
2 12  20.0 38.251 -85.748  38.245 -85.747  2.27
1 16  3.0 38.251 -85.745  38.246 -85.75  0.63
6 12  11.0 38.253 -85.745  38.245 -85.75  0.99
4 16  41.0 38.254 -85.748  38.244 -85.747  1.864
5 9  6.0 38.255 -85.748  38.244 -85.747  0.73
5 9  6.0 38.255 -85.748  38.244 -85.747  0.86
1 16  14.0 38.256 -85.746  38.243 -85.749  1.01
4 9  28.0 38.253 -85.744  38.246 -85.751  4.42
6 16  3.0 38.254 -85.748  38.246 -85.747  0.48
6 12  11.0 38.254 -85.745  38.246 -85.75  0.99
7 16  16.0 38.256 -85.744  38.245 -85.751  1.11
6 21  13.0 38.257 -85.747  38.245 -85.748  0.91
3 11  13.0 38.261 -85.744  38.246 -85.751  1.85
2 17  11.0 38.227 -85.746  38.243 -85.748  1.31
5 14  6.0 38.235 -85.747  38.245 -85.747  0.65
6 16  6.0 38.243 -85.746  38.243 -85.748  0.13
2 21  3.0 38.243 -85.747  38.244 -85.747  0.186
2 14  6.0 38.242 -85.744  38.245 -85.75  0.373
4 18  14.0 38.243 -85.746  38.244 -85.748  0.62
6 16  2.0 38.244 -85.747  38.244 -85.747  0.21
2 5  3.0 38.243 -85.745  38.245 -85.749  0.23
2 18  3.0 38.244 -85.747  38.244 -85.747  1.056
7 18  4.0 38.244 -85.747  38.244 -85.747  0.12
6 22  4.0 38.244 -85.747  38.244 -85.747  0.124
6 8  4.0 38.244 -85.747  38.244 -85.747  0.373
2 7  4.0 38.244 -85.747  38.244 -85.747  0.52
4 13  5.0 38.244 -85.747  38.244 -85.747  0.05
6 19  5.0 38.244 -85.747  38.244 -85.747  0.062
6 0  5.0 38.244 -85.747  38.244 -85.747  0.25
4 14  5.0 38.244 -85.743  38.244 -85.751  0.72
5 4  6.0 38.244 -85.747  38.244 -85.747  0.36
6 16  6.0 38.244 -85.747  38.244 -85.747  0.66
1 17  6.0 38.244 -85.747  38.244 -85.747  1.0
7 14  7.0 38.244 -85.747  38.244 -85.747  0.5
4 3  7.0 38.244 -85.747  38.244 -85.747  0.64
7 13  7.0 38.244 -85.747  38.244 -85.747  0.72
7 16  7.0 38.244 -85.747  38.244 -85.747  0.93
3 7  7.0 38.244 -85.747  38.244 -85.747  0.994
6 20  8.0 38.244 -85.747  38.244 -85.747  1.16
6 16  8.0 38.244 -85.747  38.244 -85.747  1.47
5 9  9.0 38.244 -85.747  38.244 -85.747  0.559
1 10  10.0 38.244 -85.747  38.244 -85.747  0.79
2 15  11.0 38.244 -85.747  38.244 -85.747  0.3
3 18  11.0 38.244 -85.747  38.244 -85.747  0.58
6 14  11.0 38.244 -85.747  38.244 -85.747  1.89
7 14  12.0 38.244 -85.747  38.244 -85.747  1.54
3 18  15.0 38.244 -85.747  38.244 -85.747  1.64
5 11  18.0 38.244 -85.747  38.244 -85.747  0.99
7 23  21.0 38.244 -85.747  38.244 -85.747  1.864
3 10  21.0 38.244 -85.747  38.244 -85.747  2.8
4 13  22.0 38.244 -85.747  38.244 -85.747  0.55
6 18  23.0 38.244 -85.747  38.244 -85.747  0.73
7 19  26.0 38.244 -85.747  38.244 -85.747  2.33
6 11  29.0 38.244 -85.747  38.244 -85.747  3.97
1 15  31.0 38.244 -85.747  38.244 -85.747  1.41
5 9  44.0 38.244 -85.747  38.244 -85.747  2.54
6 8  53.0 38.244 -85.747  38.244 -85.747  2.48
3 9  4.0 38.244 -85.745  38.245 -85.749  0.5
1 21  6.0 38.244 -85.747  38.245 -85.747  0.373
2 12  7.0 38.245 -85.746  38.244 -85.748  0.35
4 12  22.0 38.244 -85.747  38.245 -85.747  2.99
2 15  24.0 38.244 -85.746  38.245 -85.748  2.14
6 18  34.0 38.244 -85.747  38.245 -85.747  3.11
4 2  3.0 38.245 -85.747  38.245 -85.747  0.24
4 8  3.0 38.246 -85.746  38.244 -85.748  0.285
1 9  8.0 38.245 -85.747  38.245 -85.747  0.249
7 17  8.0 38.245 -85.747  38.245 -85.747  0.808
6 9  9.0 38.245 -85.747  38.245 -85.747  1.367
5 13  15.0 38.245 -85.747  38.245 -85.747  1.1
3 0  21.0 38.245 -85.747  38.245 -85.747  3.25
3 0  24.0 38.245 -85.747  38.245 -85.747  3.24
3 16  4.0 38.245 -85.744  38.246 -85.75  0.368
1 18  13.0 38.246 -85.747  38.245 -85.747  0.25
5 18  13.0 38.248 -85.747  38.244 -85.747  0.13
4 13  18.0 38.248 -85.747  38.244 -85.747  1.55
3 10  19.0 38.246 -85.745  38.246 -85.749  0.29
4 13  21.0 38.248 -85.747  38.244 -85.747  1.69
5 16  3.0 38.248 -85.746  38.245 -85.748  0.249
3 12  3.0 38.249 -85.747  38.244 -85.747  0.45
4 21  5.0 38.249 -85.747  38.244 -85.747  0.426
6 12  8.0 38.248 -85.747  38.245 -85.747  0.12
3 17  8.0 38.25 -85.743  38.243 -85.751  0.9
1 10  23.0 38.248 -85.745  38.245 -85.749  1.53
4 8  3.0 38.25 -85.746  38.245 -85.748  0.186
7 10  4.0 38.25 -85.744  38.245 -85.75  0.57
1 19  10.0 38.252 -85.743  38.244 -85.751  0.994
3 11  6.0 38.252 -85.743  38.245 -85.751  0.78
7 14  11.0 38.252 -85.743  38.245 -85.751  0.97
4 8  15.0 38.254 -85.745  38.243 -85.749  0.94
5 11  8.0 38.254 -85.747  38.244 -85.747  0.9
1 16  11.0 38.255 -85.748  38.243 -85.746  1.118
3 19  6.0 38.256 -85.746  38.243 -85.748  1.14
1 9  36.0 38.254 -85.744  38.245 -85.75  1.95
7 12  4.0 38.255 -85.745  38.245 -85.749  0.63
1 16  4.0 38.254 -85.745  38.246 -85.749  0.97
5 13  7.0 38.255 -85.744  38.245 -85.75  0.84
5 17  30.0 38.256 -85.747  38.244 -85.747  3.29
7 8  21.0 38.257 -85.745  38.244 -85.749  2.45
4 14  25.0 38.258 -85.748  38.244 -85.746  3.29
4 15  33.0 38.256 -85.748  38.246 -85.746  1.62
6 22  20.0 38.258 -85.746  38.246 -85.748  2.423
4 2  13.0 38.213 -85.743  38.246 -85.75  2.7
6 11  6.0 38.233 -85.744  38.243 -85.749  1.049
3 18  17.0 38.232 -85.742  38.245 -85.751  1.98
1 0  5.0 38.235 -85.745  38.243 -85.748  0.8
6 20  23.0 38.239 -85.746  38.243 -85.747  3.48
2 7  12.0 38.24 -85.742  38.246 -85.751  0.61
4 19  5.0 38.244 -85.743  38.243 -85.75  0.559
5 19  3.0 38.244 -85.746  38.244 -85.747  0.28
6 19  5.0 38.244 -85.746  38.244 -85.747  0.2
1 10  6.0 38.244 -85.747  38.244 -85.746  0.24
3 19  8.0 38.244 -85.747  38.244 -85.746  0.87
3 17  9.0 38.244 -85.747  38.244 -85.746  0.28
7 19  10.0 38.244 -85.747  38.244 -85.746  1.45
4 24  12.0 38.244 -85.747  38.244 -85.746  1.118
4 18  13.0 38.244 -85.747  38.244 -85.746  1.18
3 15  14.0 38.243 -85.747  38.245 -85.746  0.435
2 8  16.0 38.244 -85.747  38.244 -85.746  2.89
2 15  4.0 38.244 -85.746  38.245 -85.747  0.14
7 19  21.0 38.245 -85.746  38.245 -85.747  2.14
7 19  39.0 38.245 -85.746  38.245 -85.747  2.17
4 18  6.0 38.247 -85.746  38.244 -85.747  0.17
4 20  3.0 38.247 -85.747  38.245 -85.746  0.28
5 19  3.0 38.248 -85.747  38.244 -85.746  0.33
3 16  3.0 38.248 -85.746  38.245 -85.747  0.16
4 8  3.0 38.249 -85.746  38.246 -85.747  0.34
1 13  6.0 38.249 -85.742  38.246 -85.751  1.181
3 12  13.0 38.252 -85.745  38.243 -85.748  1.31
4 16  30.0 38.25 -85.746  38.246 -85.747  3.33
6 22  7.0 38.253 -85.744  38.244 -85.749  0.81
2 13  4.0 38.253 -85.747  38.245 -85.746  0.69
6 9  8.0 38.253 -85.742  38.245 -85.751  1.0
1 13  8.0 38.253 -85.742  38.245 -85.751  1.1
6 13  43.0 38.255 -85.744  38.244 -85.749  3.37
4 8  19.0 38.255 -85.745  38.245 -85.748  0.68
4 22  5.0 38.255 -85.747  38.246 -85.746  0.698
5 22  15.0 38.257 -85.746  38.244 -85.747  1.73
5 22  16.0 38.257 -85.746  38.244 -85.747  1.74
6 7  21.0 38.258 -85.745  38.245 -85.748  2.16
1 15  29.0 38.258 -85.745  38.245 -85.748  3.89
4 5  14.0 38.213 -85.743  38.246 -85.749  2.45
1 14  7.0 38.231 -85.746  38.244 -85.746  1.07
4 12  3.0 38.241 -85.746  38.243 -85.746  0.08
4 13  5.0 38.242 -85.743  38.243 -85.749  0.41
6 10  34.0 38.241 -85.745  38.244 -85.747  4.909
6 18  5.0 38.243 -85.746  38.243 -85.746  0.5
7 9  6.0 38.242 -85.742  38.244 -85.75  0.46
1 16  9.0 38.243 -85.746  38.243 -85.746  0.2
6 16  18.0 38.243 -85.746  38.243 -85.746  1.96
3 20  25.0 38.243 -85.746  38.243 -85.746  3.59
5 7  11.0 38.243 -85.744  38.244 -85.748  1.243
3 8  2.0 38.244 -85.746  38.244 -85.746  0.311
4 18  3.0 38.245 -85.746  38.243 -85.746  0.173
4 18  4.0 38.246 -85.746  38.245 -85.746  0.087
2 12  4.0 38.248 -85.744  38.243 -85.748  0.45
5 16  2.0 38.248 -85.745  38.244 -85.747  0.311
1 14  4.0 38.248 -85.745  38.244 -85.747  0.28
2 18  4.0 38.248 -85.745  38.244 -85.747  0.47
4 8  6.0 38.248 -85.745  38.244 -85.747  0.75
6 11  9.0 38.246 -85.746  38.246 -85.746  0.56
6 12  12.0 38.246 -85.746  38.246 -85.746  0.57
5 9  2.0 38.247 -85.744  38.246 -85.748  0.2
2 13  3.0 38.247 -85.746  38.246 -85.746  0.07
4 12  3.0 38.248 -85.745  38.245 -85.747  0.15
6 14  3.0 38.247 -85.744  38.246 -85.748  0.25
6 8  4.0 38.25 -85.743  38.244 -85.749  0.278
6 20  4.0 38.25 -85.745  38.245 -85.747  0.26
2 16  13.0 38.251 -85.745  38.245 -85.747  0.61
5 10  9.0 38.254 -85.743  38.243 -85.749  0.98
1 11  18.0 38.252 -85.741  38.245 -85.751  1.802
1 21  25.0 38.254 -85.746  38.243 -85.746  2.664
7 6  6.0 38.254 -85.746  38.246 -85.746  0.82
2 17  9.0 38.255 -85.744  38.245 -85.748  0.93
1 8  11.0 38.255 -85.744  38.245 -85.748  1.35
3 19  8.0 38.255 -85.745  38.246 -85.747  1.58
1 16  15.0 38.257 -85.746  38.244 -85.746  1.84
7 12  31.0 38.255 -85.745  38.246 -85.747  2.28
7 14  8.0 38.257 -85.741  38.245 -85.751  1.37
6 18  19.0 38.258 -85.745  38.244 -85.747  1.54
6 11  10.0 38.258 -85.745  38.245 -85.747  1.148
3 14  11.0 38.258 -85.745  38.245 -85.747  0.92
3 14  29.0 38.258 -85.745  38.245 -85.747  1.18
6 13  13.0 38.214 -85.743  38.245 -85.748  2.17
6 21  12.0 38.216 -85.743  38.246 -85.748  2.08
2 13  5.0 38.237 -85.744  38.245 -85.747  0.74
2 19  4.0 38.24 -85.744  38.246 -85.747  0.62
6 14  7.0 38.243 -85.745  38.243 -85.746  0.38
7 14  18.0 38.242 -85.745  38.244 -85.746  3.045
2 12  7.0 38.242 -85.743  38.245 -85.748  0.435
3 10  48.0 38.243 -85.744  38.245 -85.747  1.25
3 17  5.0 38.245 -85.745  38.244 -85.746  0.36
7 9  14.0 38.245 -85.745  38.245 -85.746  0.249
3 11  16.0 38.244 -85.745  38.246 -85.746  1.24
5 19  30.0 38.244 -85.745  38.246 -85.746  3.3
7 10  4.0 38.245 -85.741  38.246 -85.75  0.77
4 20  2.0 38.248 -85.745  38.244 -85.746  0.313
5 11  3.0 38.246 -85.744  38.246 -85.747  0.15
4 14  9.0 38.248 -85.744  38.244 -85.747  0.44
7 23  12.0 38.248 -85.745  38.244 -85.746  0.124
6 20  3.0 38.248 -85.745  38.245 -85.746  0.186
3 17  4.0 38.248 -85.745  38.245 -85.746  0.13
3 19  4.0 38.248 -85.745  38.245 -85.746  0.194
4 12  4.0 38.25 -85.745  38.245 -85.746  0.17
1 14  6.0 38.249 -85.741  38.246 -85.75  0.808
7 21  4.0 38.252 -85.743  38.244 -85.748  0.51
2 19  10.0 38.252 -85.74  38.244 -85.751  1.181
5 13  13.0 38.253 -85.745  38.245 -85.746  1.181
6 22  19.0 38.255 -85.745  38.243 -85.746  0.87
4 16  5.0 38.255 -85.745  38.245 -85.746  0.61
7 14  6.0 38.256 -85.744  38.24