1 6  44.0 38.258 -85.767  38.257 -85.718  2.9
4 6  19.0 38.257 -85.767  38.257 -85.717  2.573
7 16  23.0 38.251 -85.765  38.259 -85.716  3.542
4 6  17.0 38.256 -85.764  38.257 -85.717  2.571
4 16  21.0 38.256 -85.762  38.256 -85.718  2.672
7 16  30.0 38.257 -85.762  38.258 -85.718  2.67
1 17  39.0 38.225 -85.762  38.257 -85.717  4.88
1 17  42.0 38.225 -85.762  38.257 -85.717  4.93
5 17  19.0 38.243 -85.76  38.258 -85.719  0.932
7 13  18.0 38.253 -85.762  38.256 -85.717  2.76
7 9  24.0 38.256 -85.762  38.256 -85.717  3.06
7 10  27.0 38.256 -85.761  38.257 -85.718  2.54
7 9  24.0 38.257 -85.762  38.257 -85.717  3.05
1 9  23.0 38.218 -85.76  38.259 -85.718  4.54
1 17  38.0 38.222 -85.761  38.257 -85.717  4.84
2 12  27.0 38.259 -85.762  38.257 -85.716  3.35
1 19  25.0 38.234 -85.76  38.26 -85.717  3.158
4 10  29.0 38.246 -85.758  38.257 -85.719  2.89
2 10  16.0 38.247 -85.758  38.258 -85.719  2.38
2 12  24.0 38.251 -85.758  38.257 -85.719  3.64
7 13  19.0 38.257 -85.76  38.256 -85.717  2.78
7 13  19.0 38.257 -85.76  38.256 -85.717  2.84
7 20  22.0 38.256 -85.762  38.257 -85.715  2.423
7 16  30.0 38.257 -85.76  38.256 -85.717  2.64
6 16  26.0 38.232 -85.757  38.258 -85.719  2.768
7 5  26.0 38.234 -85.757  38.257 -85.719  3.56
5 12  18.0 38.25 -85.759  38.257 -85.717  2.69
3 19  15.0 38.253 -85.759  38.256 -85.717  2.16
1 15  23.0 38.253 -85.759  38.257 -85.717  2.74
5 9  24.0 38.252 -85.76  38.259 -85.716  2.66
2 20  43.0 38.256 -85.757  38.258 -85.719  1.988
2 17  32.0 38.257 -85.757  38.258 -85.719  3.79
4 3  19.0 38.245 -85.757  38.256 -85.718  2.64
1 15  24.0 38.247 -85.759  38.256 -85.716  3.23
3 11  21.0 38.247 -85.756  38.257 -85.719  2.91
3 14  29.0 38.248 -85.757  38.256 -85.718  2.94
2 16  43.0 38.249 -85.758  38.258 -85.717  2.61
6 17  15.0 38.253 -85.757  38.259 -85.718  2.3
6 13  18.0 38.256 -85.757  38.257 -85.718  2.24
1 21  20.0 38.257 -85.758  38.26 -85.717  1.988
7 14  20.0 38.247 -85.758  38.257 -85.716  3.08
5 12  18.0 38.249 -85.757  38.257 -85.717  2.71
1 8  16.0 38.251 -85.755  38.257 -85.719  2.2
1 8  16.0 38.252 -85.755  38.256 -85.719  2.38
1 15  21.0 38.252 -85.757  38.257 -85.717  2.91
1 15  22.0 38.252 -85.757  38.257 -85.717  2.71
1 22  13.0 38.253 -85.755  38.257 -85.719  2.299
7 8  25.0 38.253 -85.757  38.257 -85.717  2.32
7 14  16.0 38.256 -85.757  38.257 -85.717  2.6
5 6  15.0 38.257 -85.758  38.257 -85.716  2.5
3 14  18.0 38.254 -85.756  38.26 -85.718  2.54
2 16  49.0 38.257 -85.756  38.257 -85.718  2.78
2 16  51.0 38.257 -85.757  38.257 -85.717  2.97
7 21  26.0 38.249 -85.754  38.256 -85.719  3.045
4 20  18.0 38.249 -85.755  38.259 -85.718  0.19
2 12  23.0 38.251 -85.756  38.257 -85.717  3.6
6 4  27.0 38.253 -85.754  38.257 -85.719  2.29
2 21  31.0 38.253 -85.756  38.257 -85.717  2.625
2 14  22.0 38.255 -85.756  38.257 -85.717  2.28
6 13  17.0 38.256 -85.756  38.257 -85.717  2.31
7 5  26.0 38.232 -85.754  38.256 -85.718  3.4
5 9  15.0 38.252 -85.757  38.257 -85.715  3.0
6 1  18.0 38.252 -85.756  38.259 -85.716  2.76
3 14  38.0 38.254 -85.755  38.257 -85.717  3.45
6 13  13.0 38.252 -85.756  38.26 -85.716  2.47
2 19  53.0 38.255 -85.755  38.257 -85.717  2.12
3 14  15.0 38.251 -85.754  38.257 -85.717  2.46
7 11  38.0 38.251 -85.754  38.257 -85.717  3.418
3 14  15.0 38.252 -85.754  38.257 -85.717  2.43
1 15  21.0 38.252 -85.754  38.257 -85.717  2.61
1 3  17.0 38.25 -85.754  38.26 -85.717  2.5
1 18  15.0 38.252 -85.754  38.26 -85.717  2.85
6 1  15.0 38.255 -85.756  38.258 -85.715  2.57
1 2  32.0 38.256 -85.753  38.257 -85.718  2.81
2 18  13.0 38.256 -85.754  38.26 -85.717  2.26
5 21  19.0 38.259 -85.754  38.26 -85.717  2.48
7 12  18.0 38.243 -85.753  38.256 -85.717  2.92
1 18  14.0 38.249 -85.755  38.259 -85.715  2.71
4 14  15.0 38.253 -85.753  38.257 -85.717  2.2
1 15  18.0 38.253 -85.753  38.257 -85.717  2.35
6 4  24.0 38.254 -85.751  38.257 -85.719  2.39
5 19  12.0 38.256 -85.753  38.257 -85.717  2.17
2 19  13.0 38.256 -85.753  38.257 -85.717  1.98
7 18  13.0 38.256 -85.753  38.257 -85.717  2.61
7 19  23.0 38.256 -85.753  38.257 -85.717  2.44
7 19  24.0 38.256 -85.753  38.257 -85.717  2.13
4 21  41.0 38.255 -85.754  38.258 -85.716  3.169
7 16  12.0 38.257 -85.753  38.257 -85.717  2.18
7 13  14.0 38.257 -85.753  38.257 -85.717  2.17
7 18  14.0 38.257 -85.751  38.258 -85.719  2.237
6 7  11.0 38.258 -85.753  38.259 -85.717  2.03
7 15  21.0 38.212 -85.751  38.257 -85.718  4.67
6 13  19.0 38.237 -85.752  38.256 -85.717  2.86
4 20  20.0 38.242 -85.752  38.256 -85.717  2.5
4 14  15.0 38.252 -85.752  38.256 -85.717  2.87
1 15  19.0 38.251 -85.752  38.257 -85.717  2.55
6 17  16.0 38.253 -85.751  38.257 -85.718  2.14
7 18  18.0 38.254 -85.751  38.257 -85.718  2.299
7 18  22.0 38.254 -85.752  38.257 -85.717  2.35
2 17  36.0 38.255 -85.751  38.257 -85.718  4.1
3 3  24.0 38.222 -85.752  38.257 -85.716  4.12
7 12  18.0 38.242 -85.751  38.256 -85.717  3.0
5 23  24.0 38.252 -85.75  38.257 -85.718  2.485
7 18  13.0 38.256 -85.753  38.256 -85.715  2.485
7 16  16.0 38.255 -85.751  38.257 -85.717  2.41
6 16  16.0 38.256 -85.751  38.257 -85.717  1.84
4 18  20.0 38.255 -85.749  38.258 -85.719  2.26
5 9  22.0 38.253 -85.749  38.26 -85.719  2.044
1 16  23.0 38.255 -85.751  38.26 -85.717  2.44
1 2  43.0 38.258 -85.752  38.257 -85.716  4.01
5 15  49.0 38.255 -85.753  38.26 -85.715  3.93
7 17  24.0 38.257 -85.751  38.26 -85.717  2.27
6 12  13.0 38.258 -85.751  38.26 -85.717  2.43
6 1  22.0 38.249 -85.751  38.256 -85.716  3.69
7 18  18.0 38.251 -85.75  38.257 -85.717  2.25
4 8  12.0 38.252 -85.748  38.258 -85.719  2.734
6 17  17.0 38.254 -85.749  38.257 -85.718  2.17
1 14  16.0 38.255 -85.749  38.257 -85.718  1.9
7 21  15.0 38.256 -85.751  38.257 -85.716  2.01
2 18  17.0 38.256 -85.75  38.257 -85.717  2.5
3 19  14.0 38.258 -85.75  38.259 -85.717  2.46
4 14  17.0 38.258 -85.75  38.26 -85.717  2.63
7 21  23.0 38.231 -85.75  38.257 -85.716  3.542
1 13  14.0 38.244 -85.75  38.259 -85.716  2.33
2 6  11.0 38.254 -85.749  38.257 -85.717  1.742
2 18  41.0 38.258 -85.748  38.257 -85.718  0.08
4 15  19.0 38.257 -85.75  38.26 -85.716  2.03
5 10  14.0 38.244 -85.747  38.256 -85.718  2.44
3 8  21.0 38.254 -85.75  38.256 -85.715  2.858
7 18  15.0 38.255 -85.75  38.256 -85.715  2.548
5 18  17.0 38.256 -85.748  38.257 -85.717  1.83
1 9  12.0 38.257 -85.748  38.258 -85.717  1.84
1 2  18.0 38.26 -85.749  38.259 -85.716  2.68
1 2  18.0 38.261 -85.749  38.259 -85.716  2.62
1 19  11.0 38.254 -85.747  38.257 -85.717  1.52
7 0  11.0 38.254 -85.747  38.257 -85.717  1.91
1 23  20.0 38.254 -85.747  38.257 -85.717  2.45
7 17  20.0 38.255 -85.747  38.259 -85.717  2.24
1 16  27.0 38.256 -85.748  38.26 -85.716  2.73
3 6  10.0 38.254 -85.744  38.257 -85.719  1.401
1 17  12.0 38.254 -85.744  38.257 -85.719  1.77
7 17  14.0 38.251 -85.746  38.26 -85.717  1.95
6 16  15.0 38.254 -85.747  38.257 -85.716  2.05
4 10  15.0 38.256 -85.746  38.256 -85.717  1.46
5 18  40.0 38.255 -85.746  38.257 -85.717  2.34
1 9  12.0 38.256 -85.746  38.257 -85.717  1.72
6 15  15.0 38.255 -85.744  38.258 -85.719  2.11
6 17  16.0 38.256 -85.746  38.257 -85.717  1.79
5 5  18.0 38.257 -85.744  38.257 -85.719  1.99
6 18  14.0 38.256 -85.747  38.259 -85.716  2.217
1 23  15.0 38.258 -85.746  38.257 -85.717  2.36
5 19  18.0 38.214 -85.745  38.256 -85.717  3.38
5 18  28.0 38.251 -85.745  38.257 -85.717  2.25
7 17  17.0 38.25 -85.745  38.26 -85.717  1.95
6 16  18.0 38.255 -85.745  38.257 -85.717  2.07
4 13  38.0 38.255 -85.745  38.257 -85.717  1.74
1 17  24.0 38.256 -85.744  38.257 -85.718  1.93
5 8  9.0 38.258 -85.743  38.257 -85.719  1.27
7 11  9.0 38.258 -85.745  38.257 -85.717  1.31
6 14  13.0 38.258 -85.745  38.257 -85.717  2.0
6 14  14.0 38.258 -85.745  38.257 -85.717  2.0
6 14  14.0 38.258 -85.745  38.257 -85.717  2.03
6 14  14.0 38.258 -85.745  38.257 -85.717  2.05
7 17  39.0 38.258 -85.745  38.257 -85.717  2.01
5 13  14.0 38.257 -85.743  38.259 -85.719  1.9
4 20  17.0 38.247 -85.744  38.257 -85.717  2.26
5 15  23.0 38.255 -85.744  38.257 -85.717  1.77
1 14  34.0 38.255 -85.744  38.257 -85.717  2.25
7 14  17.0 38.258 -85.744  38.257 -85.717  2.24
6 17  13.0 38.251 -85.741  38.257 -85.719  1.305
6 23  8.0 38.253 -85.744  38.258 -85.716  0.435
5 17  14.0 38.251 -85.745  38.26 -85.715  2.423
1 13  18.0 38.255 -85.742  38.256 -85.718  1.93
1 14  10.0 38.254 -85.741  38.258 -85.719  1.7
6 20  12.0 38.258 -85.742  38.257 -85.718  1.96
1 5  44.0 38.26 -85.743  38.257 -85.717  2.99
7 20  11.0 38.252 -85.742  38.257 -85.717  2.11
4 19  9.0 38.253 -85.74  38.257 -85.719  1.44
1 20  18.0 38.253 -85.74  38.257 -85.719  1.616
7 19  6.0 38.253 -85.74  38.258 -85.719  1.34
6 19  20.0 38.253 -85.74  38.258 -85.719  3.045
6 15  28.0 38.252 -85.743  38.26 -85.716  1.93
1 18  16.0 38.255 -85.74  38.259 -85.719  1.37
1 17  26.0 38.256 -85.743  38.258 -85.716  1.97
1 13  15.0 38.247 -85.741  38.257 -85.717  1.61
1 17  20.0 38.252 -85.739  38.256 -85.719  1.37
4 20  52.0 38.251 -85.741  38.257 -85.717  3.38
5 19  7.0 38.253 -85.739  38.257 -85.719  1.254
3 12  11.0 38.253 -85.74  38.257 -85.718  1.82
3 18  12.0 38.253 -85.74  38.257 -85.718  1.36
4 13  13.0 38.259 -85.742  38.257 -85.716  2.27
3 16  20.0 38.258 -85.742  38.26 -85.716  1.988
7 8  17.0 38.234 -85.738  38.257 -85.719  2.44
4 20  54.0 38.248 -85.74  38.256 -85.717  0.16
7 16  9.0 38.253 -85.739  38.257 -85.718  1.24
4 18  10.0 38.253 -85.74  38.257 -85.717  1.35
4 18  10.0 38.253 -85.74  38.257 -85.717  1.37
1 15  10.0 38.253 -85.74  38.257 -85.717  2.21
3 20  13.0 38.253 -85.74  38.257 -85.717  1.38
3 16  14.0 38.253 -85.74  38.257 -85.717  1.52
1 20  18.0 38.253 -85.74  38.257 -85.717  1.738
7 22  26.0 38.253 -85.74  38.257 -85.717  0.746
6 16  10.0 38.254 -85.739  38.257 -85.718  1.429
5 15  11.0 38.253 -85.738  38.258 -85.719  1.243
5 15  11.0 38.253 -85.738  38.258 -85.719  1.243
1 20  28.0 38.253 -85.738  38.258 -85.719  3.06
1 20  29.0 38.253 -85.738  38.258 -85.719  2.48
6 16  7.0 38.256 -85.74  38.257 -85.717  1.44
2 17  9.0 38.255 -85.738  38.26 -85.719  1.21
1 13  17.0 38.257 -85.741  38.259 -85.716  1.71
7 13  9.0 38.251 -85.739  38.256 -85.717  1.46
3 12  15.0 38.252 -85.739  38.257 -85.717  1.82
5 15  8.0 38.253 -85.738  38.257 -85.718  1.36
2 19  8.0 38.253 -85.739  38.257 -85.717  1.42
5 20  9.0 38.253 -85.739  38.257 -85.717  1.6
4 18  12.0 38.253 -85.739  38.257 -85.717  1.34
2 17  13.0 38.253 -85.739  38.257 -85.717  1.22
7 17  15.0 38.254 -85.74  38.256 -85.716  0.186
5 8  20.0 38.253 -85.739  38.257 -85.717  1.92
5 8  21.0 38.253 -85.739  38.257 -85.717  1.92
1 16  38.0 38.253 -85.737  38.257 -85.719  2.07
6 15  16.0 38.254 -85.74  38.257 -85.716  2.32
6 20  13.0 38.252 -85.739  38.26 -85.717  1.54
1 15  38.0 38.253 -85.739  38.26 -85.717  2.87
1 15  18.0 38.26 -85.737  38.257 -85.719  0.932
5 14  13.0 38.246 -85.74  38.26 -85.715  1.89
7 21  44.0 38.252 -85.736  38.256 -85.719  4.536
7 12  11.0 38.253 -85.736  38.256 -85.719  1.65
7 21  43.0 38.253 -85.736  38.256 -85.719  0.746
7 11  7.0 38.253 -85.738  38.257 -85.717  1.36
4 19  8.0 38.253 -85.738  38.257 -85.717  1.31
7 11  8.0 38.253 -85.738  38.257 -85.717  1.4
3 21  9.0 38.253 -85.738  38.257 -85.717  1.32
6 6  11.0 38.253 -85.739  38.257 -85.716  1.3
4 18  12.0 38.253 -85.738  38.257 -85.717  1.3
6 19  12.0 38.253 -85.738  38.257 -85.717  1.77
7 12  14.0 38.253 -85.737  38.257 -85.718  1.16
7 18  18.0 38.253 -85.738  38.257 -85.717  2.917
7 21  52.0 38.253 -85.738  38.257 -85.717  1.926
7 21  54.0 38.253 -85.738  38.257 -85.717  2.051
7 22  12.0 38.253 -85.736  38.258 -85.719  2.858
2 18  12.0 38.257 -85.739  38.256 -85.716  1.6
5 12  20.0 38.233 -85.737  38.256 -85.717  2.1
4 13  21.0 38.238 -85.736  38.259 -85.718  2.15
7 14  14.0 38.25 -85.738  38.257 -85.716  1.48
5 19  12.0 38.251 -85.735  38.257 -85.719  1.63
1 15  42.0 38.25 -85.737  38.258 -85.717  3.32
6 11  7.0 38.251 -85.739  38.258 -85.715  1.55
2 13  7.0 38.253 -85.737  38.257 -85.717  1.31
7 11  8.0 38.253 -85.737  38.257 -85.717  1.24
1 18  9.0 38.253 -85.737  38.257 -85.717  1.37
7 14  10.0 38.253 -85.735  38.257 -85.719  1.12
6 19  10.0 38.253 -85.737  38.257 -85.717  1.367
7 12  14.0 38.253 -85.737  38.257 -85.717  1.24
7 14  14.0 38.253 -85.738  38.257 -85.716  1.32
4 18  6.0 38.253 -85.735  38.258 -85.719  1.305
5 15  9.0 38.254 -85.737  38.257 -85.717  1.18
3 14  18.0 38.253 -85.735  38.258 -85.719  2.17
3 14  18.0 38.253 -85.735  38.258 -85.719  2.22
3 14  37.0 38.253 -85.735  38.258 -85.719  2.3
3 14  45.0 38.253 -85.735  38.258 -85.719  2.24
1 9  55.0 38.254 -85.735  38.257 -85.719  3.74
1 12  11.0 38.257 -85.736  38.256 -85.718  1.98
6 17  27.0 38.253 -85.739  38.26 -85.715  1.74
6 14  11.0 38.259 -85.737  38.257 -85.717  1.44
1 22  15.0 38.261 -85.737  38.258 -85.717  0.87
5 11  17.0 38.244 -85.734  38.257 -85.719  1.429
7 11  9.0 38.252 -85.738  38.256 -85.715  1.57
4 19  12.0 38.253 -85.736  38.256 -85.717  1.678
3 20  16.0 38.253 -85.736  38.256 -85.717  2.099
5 19  34.0 38.253 -85.738  38.256 -85.715  1.94
1 18  9.0 38.253 -85.737  38.257 -85.716  1.37
3 16  15.0 38.253 -85.736  38.257 -85.717  1.71
3 16  15.0 38.253 -85.736  38.257 -85.717  1.77
6 7  6.0 38.255 -85.734  38.257 -85.719  1.01
7 13  7.0 38.252 -85.736  38.26 -85.717  1.19
1 16  9.0 38.256 -85.735  38.257 -85.718  1.3
6 12  14.0 38.254 -85.737  38.259 -85.716  1.6
4 22  28.0 38.229 -85.735  38.257 -85.717  4.039
7 8  13.0 38.251 -85.733  38.257 -85.719  1.18
7 13  13.0 38.253 -85.735  38.257 -85.717  1.31
7 13  13.0 38.253 -85.736  38.257 -85.716  1.35
1 19  20.0 38.253 -85.736  38.257 -85.716  1.26
7 19  17.0 38.255 -85.734  38.256 -85.718  1.18
6 7  6.0 38.255 -85.733  38.257 -85.719  1.02
1 20  7.0 38.252 -85.735  38.26 -85.717  1.26
7 8  9.0 38.255 -85.733  38.257 -85.719  1.0
4 22  14.0 38.254 -85.733  38.258 -85.719  0.746
5 20  7.0 38.253 -85.735  38.26 -85.717  1.1
1 10  13.0 38.257 -85.735  38.257 -85.717  1.11
1 15  18.0 38.262 -85.733  38.257 -85.719  1.553
3 18  19.0 38.262 -85.735  38.257 -85.717  2.3
2 13  8.0 38.249 -85.735  38.257 -85.716  1.32
1 20  10.0 38.254 -85.735  38.257 -85.716  1.232
7 18  12.0 38.255 -85.732  38.256 -85.719  0.81
3 11  19.0 38.248 -85.731  38.257 -85.719  1.6
7 8  13.0 38.25 -85.732  38.256 -85.718  1.17
6 11  16.0 38.25 -85.734  38.257 -85.716  1.88
4 15  10.0 38.254 -85.733  38.256 -85.717  1.54
6 19  14.0 38.253 -85.735  38.257 -85.715  2.17
6 20  7.0 38.256 -85.731  38.258 -85.719  0.74
6 9  8.0 38.26 -85.732  38.258 -85.718  0.85
5 14  23.0 38.228 -85.733  38.259 -85.716  3.79
5 7  7.0 38.248 -85.73  38.257 -85.719  1.35
3 12  8.0 38.248 -85.73  38.257 -85.719  1.14
5 11  10.0 38.248 -85.73  38.257 -85.719  1.28
4 11  11.0 38.248 -85.73  38.257 -85.719  1.33
4 11  18.0 38.248 -85.73  38.257 -85.719  1.26
3 15  7.0 38.25 -85.732  38.257 -85.717  1.05
6 21  10.0 38.248 -85.731  38.259 -85.718  1.607
4 22  14.0 38.252 -85.731  38.257 -85.718  0.684
7 19  31.0 38.251 -85.734  38.258 -85.715  2.32
7 15  6.0 38.253 -85.732  38.258 -85.717  1.48
6 5  13.0 38.255 -85.733  38.256 -85.716  2.09
6 23  9.0 38.255 -85.73  38.258 -85.719  1.553
6 19  7.0 38.256 -85.734  38.26 -85.715  1.18
6 17  14.0 38.262 -85.733  38.257 -85.716  1.23
3 6  17.0 38.231 -85.732  38.258 -85.716  0.39
7 19  21.0 38.248 -85.731  38.256 -85.717  0.939
4 18  8.0 38.248 -85.731  38.257 -85.717  1.305
6 15  8.0 38.248 -85.732  38.257 -85.716  1.41
3 11  9.0 38.248 -85.731  38.257 -85.717  1.305
7 8  8.0 38.247 -85.73  38.259 -85.718  1.42
7 22  17.0 38.254 -85.732  38.256 -85.716  1.44
7 15  36.0 38.256 -85.731  38.256 -85.717  3.59
2 13  7.0 38.256 -85.731  38.257 -85.717  0.81
1 17  8.0 38.256 -85.731  38.257 -85.717  0.76
6 22  8.0 38.256 -85.731  38.257 -85.717  1.013
7 18  12.0 38.256 -85.731  38.257 -85.717  0.65
7 16  12.0 38.256 -85.731  38.257 -85.717  0.84
5 20  13.0 38.256 -85.731  38.257 -85.717  1.07
5 16  13.0 38.256 -85.731  38.257 -85.717  1.2
4 17  19.0 38.256 -85.731  38.257 -85.717  0.66
7 15  35.0 38.256 -85.731  38.257 -85.717  3.79
3 16  8.0 38.255 -85.733  38.259 -85.715  1.42
4 14  18.0 38.254 -85.732  38.26 -85.716  1.27
6 22  8.0 38.258 -85.729  38.259 -85.719  0.684
6 12  11.0 38.244 -85.728  38.257 -85.719  1.77
5 17  8.0 38.247 -85.73  38.257 -85.717  1.05
7 12  22.0 38.247 -85.73  38.257 -85.717  1.2
6 22  10.0 38.247 -85.731  38.259 -85.716  1.553
6 22  11.0 38.25 -85.728  38.258 -85.719  0.684
4 15  13.0 38.255 -85.73  38.256 -85.717  1.71
6 17  11.0 38.256 -85.731  38.257 -85.716  0.86
1 10  17.0 38.256 -85.73  38.257 -