3 17  19.0 38.257 -85.791  38.237 -85.71  2.92
5 3  17.0 38.24 -85.767  38.234 -85.714  3.05
6 3  17.0 38.24 -85.765  38.234 -85.713  3.17
2 13  51.0 38.257 -85.765  38.234 -85.713  3.46
2 20  47.0 38.227 -85.762  38.234 -85.713  4.41
2 16  42.0 38.233 -85.76  38.234 -85.714  2.796
4 3  17.0 38.243 -85.762  38.237 -85.712  3.04
6 18  46.0 38.225 -85.761  38.235 -85.712  3.64
6 16  30.0 38.257 -85.76  38.234 -85.713  4.163
1 13  23.0 38.223 -85.76  38.234 -85.712  3.72
7 12  20.0 38.227 -85.76  38.234 -85.712  3.36
2 10  40.0 38.232 -85.758  38.235 -85.713  2.43
7 15  24.0 38.253 -85.758  38.234 -85.713  2.983
1 12  28.0 38.254 -85.757  38.235 -85.714  3.107
3 12  13.0 38.237 -85.756  38.235 -85.714  2.36
6 22  24.0 38.246 -85.756  38.236 -85.714  2.91
7 15  17.0 38.22 -85.757  38.234 -85.712  3.3
7 16  15.0 38.231 -85.755  38.234 -85.714  2.64
3 14  24.0 38.244 -85.755  38.234 -85.714  2.59
7 12  22.0 38.246 -85.756  38.235 -85.713  3.355
4 9  18.0 38.247 -85.756  38.235 -85.713  3.33
2 12  19.0 38.253 -85.757  38.234 -85.712  3.22
4 20  30.0 38.253 -85.756  38.234 -85.713  3.56
6 7  23.0 38.254 -85.756  38.234 -85.713  3.69
4 20  23.0 38.256 -85.756  38.234 -85.713  4.35
3 16  24.0 38.256 -85.757  38.234 -85.712  3.75
1 12  29.0 38.255 -85.755  38.235 -85.714  3.107
6 9  26.0 38.22 -85.756  38.235 -85.712  3.32
3 18  28.0 38.242 -85.755  38.235 -85.713  4.34
1 19  24.0 38.253 -85.754  38.235 -85.714  2.72
2 14  27.0 38.251 -85.758  38.237 -85.71  3.6
7 17  16.0 38.258 -85.754  38.237 -85.714  2.96
7 15  26.0 38.223 -85.755  38.234 -85.712  4.52
6 14  21.0 38.245 -85.755  38.234 -85.712  3.11
7 15  17.0 38.219 -85.754  38.234 -85.712  3.3
7 15  24.0 38.219 -85.754  38.234 -85.712  3.61
7 15  26.0 38.219 -85.754  38.234 -85.712  4.94
3 15  22.0 38.254 -85.756  38.234 -85.71  3.08
4 12  27.0 38.259 -85.756  38.236 -85.71  3.32
4 20  14.0 38.229 -85.754  38.236 -85.711  2.95
4 15  24.0 38.255 -85.751  38.237 -85.714  2.858
2 21  19.0 38.259 -85.752  38.234 -85.713  2.819
7 14  33.0 38.206 -85.75  38.235 -85.714  3.21
7 17  18.0 38.253 -85.75  38.236 -85.713  2.92
1 12  29.0 38.256 -85.752  38.234 -85.711  3.107
3 12  18.0 38.229 -85.748  38.235 -85.714  2.21
1 13  12.0 38.243 -85.748  38.235 -85.714  2.14
3 14  17.0 38.251 -85.749  38.234 -85.713  2.42
3 16  21.0 38.252 -85.75  38.236 -85.712  2.9
4 15  24.0 38.254 -85.749  38.235 -85.713  3.666
1 15  41.0 38.255 -85.748  38.236 -85.714  2.68
6 17  16.0 38.247 -85.75  38.235 -85.711  2.78
4 6  10.0 38.237 -85.748  38.234 -85.712  1.99
3 13  21.0 38.247 -85.747  38.236 -85.713  2.36
2 22  16.0 38.251 -85.747  38.235 -85.713  2.858
4 17  15.0 38.255 -85.746  38.236 -85.714  2.61
5 12  14.0 38.233 -85.746  38.236 -85.713  1.83
5 17  14.0 38.252 -85.745  38.234 -85.713  2.34
6 22  19.0 38.212 -85.743  38.234 -85.714  2.85
6 22  23.0 38.212 -85.743  38.235 -85.714  2.85
7 8  16.0 38.257 -85.745  38.235 -85.712  2.21
7 9  34.0 38.256 -85.743  38.237 -85.714  3.73
7 15  22.0 38.255 -85.743  38.237 -85.713  2.98
7 15  31.0 38.258 -85.741  38.235 -85.714  3.444
1 20  20.0 38.232 -85.742  38.236 -85.712  2.79
5 7  15.0 38.237 -85.741  38.234 -85.713  2.23
4 18  15.0 38.244 -85.741  38.234 -85.713  2.11
1 15  30.0 38.255 -85.742  38.235 -85.712  3.35
1 9  44.0 38.255 -85.74  38.235 -85.714  3.64
4 19  32.0 38.26 -85.741  38.237 -85.713  3.97
2 20  41.0 38.252 -85.741  38.234 -85.712  3.12
6 18  18.0 38.214 -85.739  38.237 -85.713  3.17
6 9  11.0 38.247 -85.741  38.235 -85.711  2.289
3 8  11.0 38.253 -85.739  38.234 -85.713  1.88
5 6  12.0 38.254 -85.739  38.234 -85.713  2.361
5 18  15.0 38.253 -85.738  38.235 -85.714  2.3
3 15  13.0 38.252 -85.738  38.234 -85.713  1.79
7 13  14.0 38.252 -85.737  38.234 -85.714  1.46
6 16  27.0 38.251 -85.74  38.235 -85.711  1.77
1 21  11.0 38.253 -85.738  38.234 -85.713  1.491
4 14  14.0 38.253 -85.738  38.234 -85.713  1.92
5 18  14.0 38.253 -85.738  38.234 -85.713  2.29
7 19  12.0 38.253 -85.739  38.235 -85.712  2.237
4 17  11.0 38.253 -85.738  38.236 -85.713  1.66
1 11  22.0 38.261 -85.738  38.234 -85.713  3.04
7 9  22.0 38.217 -85.739  38.234 -85.711  2.32
2 20  15.0 38.227 -85.737  38.235 -85.713  2.4
5 18  13.0 38.231 -85.736  38.234 -85.714  1.82
7 9  8.0 38.233 -85.737  38.234 -85.713  1.561
6 22  14.0 38.246 -85.737  38.234 -85.713  2.485
7 13  32.0 38.246 -85.738  38.235 -85.712  1.802
1 16  12.0 38.25 -85.74  38.235 -85.71  1.491
6 9  16.0 38.249 -85.74  38.237 -85.71  0.75
2 19  32.0 38.252 -85.738  38.234 -85.712  1.35
3 17  11.0 38.253 -85.738  38.234 -85.712  1.86
7 8  29.0 38.256 -85.738  38.237 -85.712  2.15
7 13  35.0 38.246 -85.736  38.234 -85.713  1.864
6 18  11.0 38.247 -85.736  38.235 -85.713  1.43
6 12  11.0 38.252 -85.736  38.235 -85.713  1.74
6 16  13.0 38.253 -85.736  38.234 -85.713  1.808
6 16  15.0 38.253 -85.736  38.234 -85.713  1.805
5 18  50.0 38.228 -85.738  38.234 -85.71  1.92
4 8  14.0 38.236 -85.735  38.234 -85.713  1.82
7 16  16.0 38.251 -85.735  38.235 -85.713  2.13
5 12  37.0 38.252 -85.735  38.234 -85.713  2.24
4 6  14.0 38.255 -85.737  38.236 -85.711  4.101
4 22  27.0 38.257 -85.735  38.235 -85.713  3.728
6 16  12.0 38.222 -85.733  38.234 -85.714  1.616
6 23  19.0 38.222 -85.734  38.236 -85.713  0.497
7 21  12.0 38.229 -85.734  38.235 -85.713  1.491
2 7  11.0 38.247 -85.737  38.234 -85.71  1.62
7 23  26.0 38.25 -85.733  38.235 -85.714  2.94
1 14  14.0 38.253 -85.735  38.235 -85.712  1.842
2 20  38.0 38.259 -85.735  38.234 -85.712  2.72
7 9  48.0 38.226 -85.733  38.235 -85.713  2.0
2 18  13.0 38.238 -85.733  38.235 -85.713  1.39
3 10  19.0 38.237 -85.733  38.237 -85.713  1.19
6 13  31.0 38.249 -85.736  38.234 -85.71  3.045
1 22  9.0 38.248 -85.732  38.236 -85.714  1.3
6 11  11.0 38.252 -85.733  38.235 -85.713  1.86
5 13  12.0 38.252 -85.733  38.236 -85.713  1.72
7 16  29.0 38.258 -85.734  38.236 -85.712  3.01
6 20  23.0 38.225 -85.731  38.235 -85.714  2.175
3 14  14.0 38.228 -85.731  38.235 -85.714  1.75
6 11  10.0 38.237 -85.732  38.234 -85.713  0.99
4 18  11.0 38.247 -85.731  38.235 -85.714  1.42
7 19  10.0 38.246 -85.732  38.237 -85.713  1.49
6 18  10.0 38.248 -85.731  38.236 -85.714  1.22
6 18  19.0 38.253 -85.734  38.235 -85.711  2.43
3 16  7.0 38.232 -85.73  38.234 -85.714  1.06
7 21  12.0 38.235 -85.73  38.235 -85.714  1.056
2 15  9.0 38.237 -85.731  38.235 -85.713  1.678
2 19  6.0 38.238 -85.731  38.235 -85.713  1.27
7 9  13.0 38.244 -85.731  38.237 -85.713  1.14
6 9  19.0 38.248 -85.73  38.235 -85.714  1.4
3 12  12.0 38.249 -85.731  38.235 -85.713  1.55
4 19  7.0 38.242 -85.732  38.236 -85.711  1.367
4 9  29.0 38.244 -85.729  38.235 -85.714  4.53
7 17  11.0 38.245 -85.729  38.235 -85.714  1.55
6 14  8.0 38.245 -85.729  38.236 -85.714  1.14
6 13  11.0 38.247 -85.73  38.234 -85.713  1.31
4 18  11.0 38.247 -85.73  38.235 -85.713  1.42
2 9  12.0 38.25 -85.73  38.237 -85.713  1.49
6 17  15.0 38.253 -85.732  38.236 -85.711  1.84
7 11  16.0 38.255 -85.73  38.234 -85.713  3.16
1 20  21.0 38.225 -85.729  38.235 -85.713  1.96
6 9  8.0 38.233 -85.731  38.234 -85.711  0.311
2 17  10.0 38.239 -85.728  38.234 -85.714  0.98
5 11  7.0 38.241 -85.729  38.236 -85.713  1.14
7 21  16.0 38.247 -85.73  38.236 -85.712  0.87
1 13  11.0 38.252 -85.73  38.235 -85.712  1.64
7 9  51.0 38.225 -85.728  38.235 -85.713  1.92
1 1  12.0 38.235 -85.727  38.234 -85.714  2.02
2 19  18.0 38.237 -85.727  38.234 -85.714  1.553
7 20  18.0 38.241 -85.727  38.236 -85.714  1.21
7 21  6.0 38.241 -85.727  38.237 -85.714  0.8
6 20  7.0 38.244 -85.728  38.235 -85.713  1.189
7 20  14.0 38.243 -85.729  38.236 -85.712  1.45
2 16  10.0 38.245 -85.728  38.235 -85.713  1.16
7 9  14.0 38.245 -85.728  38.237 -85.713  1.12
6 13  11.0 38.248 -85.729  38.235 -85.712  1.33
2 16  13.0 38.247 -85.73  38.236 -85.711  1.71
3 16  29.0 38.257 -85.728  38.234 -85.713  2.77
4 11  6.0 38.236 -85.727  38.234 -85.713  1.0
1 10  9.0 38.239 -85.73  38.235 -85.71  1.27
7 11  8.0 38.241 -85.727  38.235 -85.713  1.6
2 12  20.0 38.242 -85.726  38.235 -85.714  2.27
2 12  21.0 38.242 -85.726  38.235 -85.714  2.51
3 17  9.0 38.242 -85.73  38.237 -85.71  1.35
4 18  11.0 38.246 -85.728  38.234 -85.712  1.643
6 11  8.0 38.246 -85.727  38.236 -85.713  1.05
1 16  8.0 38.247 -85.726  38.235 -85.714  1.19
7 17  10.0 38.235 -85.727  38.234 -85.712  0.97
1 15  10.0 38.237 -85.726  38.234 -85.713  1.46
4 10  5.0 38.241 -85.725  38.234 -85.714  0.94
7 7  6.0 38.241 -85.725  38.234 -85.714  0.7
7 17  7.0 38.241 -85.725  38.234 -85.714  1.056
3 19  9.0 38.241 -85.725  38.234 -85.714  1.11
4 16  14.0 38.241 -85.725  38.234 -85.714  1.14
1 12  4.0 38.24 -85.725  38.236 -85.714  0.62
2 11  5.0 38.241 -85.725  38.235 -85.714  0.9
4 5  6.0 38.241 -85.725  38.235 -85.714  0.76
2 10  9.0 38.241 -85.725  38.235 -85.714  0.8
7 14  10.0 38.242 -85.726  38.234 -85.713  0.87
6 24  17.0 38.241 -85.725  38.235 -85.714  0.79
1 11  18.0 38.241 -85.725  38.235 -85.714  1.056
7 19  23.0 38.242 -85.726  38.234 -85.713  1.37
7 12  39.0 38.241 -85.725  38.235 -85.714  4.31
7 16  19.0 38.243 -85.726  38.234 -85.713  1.77
5 2  33.0 38.241 -85.725  38.237 -85.714  0.84
7 10  9.0 38.244 -85.726  38.235 -85.713  0.994
7 22  13.0 38.244 -85.726  38.235 -85.713  1.056
2 10  15.0 38.243 -85.728  38.237 -85.711  1.23
2 19  36.0 38.245 -85.727  38.235 -85.712  1.056
5 9  12.0 38.244 -85.725  38.237 -85.714  2.41
3 19  10.0 38.247 -85.725  38.237 -85.714  1.33
3 20  17.0 38.237 -85.725  38.234 -85.713  1.181
1 17  5.0 38.238 -85.724  38.235 -85.714  0.62
6 14  8.0 38.239 -85.726  38.234 -85.712  1.04
2 18  15.0 38.239 -85.726  38.234 -85.712  2.03
1 11  21.0 38.239 -85.725  38.235 -85.713  2.43
3 17  4.0 38.24 -85.724  38.235 -85.714  0.47
3 7  4.0 38.241 -85.725  38.234 -85.713  0.79
5 18  5.0 38.24 -85.724  38.235 -85.714  0.89
5 14  15.0 38.24 -85.724  38.235 -85.714  0.98
2 14  17.0 38.24 -85.724  38.235 -85.714  1.553
7 12  38.0 38.24 -85.724  38.235 -85.714  3.93
7 20  5.0 38.241 -85.725  38.235 -85.713  0.631
7 18  7.0 38.24 -85.724  38.236 -85.714  0.75
4 17  7.0 38.241 -85.724  38.235 -85.714  0.91
1 13  8.0 38.24 -85.724  38.236 -85.714  0.68
7 18  8.0 38.24 -85.724  38.236 -85.714  0.75
6 15  9.0 38.241 -85.725  38.235 -85.713  1.056
7 23  14.0 38.241 -85.725  38.235 -85.713  1.616
2 14  16.0 38.242 -85.726  38.234 -85.712  1.118
1 12  28.0 38.24 -85.727  38.236 -85.711  2.35
5 21  35.0 38.24 -85.724  38.236 -85.714  4.557
5 21  37.0 38.24 -85.724  38.236 -85.714  3.841
6 15  7.0 38.243 -85.726  38.234 -85.712  0.99
7 9  8.0 38.242 -85.726  38.235 -85.712  0.994
6 13  8.0 38.242 -85.725  38.235 -85.713  1.18
3 12  17.0 38.241 -85.727  38.236 -85.711  0.99
1 18  41.0 38.245 -85.725  38.235 -85.713  1.05
1 13  12.0 38.244 -85.728  38.237 -85.71  1.26
3 11  8.0 38.246 -85.728  38.237 -85.71  1.39
2 11  18.0 38.235 -85.723  38.236 -85.714  0.75
4 14  21.0 38.235 -85.727  38.237 -85.71  0.96
3 16  7.0 38.239 -85.724  38.234 -85.713  0.92
4 13  8.0 38.239 -85.725  38.234 -85.712  0.87
2 7  4.0 38.24 -85.724  38.234 -85.713  0.77
3 8  6.0 38.24 -85.724  38.234 -85.713  0.81
3 12  9.0 38.24 -85.724  38.234 -85.713  0.93
7 11  13.0 38.24 -85.724  38.234 -85.713  0.93
5 21  48.0 38.24 -85.724  38.234 -85.713  1.553
5 20  4.0 38.24 -85.724  38.235 -85.713  0.83
6 17  6.0 38.241 -85.724  38.234 -85.713  0.87
2 14  7.0 38.24 -85.723  38.235 -85.714  0.81
7 16  9.0 38.24 -85.724  38.235 -85.713  0.692
1 14  9.0 38.241 -85.725  38.234 -85.712  0.894
4 15  10.0 38.238 -85.727  38.237 -85.71  1.63
2 20  30.0 38.241 -85.725  38.234 -85.712  3.52
7 15  5.0 38.24 -85.724  38.236 -85.713  0.78
7 12  10.0 38.24 -85.724  38.236 -85.713  0.79
7 18  6.0 38.242 -85.724  38.235 -85.713  0.435
5 12  7.0 38.24 -85.724  38.237 -85.713  0.75
7 9  9.0 38.242 -85.725  38.235 -85.712  0.994
7 17  14.0 38.251 -85.724  38.235 -85.713  1.71
7 14  6.0 38.237 -85.722  38.235 -85.714  0.684
2 9  19.0 38.237 -85.722  38.235 -85.714  0.89
2 19  33.0 38.237 -85.724  38.235 -85.712  4.41
1 19  6.0 38.239 -85.722  38.234 -85.714  0.557
5 17  7.0 38.239 -85.726  38.234 -85.71  1.12
4 13  10.0 38.239 -85.723  38.234 -85.713  0.311
7 14  4.0 38.239 -85.722  38.235 -85.714  0.55
6 20  4.0 38.24 -85.724  38.234 -85.712  0.81
1 22  5.0 38.239 -85.722  38.235 -85.714  0.59
4 16  6.0 38.239 -85.722  38.235 -85.714  0.497
5 14  6.0 38.239 -85.722  38.235 -85.714  0.56
1 22  6.0 38.239 -85.722  38.235 -85.714  0.57
1 22  6.0 38.239 -85.722  38.235 -85.714  0.59
1 22  6.0 38.239 -85.722  38.235 -85.714  0.6
4 11  7.0 38.24 -85.724  38.234 -85.712  0.84
4 9  8.0 38.239 -85.722  38.235 -85.714  0.81
4 19  9.0 38.239 -85.722  38.235 -85.714  0.71
7 11  9.0 38.24 -85.724  38.234 -85.712  0.91
7 9  9.0 38.24 -85.724  38.234 -85.712  0.98
3 19  9.0 38.24 -85.724  38.234 -85.712  1.16
7 21  10.0 38.239 -85.722  38.235 -85.714  0.621
6 17  10.0 38.24 -85.724  38.234 -85.712  0.65
4 19  10.0 38.239 -85.722  38.235 -85.714  0.75
4 19  11.0 38.239 -85.722  38.235 -85.714  0.69
7 20  13.0 38.24 -85.724  38.234 -85.712  0.92
5 8  13.0 38.239 -85.722  38.235 -85.714  0.92
1 21  23.0 38.239 -85.722  38.235 -85.714  0.521
2 18  7.0 38.24 -85.724  38.235 -85.712  1.25
3 20  6.0 38.243 -85.722  38.234 -85.714  0.8
3 12  18.0 38.241 -85.724  38.236 -85.712  0.93
4 12  8.0 38.241 -85.725  38.237 -85.711  1.25
6 17  6.0 38.243 -85.724  38.237 -85.712  0.99
3 20  4.0 38.236 -85.721  38.235 -85.714  0.49
2 13  5.0 38.237 -85.722  38.235 -85.713  0.611
7 18  4.0 38.239 -85.723  38.234 -85.712  0.58
7 10  5.0 38.238 -85.721  38.235 -85.714  0.435
7 5  5.0 38.239 -85.722  38.234 -85.713  0.62
4 7  6.0 38.239 -85.722  38.234 -85.713  0.6
6 17  6.0 38.239 -85.722  38.234 -85.713  0.621
5 12  6.0 38.239 -85.722  38.234 -85.713  0.621
4 17  6.0 38.239 -85.722  38.234 -85.713  0.64
1 14  9.0 38.238 -85.721  38.235 -85.714  0.746
2 15  11.0 38.238 -85.721  38.235 -85.714  0.91
6 20  11.0 38.238 -85.722  38.235 -85.713  1.12
6 17  14.0 38.239 -85.722  38.234 -85.713  0.99
2 24  16.0 38.239 -85.722  38.234 -85.713  2.051
1 15  27.0 38.239 -85.722  38.234 -85.713  2.35
7 17  33.0 38.238 -85.721  38.235 -85.714  1.15
6 22  3.0 38.239 -85.721  38.235 -85.714  0.48
7 9  6.0 38.238 -85.722  38.236 -85.713  0.61
7 21  6.0 38.24 -85.723  38.234 -85.712  0.73
1 0  8.0 38.24 -85.723  38.234 -85.712  0.71
4 18  9.0 38.239 -85.722  38.235 -85.713  0.621
1 13  9.0 38.238 -85.721  38.236 -85.714  0.77
3 10  15.0 38.24 -85.723  38.234 -85.712  1.13
2 14  23.0 38.241 -85.722  38.234 -85.713  1.988
2 20  30.0 38.241 -85.724  38.234 -85.711  3.2
1 16  26.0 38.239 -85.725  38.237 -85.71  0.92
7 11  4.0 38.242 -85.721  38.235 -85.714  0.86
3 17  5.0 38.241 -85.722  38.237 -85.713  0.71
2 16  21.0 38.243 -85.723  38.236 -85.712  1.58
7 22  17.0 38.245 -85.722  38.235 -85.713  0.124
6 19  13.0 38.235 -85.722  38.234 -85.712  0.93
3 21  7.0 38.236 -85.72  38.234 -85.714  0.48
1 15  6.0 38.235 -85.721  38.236 -85.713  0.48
7 17  7.0 38.237 -85.721  38.234 -85.713  0.684
6 19  13.0 38.237 -85.721  38.234 -85.713  0.93
1 13  4.0 38.237 -85.72  38.235 -85.714  0.31
1 11  6.0 38.238 -85.721  38.234 -85.713  0.62
1 15  8.0 38.238 -85.721  38.234 -85.713  0.58
2 18  3.0 38.238 -85.72  38.235 -85.714  0.4
1 10  3.0 38.238 -85.72  38.235 -85.714  0.441
1 13  4.0 38.239 -85.722  38.234 -85.712  0.59
3 23  7.0 38.239 -85.722  38.234 -85.712  0.621
5 16  9.0 38.239 -85.722  38.234 -85.712  0.621
6 17  10.0 38.239 -85.722  38.234 -85.712  0.69
6 10  13.0 38.239 -85.722  38.234 -85.712  0.71
7 19  20.0 38.239 -85.722  38.234 -85.712  0.94
4 16  41.0 38.239 -85.722  38.234 -85.712  2.81
5 17  4.0 38.238 -85.72  38.236 -85.714  0.54
7 14  4.0 38.239 -85.721  38.235 -85.713  0.62
1 20  4.0 38.24 -85.721  38.234 -85.713  0.64
7 13  10.0 38.24 -85.722  38.234 -85.712  0.92
7 23  41.0 38.238 -85.72  38.236 -85.714  1.802
3 17  4.0 38.239 -85.723  38.236 -85.711  0.76
4 11  4.0 38.242 -85.721  38.234 -85.713  0.81
4 20  5.0 38.24 -85.723  38.236 -85.711  0.79
4 20  6.0 38.24 -85.723  38.236 -85.711  0.79
2 17  9.0 38.242 -85.724  38.234 -85.71  1.12
3 21  13.0 38.24 -85.723  38.236 -85.711  1.57
7 13  5.0 38.242 -85.723  38.235 -85.711  0.31
7 16  12.0 38.24 -85.722  38.237 -85.712  1.18
6 19  24.0 38.24 -85.724  38.237 -85.71  0.559
1 11  26.0 38.241 -85.723  38.236 -85.711  2.36
7 20  55.0 38.244 -85.721  38.236 -85.713  2.43
3 12  13.0 38.251 -85.722  38.235 -85.712  2.645
3 17  4.0 38.236 -85.72  38.234 -85.713  0.61
1 0  13.0 38.236 -85.72  38.234 -85.713  0.4
6 20  4.0 38.237 -85.719  38.234 -85.714  0.37
3 13  7.0 38.237 -85.72  38.234 -85.713  0.37
7 12  23.0 38.236 -85.719  38.235 -85.714  2.52
3 4  4.0 38.238 -85.72  38.234 -85.713  0.33
4 13  4.0 38.238 -85.721  38.234 -85.712  0.67
3 22  5.0 38.238 -85.721  38.234 -85.712  0.56
6 23  6.0 38.237 -85.719  38.235 -85.714  0.35
2 13  6.0 38.237 -85.719  38.235 -85.714  0.36
1 16  6.0 38.238 -85.721  38.234 -85.712  0.62
3 16  12.0 38.238 -85.72  38.234 -85.713  1.23
1 20  17.0 38.238 -85.72  38.234 -85.713  1.45
1 19  21.0 38.238 -85.72  38.234 -85.713  2.548
7 13  27.0 38.238 -85.72  38.234 -85.713  3.98
4 9  34.0 38.237 -85.719  38.235 -85.714  4.5
7 19  52.0 38.238 -85.72  38.234 -85.713  1.71
1 13  5.0 38.237 -85.719  38.236 -85.714  0.4
1 11  5.0 38.237 -85.719  38.236 -85.714  0.5
1 8  5.0 38.238 -85.721  38.235 -85.712  0.61
6 23  6.0 38.238 -85.719  38.235 -85.714  0.35
2 20  8.0 38.239 -85.721  38.234 -85.712  0.62
6 9  15.0 38.239 -85.72  38.234 -85.713  0.57
2 17  16.0 38.238 -85.721  38.235 -85.712  1.056
7 13  13.0 38.238 -85.721  38.236 -85.712  0.621
2 13  31.0 38.238 -85.722  38.236 -85.711  4.474
2 14  5.0 38.239 -85.722  38.236 -85.711  0.684
4 17  11.0 38.239 -85.723  38.236 -85.71  1.22
7 23  19.0 38.241 -85.719  38.234 -85.714  1.926
7 15  26.0 38.238 -85.721  38.237 -85.712  2.05
3 11  7.0 38.239 -85.719  38.237 -85.714  0.746
2 19  27.0 38.239 -85.723  38.237 -85.71  4.32
7 13  22.0 38.241 -85.722  38.236 -85.711  1.491
1 16  26.0 38.243 -85.723  38.235 -85.71  3.5
7 12  36.0 38.261 -85.721  38.234 -85.712  3.293
6 18  16.0 38.227 -85.718  38.235 -85.714  2.07
3 18  3.0 38.233 -85.719  38.236 -85.713  0.51
6 8  11.0 38.235 -85.719  38.234 -85.713  1.48
4 14  3.0 38.237 -85.718  38.234 -85.714  0.37
1 10  5.0 38.237 -85.719  38.234 -85.713  0.46
1 8  5.0 38.237 -85.72  38.234 -85.712  0.56
4 12  6.0 38.237 -85.719  38.234 -85.713  0.43
6 11  9.0 38.237 -85.719  38.234 -85.713  0.47
4 16  19.0 38.234 -85.72  38.237 -85.712  2.57
2 21  21.0 38.237 -85.719  38.234 -85.713  2.423
2 21  22.0 38.237 -85.719  38.234 -85.713  2.423
4 9  23.0 38.237 -85.719  38.234 -85.713  0.559
3 18  3.0 38.237 -85.719  38.235 -85.713  0.44
1 16  4.0 38.238 -85.72  38.234 -85.712  0.559
3 21  7.0 38.237 -85.719  38.235 -85.713  0.44
2 18  50.0 38.237 -85.718  38.235 -85.714  2.51
3 20  8.0 38.238 -85.718  38.235 -85.714  0.62
5 17  9.0 38.238 -85.72  38.235 -85.712  0.61
3 14  10.0 38.238 -85.72  38.235 -85.712  1.02
4 18  21.0 38.236 -85.719  38.237 -85.713  0.97
1 17  33.0 38.237 -85.72  38.236 -85.712  3.23
3 14  33.0 38.238 -85.718  38.236 -85.714  1.33
7 14  5.0 38.239 -85.72  38.236 -85.712  0.48
3 15  5.0 38.24 -85.719  38.235 -85.713  0.67
4 18  12.0 38.241 -85.722  38.234 -85.71  1.219
1 10  15.0 38.239 -85.72  38.236 -85.712  1.77
7 14  16.0 38.241 -85.721  38.234 -85.711  0.124
1 13  30.0 38.238 -85.719  38.237 -85.713  3.73
7 14  7.0 38.24 -85.719  38.236 -85.713  0.75
6 6  5.0 38.243 -85.721  38.235 -85.711  0.58
3 17  6.0 38.241 -85.718  38.237 -85.714  0.54
2 12  7.0 38.228 -85.719  38.235 -85.712  1.07
4 11  2.0 38.235 -85.718  38.234 -85.713  0.358
7 20  5.0 38.235 -85.718  38.234 -85.713  0.435
2 14  13.0 38.234 -85.717  38.235 -85.714  1.02
7 0  3.0 38.235 -85.717  38.235 -85.714  0.72
5 18  14.0 38.235 -85.717  38.235 -85.714  1.44
3 10  22.0 38.236 -85.717  38.234 -85.714  1.02
4 9  22.0 38.236 -85.718  38.234 -85.713  3.69
1 12  4.0 38.236 -85.717  38.235 -85.714  0.15
1 12  4.0 38.236 -85.717  38.235 -85.714  0.33
6 12  5.0 38.236 -85.717  38.235 -85.714  0.124
6 16  10.0 38.236 -85.717  38.235 -85.714  0.75
7 19  15.0 38.236 -85.717  38.235 -85.714  1.7
7 20  16.0 38.236 -85.717  38.235 -85.714  0.67
1 18  17.0 38.236 -85.717  38.235 -85.714  2.19
2 18  18.0 38.236 -85.717  38.235 -85.714  1.79
2 11  3.0 38.237 -85.717  38.236 -85.714  0.46
4 14  5.0 38.239 -85.719  38.234 -85.712  0.67
1 18  6.0 38.239 -85.718  38.234 -85.713  0.45
5 16  6.0 38.239 -85.72  38.234 -85.711  0.62
3 16  4.0 38.237 -85.718  38.237 -85.713  0.33
7 15  4.0 38.238 -85.72  38.236 -85.711  0.61
4 13  5.0 38.238 -85.72  38.236 -85.711  0.56
4 16  9.0 38.238 -85.72  38.236 -85.711  0.54
2 12  13.0 38.237 -85.718  38.237 -85.713  0.92
1 17  26.0 38.238 -85.72  38.236 -85.711  2.41
1 16  28.0 38.238 -85.72  38.236 -85.711  2.3
2 10  8.0 38.239 -85.721  38.236 -85.71  0.746
2 13  31.0 38.239 -85.719  38.236 -85.712  4.598
1 10  4.0 38.239 -85.717  38.237 -85.714  0.25
3 22  10.0 38.242 -85.721  38.237 -85.71  0.69
7 12  12.0 38.243 -85.718  38.236 -85.713  1.16
2 14  17.0 38.233 -85.716  38.235 -85.714  1.21
3 16  6.0 38.235 -85.717  38.234 -85.713  0.46
3 19  3.0 38.236 -85.716  38.234 -85.714  0.25
7 22  4.0 38.236 -85.716  38.234 -85.714  0.186
3 19  5.0 38.236 -85.716  38.234 -85.714  0.19
3 10  9.0 38.235 -85.716  38.235 -85.714  0.186
6 15  9.0 38.236 -85.719  38.234 -85.711  0.78
7 20  21.0 38.235 -85.716  38.235 -85.714  2.15
4 11  35.0 38.235 -85.716  38.235 -85.714  2.74
6 10  46.0 38.236 -85.716  38.234 -85.714  3.107
7 15  4.0 38.236 -85.717  38.235 -85.713  0.35
2 21  7.0 38.236 -85.716  38.235 -85.714  1.0
7 17  17.0 38.236 -85.716  38.235 -85.714  0.59
7 17  18.0 38.236 -85.716  38.235 -85.714  0.56
2 19  19.0 38.237 -85.718  38.234 -85.712  1.553
1 21  19.0 38.236 -85.716  38.235 -85.714  2.361
2 14  20.0 38.236 -85.716  38.235 -85.714  1.28
2 18  20.0 38.236 -85.716  38.235 -85.714  2.07
4 12  21.0 38.236 -85.717  38.235 -85.713  1.16
7 16  22.0 38.236 -85.716  38.235 -85.714  1.2
7 4  24.0 38.236 -85.716  38.235 -85.714  2.665
7 16  25.0 38.236 -85.716  38.235 -85.714  2.237
7 16  29.0 38.236 -85.716  38.235 -85.714  2.485
5 17  32.0 38.236 -85.716  38.235 -85.714  1.864
5 9  35.0 38.235 -85.716  38.236 -85.714  0.65
4 20  3.0 38.236 -85.716  38.236 -85.714  0.435
7 15  4.0 38.237 -85.717  38.235 -85.713  0.35
6 20  5.0 38.235 -85.717  38.237 -85.713  0.206
6 19  7.0 38.235 -85.718  38.237 -85.712  0.559
7 0  12.0 38.238 -85.719  38.234 -85.711  0.48
4 19  25.0 38.236 -85.716  38.236 -85.714  1.864
6 20  41.0 38.236 -85.716  38.236 -85.714  3.48
1 9  5.0 38.238 -85.72  38.235 -85.71  0.69
6 22  4.0 38.237 -85.72  38.237 -85.71  0.5
4 14  6.0 38.238 -85.72  38.236 -85.71  0.822
5 7  16.0 38.238 -85.717  38.236 -85.713  1.1
3 17  6.0 38.239 -85.718  38.236 -85.712  0.4
1 11  9.0 38.241 -85.717  38.234 -85.713  0.69
3 16  10.0 38.239 -85.72  38.236 -85.71  0.93
3 15  31.0 38.24 -85.716  38.235 -85.714  2.49
2 7  15.0 38.241 -85.718  38.235 -85.712  0.52
1 11  33.0 38.239 -85.72  38.237 -85.71  3.56
1 15  9.0 38.242 -85.716  38.236 -85.714  0.91
6 13  5.0 38.242 -85.716  38.237 -85.714  0.662
6 16  14.0 38.25 -85.719  38.234 -85.711  2.056
5 17  23.0 38.255 -85.719  38.234 -85.711  2.62
7 10  22.0 38.26 -85.718  38.236 -85.712  2.52
6 21  3.0 38.234 -85.717  38.234 -85.712  0.4
2 19  11.0 38.234 -85.715  38.234 -85.714  0.621
1 9  19.0 38.234 -85.716  38.234 -85.713  2.05
7 19  9.0 38.235 -85.715  38.234 -85.714  0.746
2 17  12.0 38.235 -85.715  38.234 -85.714  1.24
3 16  14.0 38.235 -85.715  38.234 -85.714  1.08
2 19  26.0 38.233 -85.717  38.236 -85.712  0.684
1 4  3.0 38.236 -85.717  38.234 -85.712  0.28
5 9  4.0 38.235 -85.715  38.235 -85.714  0.057
1 20  4.0 38.236 -85.716  38.234 -85.713  0.186
1 20  4.0 38.235 -85.715  38.235 -85.714  0.373
5 21  5.0 38.236 -85.716  38.234 -85.713  0.373
7 20  5.0 38.236 -85.717  38.234 -85.712  0.387
1 14  6.0 38.235 -85.715  38.235 -85.714  0.43
2 9  7.0 38.235 -85.715  38.235 -85.714  0.74
5 21  8.0 38.236 -85.716  38.234 -85.713  0.24
2 10  8.0 38.236 -85.717  38.234 -85.712  1.21
6 7  17.0 38.236 -85.717  38.234 -85.712  1.74
6 7  18.0 38.236 -85.717  38.234 -85.712  1.74
4 16  21.0 38.236 -85.716  38.234 -85.713  1.17
7 14  24.0 38.236 -85.716  38.234 -85.713  1.67
7 14  25.0 38.236 -85.716  38.234 -85.713  1.83
1 15  42.0 38.235 -85.715  38.235 -85.714  3.19
1 15  42.0 38.235 -85.715  38.235 -85.714  3.26
1 14  42.0 38.235 -85.715  38.235 -85.714  3.31
4 19  3.0 38.237 -85.718  38.234 -85.711  0.32
3 19  4.0 38.235 -85.715  38.236 -85.714  0.14
4 21  4.0 38.237 -85.717  38.234 -85.712  0.35
3 7  7.0 38.235 -85.715  38.236 -85.714  0.19
3 13  7.0 38.237 -85.717  38.234 -85.712  0.49
6 14  8.0 38.237 -85.715  38.234 -85.714  0.746
2 18  12.0 38.235 -85.715  38.236 -85.714  0.99
3 14  15.0 38.235 -85.715  38.236 -85.714  2.11
3 21  16.0 38.236 -85.716  38.235 -85.713  0.42
2 16  19.0 38.235 -85.718  38.236 -85.711  1.04
6 15  34.0 38.235 -85.715  38.236 -85.714  2.18
4 22  39.0 38.235 -85.715  38.236 -85.714  0.85
5 23  48.0 38.237 -85.718  38.234 -85.711  0.42
3 7  2.0 38.238 -85.717  38.234 -85.712  0.4
7 13  5.0 38.237 -85.719  38.235 -85.71  0.51
3 14  13.0 38.236 -85.716  38.236 -85.713  1.12
3 20  3.0 38.236 -85.717  38.237 -85.712  0.4
5 23  3.0 38.239 -85.716  38.234 -85.713  0.58
7 14  4.0 38.236 -85.717  38.237 -85.712  0.5
6 18  5.0 38.238 -85.717  38.235 -85.712  0.373
4 16  6.0 38.237 -85.718  38.236 -85.711  0.15
5 18  11.0 38.237 -85.715  38.236 -85.714  0.311
5 20  9.0 38.241 -85.719  38.235 -85.71  1.14
4 20  29.0 38.241 -85.718  38.236 -85.711  1.59
1 8  5.0 38.231 -85.714  38.235 -85.714  0.83
7 19  10.0 38.231 -85.714  38.236 -85.714  1.1
3 6  3.0 38.234 -85.714  38.234 -85.714  0.621
6 9  5.0 38.234 -85.714  38.234 -85.714  0.19
5 17  5.0 38.234 -85.714  38.234 -85.714  0.31
7 17  7.0 38.234 -85.714  38.234 -85.714  0.621
6 19  8.0 38.234 -85.714  38.234 -85.714  0.06
7 12  10.0 38.232 -85.715  38.236 -85.713  0.63
7 11  10.0 38.234 -85.714  38.234 -85.714  1.17
7 7  3.0 38.235 -85.715  38.234 -85.713  0.37
7 19  4.0 38.235 -85.715  38.234 -85.713  0.111
6 21  4.0 38.235 -85.714  38.234 -85.714  0.311
4 11  4.0 38.233 -85.716  38.236 -85.712  0.4
2 20  8.0 38.235 -85.714  38.234 -85.714  0.37
1 18  9.0 38.235 -85.715  38.234 -85.713  0.111
1 9  11.0 38.235 -85.715  38.234 -85.713  0.81
7 15  12.0 38.235 -85.714  38.234 -85.714  0.68
1 12  14.0 38.233 -85.714  38.236 -85.714  0.808
4 11  16.0 38.234 -85.714  38.235 -85.714  1.42
2 18  21.0 38.235 -85.715  38.234 -85.713  0.43
2 8  25.0 38.235 -85.717  38.234 -85.711  0.497
3 16  44.0 38.235 -85.714  38.234 -85.714  2.17
7 23  3.0 38.235 -85.714  38.235 -85.714  0.062
7 19  3.0 38.236 -85.716  38.234 -85.712  0.34
1 11  4.0 38.233 -85.716  38.237 -85.712  0.52
5 20  9.0 38.235 -85.714  38.235 -85.714  0.12
1 1  9.0 38.236 -85.716  38.234 -85.712  0.31
7 12  9.0 38.235 -85.714  38.235 -85.714  0.68
5 21  10.0 38.235 -85.714  38.235 -85.714  0.994
3 12  10.0 38.235 -85.714  38.235 -85.714  1.5
1 11  10.0 38.235 -85.714  38.235 -85.714  1.616
6 22  11.0 38.236 -85.716  38.234 -85.712  0.61
6 14  13.0 38.234 -85.718  38.236 -85.71  1.305
5 11  15.0 38.235 -85.714  38.235 -85.714  0.09
5 14  16.0 38.235 -85.714  38.235 -85.714  0.32
6 18  16.0 38.235 -85.714  38.235 -85.714  0.99
2 0  17.0 38.235 -85.714  38.235 -85.714  1.61
2 0  20.0 38.235 -85.714  38.235 -85.714  1.58
1 9  21.0 38.235 -85.714  38.235 -85.714  4.16
6 18  23.0 38.235 -85.714  38.235 -85.714  1.15
1 15  31.0 38.235 -85.716  38.235 -85.712  0.56
1 8  39.0 38.235 -85.714  38.235 -85.714  3.19
7 22  49.0 38.235 -85.714  38.235 -85.714  2.67
1 11  49.0 38.235 -85.714  38.235 -85.714  3.76
4 14  11.0 38.236 -85.716  38.235 -85.712  0.81
6 15  32.0 38.235 -85.715  38.236 -85.713  2.07
7 12  6.0 38.236 -85.717  38.236 -85.711  0.76
6 11  7.0 38.236 -85.716  38.236 -85.712  0.249
5 18  8.0 38.236 -85.717  38.236 -85.711  1.04
2 15  10.0 38.236 -85.717  38.236 -85.711  0.99
1 10  17.0 38.236 -85.717  38.236 -85.711  0.37
4 19  23.0 38.236 -85.717  38.236 -85.711  3.18
4 19  23.0 38.236 -85.717  38.236 -85.711  3.2
1 16  33.0 38.236 -85.717  38.236 -85.711  3.07
7 20  39.0 38.235 -85.718  38.237 -85.71  2.92
6 17  54.0 38.236 -85.717  38.236 -85.711  3.46
3 15  30.0 38.238 -85.716  38.235 -85.712  4.847
1 6  6.0 38.239 -85.718  38.235 -85.71  0.96
2 18  12.0 38.24 -85.718  38.234 -85.71  0.994
6 21  19.0 38.24 -85.718  38.236 -85.71  1.235
1 11  33.0 38.239 -85.718  38.237 -85.71  3.66
2 18  12.0 38.24 -85.715  38.237 -85.713  1.37
6 15  18.0 38.252 -85.714  38.235 -85.714  2.35
1 9  16.0 38.26 -85.716  38.234 -85.712  2.26
7 21  5.0 38.229 -85.715  38.234 -85.712  0.684
3 16  12.0 38.231 -85.717  38.236 -85.71  0.86
1 16  5.0 38.234 -85.713  38.234 -85.714  0.18
3 20  7.0 38.234 -85.713  38.234 -85.714  0.55
6 16  50.0 38.234 -85.714  38.234 -85.713  2.24
2 16  3.0 38.232 -85.715  38.237 -85.712  0.21
6 23  4.0 38.235 -85.715  38.234 -85.712  0.11
6 19  4.0 38.235 -85.714  38.234 -85.713  0.18
2 15  5.0 38.233 -85.713  38.236 -85.714  0.29
5 16  5.0 38.235 -85.714  38.234 -85.713  0.56
3 5  7.0 38.234 -85.713  38.235 -85.714  0.64
5 19  9.0 38.234 -85.713  38.235 -85.714  0.29
1 17  14.0 38.235 -85.714  38.234 -85.713  0.84
6 19  14.0 38.234 -85.714  38.235 -85.713  1.52
7 10  16.0 38.235 -85.714  38.234 -85.713  2.38
2 9  18.0 38.234 -85.713  38.235 -85.714  2.84
6 21  21.0 38.235 -85.714  38.234 -85.713  1.68
6 23  42.0 38.233 -85.714  38.236 -85.713  2.983
7 18  49.0 38.235 -85.715  38.234 -85.712  1.74
7 18  50.0 38.235 -85.715  38.234 -85.712  1.74
6 13  3.0 38.234 -85.715  38.236 -85.712  0.29
5 16  4.0 38.235 -85.714  38.235 -85.713  0.062
4 22  6.0 38.235 -85.713  38.235 -85.714  0.062
2 7  10.0 38.234 -85.713  38.236 -85.714  0.98
7 20  11.0 38.235 -85.714  38.235 -85.713  0.495
6 19  14.0 38.235 -85.714  38.235 -85.713  1.48
1 8  20.0 38.233 -85.713  38.237 -85.714  3.82
6 14  23.0 38.234 -85.717  38.236 -85.71  1.926
7 14  45.0 38.235 -85.713  38.235 -85.714  2.54
6 18  6.0 38.236 -85.715  38.235 -85.712  0.995
6 17  7.0 38.235 -85.715  38.236 -85.712  1.243
1 13  26.0 38.235 -85.715  38.236 -85.712  4.1
1 13  28.0 38.235 -85.715  38.236 -85.712  2.24
1 13  28.0 38.235 -85.715  38.236 -85.712  2.3
1 13  30.0 38.235 -85.715  38.236 -85.712  2.3
6 10  48.0 38.235 -85.715  38.236 -85.712  2.56
6 10  49.0 38.235 -85.715  38.236 -85.712  2.75
1 12  4.0 38.236 -85.716  38.236 -85.711  0.373
6 12  11.0 38.237 -85.714  38.235 -85.713  1.96
6 19  20.0 38.236 -85.716  38.236 -85.711  3.542
2 11  33.0 38.236 -85.716  38.236 -85.711  0.72
1 10  7.0 38.239 -85.717  38.234 -85.71  0.64
3 13  10.0 38.239 -85.717  38.234 -85.71  1.056
3 18  15.0 38.24 -85.716  38.234 -85.711  1.41
3 15  14.0 38.256 -85.716  38.234 -85.711  1.493
7 9  16.0 38.259 -85.714  38.235 -85.713  2.55
1 8  4.0 38.234 -85.713  38.234 -85.713  0.33
7 19  4.0 38.234 -85.713  38.234 -85.713  0.54
6 18  5.0 38.234 -85.713  38.234 -85.713  0.15
1 6  5.0 38.234 -85.713  38.234 -85.713  0.19
2 11  5.0 38.234 -85.713  38.234 -85.713  1.06
1 15  8.0 38.234 -85.714  38.234 -85.712  0.31
6 20  11.0 38.234 -85.714  38.234 -85.712  0.32
1 11  13.0 38.234 -85.713  38.234 -85.713  1.47
2 7  21.0 38.234 -85.713  38.234 -85.713  0.58
4 12  25.0 38.234 -85.713  38.234 -85.713  2.96
4 12  28.0 38.234 -85.713  38.234 -85.713  2.97
3 10  30.0 38.234 -85.712  38.234 -85.714  2.06
1 9  41.0 38.234 -85.713  38.234 -85.713  3.49
1 9  42.0 38.234 -85.713  38.234 -85.713  3.81
7 16  3.0 38.235 -85.714  38.234 -85.712  0.11
7 10  3.0 38.235 -85.714  38.234 -85.712  0.2
1 8  4.0 38.235 -85.714  38.234 -85.712  0.12
7 9  11.0 38.235 -85.714  38.234 -85.712  0.84
2 16  41.0 38.235 -85.714  38.234 -85.712  3.25
7 15  6.0 38.235 -85.713  38.235 -85.713  0.24
6 20  14.0 38.235 -85.713  38.235 -85.713  0.435
6 18  14.0 38.235 -85.713  38.235 -85.713  1.87
6 18  19.0 38.235 -85.714  38.235 -85.712  0.808
1 24  34.0 38.235 -85.714  38.235 -85.712  0.186
7 19  2.0 38.234 -85.713  38.237 -85.713  0.28
3 10  3.0 38.236 -85.716  38.235 -85.71  0.43
7 22  4.0 38.235 -85.712  38.236 -85.714  0.113
4 21  11.0 38.235 -85.714  38.236 -85.712  0.34
2 18  11.0 38.236 -85.716  38.235 -85.71  1.118
1 13  28.0 38.235 -85.715  38.236 -85.711  3.98
2 17  33.0 38.235 -85.715  38.236 -85.711  1.61
1 16  4.0 38.237 -85.712  38.235 -85.714  0.25
2 17  7.0 38.237 -85.713  38.235 -85.713  0.373
5 20  35.0 38.236 -85.716  38.236 -85.71  2.85
4 14  7.0 38.236 -85.714  38.237 -85.712  1.03
6 7  10.0 38.238 -85.714  38.235 -85.712  1.08
6 10  45.0 38.236 -85.716  38.237 -85.71  2.92
5 0  7.0 38.239 -85.715  38.236 -85.711  0.55
7 17  10.0 38.239 -85.712  38.237 -85.714  0.42
5 17  6.0 38.231 -85.713  38.234 -85.712  0.64
6 19  25.0 38.231 -85.713  38.234 -85.712  4.039
6 16  21.0 38.231 -85.712  38.235 -85.713  2.92
2 13  5.0 38.233 -85.711  38.234 -85.714  0.75
7 12  7.0 38.233 -85.711  38.234 -85.714  0.2
7 10  7.0 38.233 -85.712  38.234 -85.713  0.311
6 19  26.0 38.233 -85.712  38.234 -85.713  0.63
4 13  51.0 38.233 -85.711  38.234 -85.714  0.559
3 15  2.0 38.233 -85.711  38.235 -85.714  0.25
7 10  3.0 38.234 -85.713  38.234 -85.712  0.05
5 17  4.0 38.234 -85.713  38.234 -85.712  0.12
7 19  4.0 38.234 -85.713  38.234 -85.712  0.373
4 17  4.0 38.233 -85.711  38.235 -85.714  0.62
5 21  5.0 38.233 -85.711  38.235 -85.714  0.33
5 14  9.0 38.233 -85.711  38.235 -85.714  0.31
5 20  10.0 38.233 -85.711  38.235 -85.714  0.373
5 9  12.0 38.234 -85.712  38.234 -85.713  1.503
7 15  18.0 38.234 -85.713  38.234 -85.712  1.82
6 19  25.0 38.234 -85.712  38.234 -85.713  0.58
6 11  47.0 38.234 -85.711  38.234 -85.714  1.6
3 7  7.0 38.234 -85.713  38.235 -85.712  0.18
7 18  8.0 38.232 -85.712  38.237 -85.713  0.621
7 10  14.0 38.233 -85.711  38.236 -85.714  1.181
2 16  15.0 38.234 -85.713  38.236 -85.712  0.621
3 17  21.0 38.235 -85.712  38.235 -85.713  2.3
6 15  30.0 38.235 -85.712  38.235 -85.713  0.53
7 16  40.0 38.235 -85.712  38.235 -85.713  0.932
7 9  3.0 38.235 -85.714  38.236 -85.711  0.19
3 22  29.0 38.235 -85.714  38.236 -85.711  3.853
2 18  34.0 38.235 -85.714  38.236 -85.711  3.67
1 7  4.0 38.235 -85.711  38.237 -85.714  0.3
3 19  9.0 38.238 -85.715  38.234 -85.71  0.99
4 16  51.0 38.235 -85.715  38.237 -85.71  0.65
1 14  23.0 38.239 -85.711  38.234 -85.714  2.92
7 18  52.0 38.237 -85.714  38.236 -85.711  1.93
5 17  12.0 38.237 -85.712  38.237 -85.713  1.74
3 19  14.0 38.237 -85.713  38.237 -85.712  0.124
7 12  4.0 38.239 -85.712  38.237 -85.713  0.23
6 19  28.0 38.24 -85.714  38.236 -85.711  2.051
1 9  33.0 38.231 -85.711  38.234 -85.713  1.96
6 2  7.0 38.232 -85.71  38.234 -85.714  0.25
2 22  27.0 38.232 -85.71  38.234 -85.714  2.051
2 19  3.0 38.233 -85.712  38.234 -85.712  0.062
1 15  3.0 38.233 -85.711  38.234 -85.713  0.19
4 18  3.0 38.232 -85.71  38.235 -85.714  0.31
7 12  5.0 38.233 -85.711  38.234 -85.713  0.1
4 16  5.0 38.232 -85.71  38.235 -85.714  0.249
5 20  5.0 38.233 -85.711  38.234 -85.713  0.31
2 12  6.0 38.233 -85.711  38.234 -85.713  0.311
1 14  6.0 38.232 -85.71  38.235 -85.714  0.32
3 13  7.0 38.232 -85.71  38.235 -85.714  0.23
1 19  27.0 38.233 -85.712  38.234 -85.712  2.485
1 19  28.0 38.233 -85.712  38.234 -85.712  2.237
3 10  32.0 38.233 -85.711  38.234 -85.713  3.293
7 15  41.0 38.233 -85.712  38.234 -85.712  1.05
5 14  41.0 38.232 -85.71  38.235 -85.714  4.04
5 18  44.0 38.232 -85.71  38.235 -85.714  4.847
6 18  45.0 38.233 -85.712  38.234 -85.712  4.971
7 10  50.0 38.233 -85.712  38.234 -85.712  3.44
7 20  4.0 38.234 -85.712  38.234 -85.712  0.06
7 19  4.0 38.234 -85.712  38.234 -85.712  0.53
1 19  6.0 38.234 -85.712  38.234 -85.712  0.11
7 10  6.0 38.234 -85.712  38.234 -85.712  0.21
3 9  10.0 38.233 -85.711  38.235 -85.713  0.78
2 18  11.0 38.233 -85.71  38.235 -85.714  0.249
1 11  16.0 38.233 -85.712  38.235 -85.712  0.64
1 19  16.0 38.232 -85.714  38.236 -85.71  0.994
1 8  19.0 38.234 -85.712  38.234 -85.712  0.69
7 17  20.0 38.234 -85.712  38.234 -85.712  1.48
7 12  48.0 38.233 -85.71  38.235 -85.714  4.722
7 8  55.0 38.234 -85.713  38.234 -85.711  4.74
6 15  23.0 38.234 -85.711  38.235 -85.713  3.85
1 18  30.0 38.234 -85.714  38.235 -85.71  3.542
7 11  4.0 38.233 -85.711  38.237 -85.713  0.23
1 3  11.0 38.235 -85.713  38.235 -85.711  0.37
2 17  16.0 38.235 -85.711  38.235 -85.713  0.63
4 17  16.0 38.234 -85.713  38.236 -85.711  1.988
7 15  18.0 38.235 -85.711  38.235 -85.713  0.5
3 17  19.0 38.235 -85.712  38.235 -85.712  2.22
3 17  22.0 38.235 -85.712  38.235 -85.712  1.3
3 21  23.0 38.235 -85.712  38.235 -85.712  2.1
1 11  52.0 38.235 -85.712  38.235 -85.712  3.59
6 21  10.0 38.236 -85.711  38.235 -85.713  1.678
1 9  31.0 38.234 -85.714  38.237 -85.71  1.25
5 0  6.0 38.236 -85.712  38.236 -85.712  0.57
6 19  20.0 38.236 -85.71  38.236 -85.714  1.802
3 16  3.0 38.236 -85.711  38.237 -85.713  0.18
4 7  3.0 38.236 -85.714  38.237 -85.71  0.25
1 14  5.0 38.237 -85.712  38.237 -85.712  0.19
7 9  3.0 38.238 -85.712  38.237 -85.712  0.129
2 21  20.0 38.238 -85.712  38.237 -85.712  0.87
3 15  16.0 38.239 -85.714  38.237 -85.71  2.61
7 8  40.0 38.226 -85.712  38.234 -85.711  0.47
5 14  2.0 38.232 -85.71  38.234 -85.713  0.24
7 9  3.0 38.232 -85.71  38.234 -85.713  0.18
6 13  4.0 38.232 -85.71  38.234 -85.713  0.2
4 16  4.0 38.232 -85.71  38.234 -85.713  0.25
4 19  4.0 38.232 -85.71  38.234 -85.713  0.373
1 8  6.0 38.232 -85.71  38.234 -85.713  0.09
6 16  6.0 38.232 -85.71  38.234 -85.713  0.185
1 16  9.0 38.232 -85.709  38.234 -85.714  0.62
5 10  9.0 38.232 -85.71  38.234 -85.713  1.8
6 22  11.0 38.232 -85.71  38.234 -85.713  0.249
4 19  20.0 38.232 -85.71  38.234 -85.713  0.84
7 8  22.0 38.232 -85.709  38.234 -85.714  2.24
5 17  2.0 38.232 -85.709  38.235 -85.714  0.3
6 20  3.0 38.232 -85.709  38.235 -85.714  0.32
7 10  4.0 38.233 -85.711  38.234 -85.712  0.104
5 14  4.0 38.233 -85.711  38.234 -85.712  0.12
6 20  4.0 38.233 -85.71  38.234 -85.713  0.213
7 12  5.0 38.232 -85.709  38.235 -85.714  0.311
6 14  5.0 38.232 -85.709  38.235 -85.714  0.37
7 11  5.0 38.232 -85.709  38.235 -85.714  0.37
6 15  5.0 38.231 -85.709  38.236 -85.714  0.48
7 13  7.0 38.232 -85.709  38.235 -85.714  0.35
3 15  7.0 38.233 -85.711  38.234 -85.712  0.36
6 20  9.0 38.232 -85.709  38.235 -85.714  0.57
3 13  10.0 38.233 -85.711  38.234 -85.712  0.15
6 13  10.0 38.233 -85.71  38.234 -85.713  1.07
4 16  12.0 38.232 -85.709  38.235 -85.714  1.53
4 16  12.0 38.232 -85.709  38.235 -85.714  1.53
7 13  15.0 38.233 -85.71  38.234 -85.713  1.74
4 13  16.0 38.232 -85.709  38.235 -85.714  0.81
6 22  22.0 38.233 -85.711  38.234 -85.712  1.95
6 15  23.0 38.232 -85.709  38.235 -85.714  0.71
7 9  23.0 38.232 -85.709  38.235 -85.714  2.97
7 19  24.0 38.233 -85.711  38.234 -85.712  2.548
7 19  24.0 38.233 -85.711  38.234 -85.712  4.101
1 11  26.0 38.233 -85.711  38.234 -85.712  1.64
1 11  27.0 38.233 -85.711  38.234 -85.712  1.7
6 19  38.0 38.233 -85.711  38.234 -85.712  1.678
5 14  41.0 38.232 -85.709  38.235 -85.714  3.68
5 8  5.0 38.233 -85.71  38.235 -85.713  0.186
6 19  11.0 38.233 -85.711  38.235 -85.712  0.746
1 11  16.0 38.233 -85.711  38.235 -85.712  0.64
3 3  18.0 38.233 -85.711  38.235 -85.712  0.87
7 16  39.0 38.234 -85.71  38.234 -85.713  0.435
3 19  16.0 38.232 -85.71  38.237 -85.713  0.98
4 20  22.0 38.233 -85.711  38.236 -85.712  0.808
1 5  50.0 38.232 -85.71  38.237 -85.713  4.73
5 16  24.0 38.234 -85.712  38.236 -85.711  0.86
7 18  24.0 38.233 -85.711  38.237 -85.712  0.87
1 14  11.0 38.235 -85.711  38.236 -85.712  1.12
2 8  18.0 38.237 -85.71  38.234 -85.713  1.43
1 12  30.0 38.234 -85.713  38.237 -85.71  1.24
1 15  53.0 38.235 -85.711  38.236 -85.712  3.94
1 15  32.0 38.237 -85.712  38.235 -85.711  2.17
5 6  2.0 38.238 -85.712  38.235 -85.711  0.35
3 16  18.0 38.238 -85.709  38.235 -85.714  0.6
4 13  7.0 38.24 -85.709  38.237 -85.714  0.38
6 14  12.0 38.246 -85.709  38.236 -85.714  0.93
5 15  6.0 38.229 -85.709  38.234 -85.713  0.399
1 17  32.0 38.23 -85.709  38.234 -85.713  2.74
3 18  19.0 38.23 -85.71  38.235 -85.712  0.88
2 13  25.0 38.23 -85.709  38.235 -85.713  1.305
2 18  2.0 38.232 -85.709  38.234 -85.713  0.25
6 17  3.0 38.232 -85.709  38.234 -85.713  0.31
2 16  4.0 38.232 -85.709  38.234 -85.713  0.24
5 13  4.0 38.232 -85.709  38.234 -85.713  0.65
7 17  5.0 38.232 -85.71  38.234 -85.712  0.124
7 18  5.0 38.232 -85.71  38.234 -85.712  0.19
1 8  6.0 38.232 -85.71  38.234 -85.712  0.2
6 20  6.0 38.232 -85.709  38.234 -85.713  0.757
6 19  7.0 38.232 -85.709  38.234 -85.713  0.32
7 20  7.0 38.232 -85.71  38.234 -85.712  0.435
1 13  8.0 38.232 -85.709  38.234 -85.713  0.5
6 8  9.0 38.232 -85.709  38.234 -85.713  0.31
6 18  10.0 38.232 -85.709  38.234 -85.713  0.808
6 8  11.0 38.232 -85.709  38.234 -85.713  0.43
6 18  11.0 38.232 -85.709  38.234 -85.713  0.808
7 12  22.0 38.231 -85.708  38.235 -85.714  0.62
1 15  22.0 38.232 -85.709  38.234 -85.713  2.54
1 11  28.0 38.232 -85.709  38.234 -85.713  2.03
1 11  30.0 38.232 -85.709  38.234 -85.713  2.06
4 21  32.0 38.232 -85.709  38.234 -85.713  3.728
1 12  33.0 38.232 -85.709  38.234 -85.713  3.79
1 12  34.0 38.232 -85.709  38.234 -85.713  3.915
2 16  46.0 38.232 -85.709  38.234 -85.713  1.68
5 10  54.0 