1 9  12.0 38.229 -85.78  38.236 -85.748  2.31
1 8  12.0 38.23 -85.778  38.237 -85.746  2.31
6 15  12.0 38.238 -85.772  38.237 -85.751  1.69
7 17  8.0 38.239 -85.772  38.237 -85.751  1.45
6 10  22.0 38.251 -85.772  38.235 -85.751  2.13
2 5  14.0 38.254 -85.771  38.236 -85.751  2.36
5 15  16.0 38.235 -85.77  38.237 -85.751  1.77
6 9  17.0 38.257 -85.768  38.236 -85.751  2.43
6 9  11.0 38.23 -85.768  38.236 -85.75  1.7
7 15  13.0 38.223 -85.77  38.234 -85.747  2.051
6 7  13.0 38.224 -85.77  38.234 -85.747  2.113
3 7  19.0 38.224 -85.77  38.234 -85.747  1.441
6 24  6.0 38.236 -85.766  38.237 -85.751  0.932
4 7  17.0 38.254 -85.766  38.235 -85.751  1.9
6 3  15.0 38.219 -85.766  38.234 -85.75  1.62
1 18  14.0 38.225 -85.767  38.234 -85.749  1.138
3 16  16.0 38.236 -85.767  38.234 -85.749  1.55
6 22  14.0 38.249 -85.765  38.236 -85.751  2.548
3 20  15.0 38.255 -85.765  38.237 -85.751  0.684
2 8  10.0 38.217 -85.766  38.234 -85.749  1.72
6 10  11.0 38.22 -85.764  38.234 -85.751  1.49
6 19  13.0 38.212 -85.765  38.234 -85.749  1.94
6 19  10.0 38.219 -85.764  38.234 -85.75  1.43
6 21  12.0 38.22 -85.764  38.234 -85.75  1.56
3 19  12.0 38.213 -85.762  38.237 -85.751  2.04
6 18  11.0 38.22 -85.763  38.234 -85.75  1.51
6 18  9.0 38.221 -85.763  38.234 -85.75  1.5
6 22  10.0 38.222 -85.763  38.234 -85.75  1.429
5 12  14.0 38.225 -85.762  38.237 -85.751  1.4
6 24  6.0 38.236 -85.762  38.237 -85.751  0.932
6 3  17.0 38.242 -85.763  38.234 -85.75  1.9
1 16  12.0 38.249 -85.762  38.235 -85.751  1.616
3 22  10.0 38.249 -85.763  38.236 -85.75  1.616
7 15  34.0 38.249 -85.763  38.236 -85.75  1.48
2 16  11.0 38.25 -85.766  38.237 -85.747  1.85
1 20  46.0 38.251 -85.762  38.237 -85.751  1.72
5 12  15.0 38.209 -85.762  38.234 -85.75  2.21
5 7  22.0 38.21 -85.765  38.234 -85.747  2.48
6 7  35.0 38.21 -85.764  38.234 -85.748  4.82
4 9  8.0 38.221 -85.763  38.234 -85.749  1.18
7 12  8.0 38.221 -85.763  38.234 -85.749  1.34
5 6  9.0 38.221 -85.763  38.234 -85.749  1.26
3 18  8.0 38.223 -85.763  38.234 -85.749  1.491
5 14  13.0 38.221 -85.762  38.237 -85.75  2.11
4 16  8.0 38.225 -85.762  38.234 -85.75  1.3
7 16  13.0 38.224 -85.761  38.237 -85.751  1.47
1 12  7.0 38.232 -85.765  38.234 -85.747  0.932
3 18  19.0 38.235 -85.761  38.234 -85.751  2.62
4 19  5.0 38.235 -85.761  38.236 -85.751  0.63
3 15  24.0 38.235 -85.761  38.236 -85.751  1.43
6 18  4.0 38.235 -85.761  38.237 -85.751  0.746
5 9  5.0 38.235 -85.761  38.237 -85.751  0.746
5 13  6.0 38.235 -85.761  38.237 -85.751  0.559
3 10  6.0 38.235 -85.761  38.237 -85.751  0.87
6 15  7.0 38.235 -85.761  38.237 -85.751  0.82
2 14  9.0 38.235 -85.761  38.237 -85.751  0.84
5 17  29.0 38.236 -85.761  38.236 -85.751  4.17
6 8  4.0 38.239 -85.761  38.237 -85.751  0.41
4 13  11.0 38.248 -85.761  38.234 -85.751  1.44
2 8  15.0 38.201 -85.762  38.236 -85.749  2.69
1 10  15.0 38.221 -85.763  38.234 -85.748  1.553
7 15  7.0 38.224 -85.76  38.234 -85.751  0.99
2 17  3.0 38.232 -85.76  38.234 -85.751  0.31
1 5  9.0 38.231 -85.761  38.235 -85.75  1.327
3 10  10.0 38.229 -85.76  38.237 -85.751  1.118
1 5  11.0 38.233 -85.76  38.237 -85.751  1.988
6 13  4.0 38.235 -85.76  38.237 -85.751  0.684
1 15  5.0 38.238 -85.76  38.234 -85.751  0.47
5 12  9.0 38.235 -85.76  38.237 -85.751  1.03
7 5  18.0 38.235 -85.76  38.237 -85.751  1.1
2 2  21.0 38.235 -85.76  38.237 -85.751  2.8
6 12  5.0 38.236 -85.761  38.237 -85.75  0.63
2 13  8.0 38.245 -85.762  38.234 -85.749  1.491
3 13  20.0 38.245 -85.76  38.234 -85.751  1.4
6 15  13.0 38.244 -85.76  38.236 -85.751  1.85
4 9  15.0 38.248 -85.761  38.234 -85.75  1.66
2 2  20.0 38.245 -85.762  38.237 -85.749  1.82
1 11  18.0 38.259 -85.762  38.236 -85.749  2.65
1 19  31.0 38.215 -85.763  38.234 -85.747  4.46
1 12  8.0 38.22 -85.76  38.234 -85.75  1.62
7 19  9.0 38.224 -85.763  38.234 -85.747  1.553
7 15  10.0 38.221 -85.763  38.237 -85.747  1.5
4 9  8.0 38.226 -85.761  38.234 -85.749  0.93
3 1  17.0 38.227 -85.761  38.234 -85.749  1.06
5 17  19.0 38.226 -85.764  38.236 -85.746  1.617
7 10  4.0 38.231 -85.759  38.235 -85.751  0.44
7 12  7.0 38.235 -85.76  38.234 -85.75  0.63
4 17  49.0 38.235 -85.76  38.234 -85.75  1.118
1 18  6.0 38.236 -85.76  38.237 -85.75  0.81
4 22  10.0 38.237 -85.759  38.236 -85.751  1.03
6 21  7.0 38.238 -85.761  38.237 -85.749  0.87
5 12  10.0 38.22 -85.761  38.234 -85.748  1.35
3 13  10.0 38.22 -85.763  38.234 -85.746  1.43
5 16  15.0 38.22 -85.762  38.235 -85.747  1.43
4 20  11.0 38.222 -85.759  38.235 -85.75  1.14
4 8  10.0 38.225 -85.759  38.235 -85.75  1.0
2 19  7.0 38.227 -85.76  38.235 -85.749  1.12
4 15  5.0 38.229 -85.758  38.234 -85.751  0.746
3 13  33.0 38.234 -85.759  38.234 -85.75  0.6
7 1  16.0 38.233 -85.758  38.237 -85.751  1.86
4 23  14.0 38.235 -85.758  38.236 -85.751  1.43
3 8  5.0 38.235 -85.76  38.237 -85.749  0.81
4 12  6.0 38.238 -85.763  38.234 -85.746  1.01
3 7  11.0 38.235 -85.761  38.237 -85.748  1.056
7 13  5.0 38.238 -85.759  38.235 -85.75  0.44
3 14  8.0 38.236 -85.762  38.237 -85.747  1.12
6 17  18.0 38.245 -85.761  38.234 -85.748  1.63
3 13  11.0 38.246 -85.758  38.234 -85.751  1.37
5 21  10.0 38.247 -85.759  38.234 -85.75  1.74
2 17  12.0 38.247 -85.759  38.234 -85.75  1.86
5 16  14.0 38.247 -85.759  38.234 -85.75  1.678
3 20  21.0 38.247 -85.759  38.234 -85.75  1.55
6 13  32.0 38.249 -85.76  38.234 -85.749  3.23
7 10  19.0 38.249 -85.763  38.237 -85.746  2.24
1 12  10.0 38.251 -85.758  38.236 -85.751  1.14
4 5  11.0 38.251 -85.758  38.236 -85.751  1.44
5 17  14.0 38.255 -85.76  38.234 -85.749  1.99
3 12  15.0 38.257 -85.759  38.236 -85.75  2.361
3 17  12.0 38.219 -85.757  38.234 -85.751  1.67
6 10  7.0 38.22 -85.758  38.234 -85.75  1.1
6 11  8.0 38.22 -85.758  38.234 -85.75  1.05
3 16  6.0 38.221 -85.758  38.236 -85.75  1.28
1 15  6.0 38.226 -85.758  38.234 -85.75  1.118
4 22  7.0 38.226 -85.759  38.234 -85.749  1.14
4 10  9.0 38.225 -85.757  38.237 -85.751  0.79
2 8  11.0 38.232 -85.758  38.234 -85.75  1.181
3 15  4.0 38.233 -85.757  38.234 -85.751  0.45
1 3  11.0 38.231 -85.757  38.236 -85.751  1.11
3 15  3.0 38.234 -85.757  38.234 -85.751  0.38
3 19  3.0 38.231 -85.757  38.237 -85.751  0.42
5 16  6.0 38.232 -85.757  38.236 -85.751  0.66
2 5  10.0 38.235 -85.758  38.234 -85.75  1.1
1 7  22.0 38.232 -85.757  38.237 -85.751  1.29
7 20  4.0 38.233 -85.757  38.237 -85.751  0.56
2 9  5.0 38.236 -85.758  38.234 -85.75  0.7
1 14  6.0 38.234 -85.757  38.236 -85.751  0.55
7 8  6.0 38.235 -85.76  38.236 -85.748  0.88
4 19  14.0 38.237 -85.757  38.234 -85.751  0.57
4 16  8.0 38.242 -85.761  38.235 -85.747  1.13
1 9  7.0 38.246 -85.758  38.234 -85.75  1.09
4 16  28.0 38.243 -85.757  38.237 -85.751  4.1
4 12  7.0 38.244 -85.757  38.237 -85.751  1.62
2 10  32.0 38.247 -85.759  38.234 -85.749  1.6
3 17  22.0 38.251 -85.758  38.235 -85.75  1.802
6 16  8.0 38.25 -85.759  38.237 -85.749  1.072
4 14  32.0 38.252 -85.758  38.236 -85.75  1.74
7 19  23.0 38.256 -85.758  38.234 -85.75  2.485
7 14  18.0 38.209 -85.758  38.236 -85.749  2.37
6 13  6.0 38.217 -85.757  38.236 -85.75  1.5
4 11  7.0 38.22 -85.757  38.234 -85.75  0.94
5 17  12.0 38.221 -85.761  38.236 -85.746  1.71
1 22  14.0 38.222 -85.757  38.235 -85.75  1.243
6 20  8.0 38.225 -85.759  38.236 -85.748  1.31
2 14  16.0 38.227 -85.758  38.234 -85.749  1.36
4 5  4.0 38.229 -85.758  38.234 -85.749  0.42
1 19  4.0 38.229 -85.757  38.234 -85.75  0.89
6 14  5.0 38.226 -85.756  38.237 -85.751  1.118
6 16  6.0 38.226 -85.756  38.237 -85.751  1.05
5 12  10.0 38.226 -85.756  38.237 -85.751  1.05
5 23  27.0 38.229 -85.758  38.234 -85.749  0.81
4 9  3.0 38.23 -85.758  38.234 -85.749  0.44
3 16  24.0 38.229 -85.756  38.236 -85.751  2.23
1 16  3.0 38.232 -85.756  38.234 -85.751  0.51
6 13  5.0 38.232 -85.757  38.234 -85.75  0.559
4 19  5.0 38.232 -85.757  38.234 -85.75  0.65
7 8  6.0 38.232 -85.761  38.234 -85.746  0.9
7 4  7.0 38.231 -85.756  38.235 -85.751  0.6
3 10  9.0 38.232 -85.761  38.234 -85.746  0.8
2 17  6.0 38.233 -85.758  38.234 -85.749  0.69
1 7  6.0 38.233 -85.76  38.234 -85.747  0.87
3 15  10.0 38.233 -85.757  38.234 -85.75  0.932
4 12  5.0 38.231 -85.759  38.237 -85.748  0.88
2 10  7.0 38.238 -85.759  38.236 -85.748  1.17
5 14  7.0 38.24 -85.76  38.236 -85.747  1.12
1 12  10.0 38.249 -85.756  38.235 -85.751  1.29
3 1  11.0 38.25 -85.758  38.234 -85.749  1.79
6 20  8.0 38.25 -85.756  38.235 -85.751  1.31
5 17  12.0 38.251 -85.759  38.234 -85.748  1.92
7 13  12.0 38.253 -85.757  38.234 -85.75  1.89
6 13  13.0 38.253 -85.757  38.234 -85.75  1.56
2 17  11.0 38.254 -85.756  38.237 -85.751  1.52
1 11  13.0 38.204 -85.76  38.235 -85.746  2.26
5 12  8.0 38.217 -85.755  38.234 -85.751  1.13
2 12  8.0 38.217 -85.755  38.234 -85.751  1.26
7 23  13.0 38.217 -85.76  38.235 -85.746  1.988
5 9  7.0 38.221 -85.756  38.234 -85.75  0.95
7 11  11.0 38.223 -85.757  38.234 -85.749  1.24
6 8  8.0 38.223 -85.755  38.236 -85.751  0.92
6 11  29.0 38.224 -85.756  38.235 -85.75  0.93
6 21  18.0 38.224 -85.755  38.236 -85.751  0.9
1 13  6.0 38.227 -85.755  38.237 -85.751  0.83
5 17  22.0 38.228 -85.759  38.236 -85.747  1.553
1 14  6.0 38.232 -85.756  38.234 -85.75  0.56
3 14  8.0 38.234 -85.755  38.234 -85.751  0.73
6 20  23.0 38.234 -85.755  38.236 -85.751  2.86
7 9  10.0 38.238 -85.76  38.234 -85.746  0.88
7 7  5.0 38.237 -85.758  38.236 -85.748  0.9
4 13  12.0 38.245 -85.755  38.235 -85.751  0.99
4 17  11.0 38.251 -85.757  38.234 -85.749  1.74
5 17  12.0 38.251 -85.757  38.234 -85.749  1.74
4 11  14.0 38.251 -85.757  38.234 -85.749  1.78
2 16  17.0 38.251 -85.758  38.234 -85.748  1.926
5 17  23.0 38.251 -85.757  38.234 -85.749  2.36
6 17  24.0 38.251 -85.756  38.234 -85.75  3.355
3 8  33.0 38.251 -85.756  38.234 -85.75  2.38
3 15  8.0 38.25 -85.756  38.236 -85.75  1.34
2 18  12.0 38.25 -85.755  38.236 -85.751  1.66
3 17  13.0 38.252 -85.757  38.234 -85.749  1.86
3 14  13.0 38.253 -85.757  38.234 -85.749  1.75
6 14  17.0 38.253 -85.757  38.234 -85.749  2.05
1 20  18.0 38.253 -85.757  38.234 -85.749  1.8
7 15  24.0 38.252 -85.758  38.235 -85.748  0.746
3 9  16.0 38.253 -85.757  38.236 -85.749  1.95
7 11  14.0 38.253 -85.756  38.237 -85.75  1.58
7 19  10.0 38.214 -85.755  38.234 -85.75  1.45
6 10  9.0 38.217 -85.757  38.234 -85.748  1.35
2 12  6.0 38.218 -85.755  38.234 -85.75  0.99
1 8  17.0 38.225 -85.756  38.236 -85.749  1.3
6 12  5.0 38.229 -85.757  38.234 -85.748  0.908
6 18  4.0 38.234 -85.754  38.234 -85.751  0.19
6 14  17.0 38.234 -85.754  38.234 -85.751  2.02
2 15  9.0 38.235 -85.755  38.234 -85.75  0.435
3 7  23.0 38.234 -85.755  38.235 -85.75  1.45
3 15  3.0 38.236 -85.755  38.234 -85.75  0.373
7 12  2.0 38.235 -85.754  38.236 -85.751  0.311
2 17  13.0 38.238 -85.758  38.234 -85.747  1.03
7 12  3.0 38.237 -85.754  38.237 -85.751  0.31
6 21  16.0 38.245 -85.754  38.235 -85.751  1.268
6 12  8.0 38.244 -85.756  38.237 -85.749  1.16
3 17  8.0 38.247 -85.755  38.234 -85.75  1.305
4 13  7.0 38.245 -85.755  38.237 -85.75  0.85
2 12  10.0 38.246 -85.754  38.236 -85.751  1.12
2 19  17.0 38.248 -85.755  38.234 -85.75  1.37
6 17  9.0 38.25 -85.754  38.234 -85.751  1.3
1 16  11.0 38.248 -85.758  38.236 -85.747  1.87
5 20  29.0 38.25 -85.759  38.234 -85.746  2.63
5 17  12.0 38.251 -85.754  38.234 -85.751  1.55
2 17  14.0 38.25 -85.756  38.235 -85.749  0.559
2 17  12.0 38.249 -85.757  38.237 -85.748  1.37
5 11  12.0 38.252 -85.756  38.236 -85.749  2.548
5 18  13.0 38.254 -85.757  38.236 -85.748  2.08
6 10  10.0 38.22 -85.758  38.235 -85.746  1.47
7 16  12.0 38.222 -85.757  38.235 -85.747  1.35
2 16  7.0 38.224 -85.754  38.234 -85.75  0.93
3 11  9.0 38.226 -85.753  38.237 -85.751  0.734
7 23  16.0 38.229 -85.753  38.237 -85.751  2.03
6 22  3.0 38.231 -85.754  38.236 -85.75  0.621
3 13  13.0 38.233 -85.754  38.234 -85.75  0.373
6 20  26.0 38.232 -85.753  38.236 -85.751  3.36
4 17  4.0 38.235 -85.754  38.234 -85.75  0.28
5 11  11.0 38.235 -85.757  38.234 -85.747  0.82
7 5  3.0 38.236 -85.753  38.237 -85.751  0.13
1 1  17.0 38.237 -85.753  38.237 -85.751  1.81
7 3  21.0 38.237 -85.753  38.237 -85.751  2.75
7 20  27.0 38.239 -85.753  38.237 -85.751  1.8
4 18  7.0 38.242 -85.755  38.235 -85.749  0.81
4 7  15.0 38.242 -85.753  38.237 -85.751  1.55
2 20  8.0 38.246 -85.754  38.234 -85.75  1.15
3 15  4.0 38.246 -85.754  38.235 -85.75  0.61
7 18  6.0 38.245 -85.753  38.237 -85.751  0.76
4 14  13.0 38.25 -85.753  38.236 -85.751  1.52
6 9  12.0 38.252 -85.758  38.235 -85.746  1.9
7 14  14.0 38.253 -85.757  38.234 -85.747  1.95
6 23  28.0 38.253 -85.753  38.234 -85.751  3.169
4 14  12.0 38.254 -85.754  38.234 -85.75  1.89
5 11  17.0 38.253 -85.756  38.235 -85.748  1.31
6 23  33.0 38.254 -85.753  38.234 -85.751  0.559
6 10  28.0 38.255 -85.756  38.234 -85.748  3.7
5 15  9.0 38.219 -85.754  38.235 -85.749  1.23
6 23  6.0 38.226 -85.755  38.234 -85.748  0.684
3 8  5.0 38.227 -85.752  38.235 -85.751  0.56
7 6  6.0 38.227 -85.752  38.237 -85.751  0.71
3 11  9.0 38.227 -85.752  38.237 -85.751  0.497
7 15  4.0 38.23 -85.753  38.236 -85.75  0.4
3 13  7.0 38.232 -85.753  38.234 -85.75  0.373
5 17  8.0 38.232 -85.753  38.234 -85.75  0.373
6 20  7.0 38.231 -85.752  38.236 -85.751  0.87
4 12  11.0 38.23 -85.752  38.237 -85.751  0.57
4 7  7.0 38.234 -85.752  38.234 -85.751  0.621
3 10  12.0 38.231 -85.752  38.237 -85.751  0.82
4 15  4.0 38.234 -85.753  38.235 -85.75  0.25
5 11  10.0 38.235 -85.756  38.234 -85.747  0.93
5 11  11.0 38.235 -85.756  38.234 -85.747  0.97
7 19  28.0 38.233 -85.752  38.236 -85.751  0.497
7 8  15.0 38.234 -85.756  38.236 -85.747  2.051
1 16  15.0 38.236 -85.752  38.236 -85.751  1.25
1 21  43.0 38.238 -85.754  38.234 -85.749  3.0
7 11  6.0 38.236 -85.752  38.237 -85.751  0.39
1 3  13.0 38.237 -85.752  38.237 -85.751  1.12
7 4  20.0 38.24 -85.752  38.237 -85.751  2.54
4 20  4.0 38.241 -85.752  38.237 -85.751  0.71
1 5  7.0 38.241 -85.752  38.237 -85.751  0.994
6 17  14.0 38.244 -85.754  38.234 -85.749  1.55
4 15  7.0 38.244 -85.754  38.236 -85.749  0.808
2 16  16.0 38.245 -85.753  38.235 -85.75  1.367
7 13  8.0 38.245 -85.754  38.236 -85.749  1.12
4 20  9.0 38.247 -85.752  38.234 -85.751  1.37
1 21  8.0 38.246 -85.757  38.236 -85.746  1.52
5 13  11.0 38.248 -85.755  38.234 -85.748  1.33
4 17  9.0 38.246 -85.752  38.237 -85.751  0.746
4 13  12.0 38.249 -85.755  38.234 -85.748  1.48
7 10  18.0 38.246 -85.755  38.237 -85.748  2.18
5 20  9.0 38.248 -85.755  38.236 -85.748  1.13
7 19  12.0 38.252 -85.755  38.234 -85.748  1.678
6 11  9.0 38.253 -85.754  38.234 -85.749  1.39
6 16  33.0 38.256 -85.753  38.237 -85.75  1.88
6 12  9.0 38.219 -85.755  38.236 -85.747  1.21
6 12  8.0 38.223 -85.752  38.234 -85.75  0.71
3 22  12.0 38.227 -85.754  38.234 -85.748  0.746
2 15  31.0 38.228 -85.752  38.234 -85.75  0.497
2 6  5.0 38.228 -85.753  38.236 -85.749  0.66
5 16  22.0 38.229 -85.751  38.235 -85.751  0.42
7 14  5.0 38.232 -85.751  38.235 -85.751  0.21
3 12  23.0 38.231 -85.755  38.236 -85.747  0.74
2 10  5.0 38.235 -85.753  38.234 -85.749  0.41
6 20  5.0 38.235 -85.755  38.235 -85.747  0.59
6 12  16.0 38.234 -85.755  38.237 -85.747  0.932
5 18  8.0 38.236 -85.751  38.236 -85.751  0.68
1 6  3.0 38.237 -85.751  38.237 -85.751  0.244
5 9  5.0 38.237 -85.751  38.237 -85.751  0.684
6 23  6.0 38.237 -85.751  38.237 -85.751  0.808
6 18  9.0 38.237 -85.751  38.237 -85.751  0.746
3 13  9.0 38.238 -85.751  38.236 -85.751  0.75
6 5  12.0 38.237 -85.751  38.237 -85.751  1.13
6 5  14.0 38.237 -85.751  38.237 -85.751  1.18
1 23  15.0 38.237 -85.751  38.237 -85.751  1.864
7 21  17.0 38.237 -85.751  38.237 -85.751  3.355
1 6  18.0 38.237 -85.751  38.237 -85.751  2.485
7 19  19.0 38.237 -85.751  38.237 -85.751  1.5
4 19  19.0 38.237 -85.751  38.237 -85.751  3.604
4 13  24.0 38.237 -85.751  38.237 -85.751  1.74
6 16  34.0 38.237 -85.751  38.237 -85.751  1.68
5 4  5.0 38.238 -85.751  38.237 -85.751  0.062
1 7  10.0 38.238 -85.751  38.237 -85.751  1.27
3 18  7.0 38.246 -85.752  38.234 -85.75  1.37
5 18  8.0 38.247 -85.751  38.234 -85.751  0.9
2 19  7.0 38.248 -85.752  38.234 -85.75  1.3
5 10  8.0 38.248 -85.751  38.235 -85.751  1.056
6 20  12.0 38.249 -85.755  38.234 -85.747  1.39
2 13  7.0 38.248 -85.754  38.236 -85.748  1.25
3 16  18.0 38.248 -85.755  38.236 -85.747  1.43
6 12  11.0 38.251 -85.752  38.234 -85.75  1.56
5 23  23.0 38.253 -85.756  38.235 -85.746  1.678
1 22  13.0 38.254 -85.753  38.235 -85.749  0.373
4 14  14.0 38.255 -85.756  38.234 -85.746  2.02
2 16  16.0 38.255 -85.754  38.234 -85.748  2.41
3 18  8.0 38.254 -85.751  38.236 -85.751  1.43
5 22  35.0 38.256 -85.752  38.234 -85.75