6 22  38.0 38.246 -85.772  38.242 -85.74  2.04
4 20  10.0 38.247 -85.772  38.242 -85.74  1.92
7 16  16.0 38.253 -85.771  38.242 -85.74  1.863
7 12  19.0 38.247 -85.769  38.242 -85.74  2.27
2 18  9.0 38.247 -85.768  38.242 -85.74  1.72
5 12  12.0 38.247 -85.768  38.242 -85.74  1.73
7 15  25.0 38.247 -85.768  38.242 -85.74  2.86
6 13  21.0 38.233 -85.767  38.238 -85.737  1.61
5 18  18.0 38.218 -85.763  38.241 -85.74  2.964
7 15  20.0 38.22 -85.766  38.239 -85.737  2.56
3 17  17.0 38.256 -85.763  38.24 -85.74  3.728
4 11  13.0 38.242 -85.762  38.242 -85.74  1.83
4 19  28.0 38.257 -85.762  38.239 -85.74  2.8
3 18  11.0 38.256 -85.762  38.242 -85.74  1.93
2 10  25.0 38.256 -85.762  38.242 -85.74  3.3
7 15  19.0 38.221 -85.763  38.239 -85.737  2.65
7 15  9.0 38.239 -85.762  38.238 -85.738  1.35
5 18  12.0 38.246 -85.76  38.238 -85.74  2.0
3 19  42.0 38.257 -85.763  38.238 -85.737  3.11
7 18  28.0 38.257 -85.763  38.239 -85.737  3.79
1 10  15.0 38.241 -85.76  38.238 -85.739  1.14
6 14  15.0 38.237 -85.763  38.242 -85.736  2.08
1 13  26.0 38.244 -85.762  38.242 -85.737  1.429
7 15  18.0 38.221 -85.762  38.238 -85.736  2.49
7 13  13.0 38.247 -85.758  38.24 -85.74  1.553
2 21  8.0 38.249 -85.76  38.24 -85.738  1.78
6 10  7.0 38.251 -85.758  38.242 -85.74  1.55
7 14  16.0 38.252 -85.759  38.241 -85.739  1.367
3 17  13.0 38.256 -85.758  38.242 -85.74  2.33
6 22  17.0 38.251 -85.761  38.24 -85.736  0.08
1 7  13.0 38.229 -85.757  38.241 -85.739  1.57
6 20  14.0 38.244 -85.759  38.239 -85.737  1.85
6 10  11.0 38.244 -85.757  38.24 -85.739  1.44
7 22  15.0 38.244 -85.757  38.24 -85.739  2.19
3 9  9.0 38.245 -85.758  38.24 -85.738  1.56
5 10  6.0 38.245 -85.756  38.242 -85.74  1.13
2 8  9.0 38.25 -85.756  38.242 -85.74  1.27
6 1  10.0 38.254 -85.757  38.239 -85.739  1.85
4 17  18.0 38.254 -85.757  38.241 -85.739  1.988
4 13  32.0 38.257 -85.758  38.242 -85.738  2.15
1 14  10.0 38.228 -85.756  38.241 -85.739  1.74
5 21  48.0 38.23 -85.756  38.24 -85.739  4.412
4 17  14.0 38.23 -85.758  38.242 -85.737  2.672
2 12  13.0 38.247 -85.758  38.239 -85.737  1.6
7 14  11.0 38.246 -85.758  38.241 -85.737  1.46
1 0  19.0 38.245 -85.756  38.242 -85.739  1.47
7 19  14.0 38.249 -85.758  38.239 -85.737  2.14
4 16  28.0 38.251 -85.758  38.238 -85.737  2.31
5 20  24.0 38.251 -85.758  38.239 -85.737  2.418
6 15  18.0 38.254 -85.758  38.238 -85.737  2.9
5 5  11.0 38.256 -85.757  38.241 -85.738  1.64
2 17  17.0 38.217 -85.756  38.238 -85.738  2.61
4 13  13.0 38.224 -85.757  38.24 -85.737  2.23
6 21  13.0 38.229 -85.757  38.242 -85.737  2.485
3 13  10.0 38.24 -85.758  38.24 -85.736  1.16
2 12  13.0 38.246 -85.757  38.239 -85.737  1.69
2 15  6.0 38.246 -85.754  38.242 -85.74  0.92
6 11  9.0 38.249 -85.754  38.242 -85.74  1.304
3 18  25.0 38.253 -85.757  38.238 -85.737  2.4
6 21  25.0 38.253 -85.757  38.238 -85.737  4.04
3 18  26.0 38.253 -85.757  38.238 -85.737  2.61
3 9  28.0 38.251 -85.758  38.24 -85.736  2.31
4 9  8.0 38.251 -85.755  38.242 -85.739  1.21
2 11  16.0 38.258 -85.755  38.241 -85.739  2.07
6 14  12.0 38.233 -85.756  38.238 -85.737  1.35
2 6  24.0 38.238 -85.754  38.241 -85.739  0.97
4 11  33.0 38.245 -85.757  38.239 -85.736  1.78
4 18  13.0 38.246 -85.754  38.239 -85.739  1.33
2 13  10.0 38.248 -85.754  38.241 -85.739  1.26
6 21  25.0 38.25 -85.757  38.239 -85.736  3.7
7 22  19.0 38.254 -85.756  38.238 -85.737  2.11
4 16  31.0 38.254 -85.757  38.238 -85.736  2.22
3 15  16.0 38.256 -85.756  38.238 -85.737  1.76
5 11  13.0 38.257 -85.756  38.238 -85.737  2.8
1 17  23.0 38.238 -85.754  38.239 -85.738  2.19
6 20  14.0 38.243 -85.755  38.239 -85.737  1.96
1 17  5.0 38.246 -85.753  38.242 -85.739  0.92
7 13  12.0 38.249 -85.755  38.239 -85.737  2.299
2 12  8.0 38.249 -85.753  38.241 -85.739  1.28
7 20  14.0 38.252 -85.754  38.238 -85.738  2.485
1 18  12.0 38.251 -85.754  38.24 -85.738  1.553
6 20  23.0 38.254 -85.754  38.239 -85.738  1.387
1 22  17.0 38.254 -85.755  38.241 -85.737  1.243
4 16  30.0 38.257 -85.756  38.238 -85.736  2.25
6 16  22.0 38.257 -85.755  38.239 -85.737  2.57
6 16  22.0 38.257 -85.755  38.239 -85.737  2.93
4 19  37.0 38.258 -85.755  38.238 -85.737  3.84
4 13  18.0 38.256 -85.756  38.242 -85.736  2.18
1 12  14.0 38.232 -85.753  38.238 -85.738  1.243
6 19  6.0 38.245 -85.753  38.241 -85.738  1.1
7 10  12.0 38.246 -85.754  38.241 -85.737  1.181
3 18  15.0 38.253 -85.754  38.238 -85.737  2.4
4 16  32.0 38.253 -85.755  38.238 -85.736  2.42
4 14  11.0 38.251 -85.751  38.241 -85.74  1.24
6 14  11.0 38.234 -85.754  38.239 -85.736  1.27
4 20  30.0 38.245 -85.753  38.239 -85.737  1.74
4 15  10.0 38.248 -85.75  38.241 -85.74  1.056
1 13  35.0 38.252 -85.75  38.242 -85.74  4.44
4 18  12.0 38.255 -85.75  38.24 -85.74  1.13
1 22  14.0 38.254 -85.754  38.241 -85.736  2.423
4 16  11.0 38.218 -85.752  38.239 -85.737  1.95
7 22  22.0 38.254 -85.752  38.238 -85.737  2.54
7 18  27.0 38.254 -85.752  38.238 -85.737  1.356
4 13  31.0 38.256 -85.752  38.239 -85.737  1.98
6 14  19.0 38.256 -85.752  38.241 -85.737  1.73
2 7  8.0 38.245 -85.748  38.242 -85.74  1.25
3 15  23.0 38.249 -85.751  38.238 -85.737  2.05
7 22  23.0 38.25 -85.751  38.238 -85.737  2.3
7 23  15.0 38.252 -85.751  38.238 -85.737  1.84
5 19  13.0 38.253 -85.751  38.239 -85.737  1.802
7 19  23.0 38.254 -85.752  38.238 -85.736  0.435
7 6  14.0 38.253 -85.749  38.24 -85.739  1.39
7 0  7.0 38.254 -85.749  38.241 -85.739  1.3
6 16  22.0 38.256 -85.751  38.239 -85.737  2.5
5 13  21.0 38.255 -85.75  38.241 -85.738  1.77
1 19  18.0 38.259 -85.75  38.238 -85.738  2.299
5 18  17.0 38.247 -85.747  38.242 -85.74  0.71
4 11  8.0 38.242 -85.75  38.241 -85.736  0.746
7 11  3.0 38.24 -85.745  38.238 -85.74  0.3
1 15  12.0 38.254 -85.747  38.238 -85.738  1.71
1 19  8.0 38.248 -85.744  38.24 -85.74  0.84
5 18  9.0 38.252 -85.744  38.24 -85.74  1.11
3 18  14.0 38.254 -85.747  38.239 -85.737  2.14
5 16  20.0 38.255 -85.747  38.24 -85.737  1.78
6 16  11.0 38.255 -85.746  38.242 -85.738  1.82
3 19  13.0 38.257 -85.744  38.241 -85.74  2.26
7 10  52.0 38.256 -85.745  38.239 -85.738  4.34
6 11  33.0 38.23 -85.744  38.239 -85.738  4.82
3 18  9.0 38.243 -85.743  38.242 -85.739  0.61
4 20  21.0 38.238 -85.741  38.239 -85.74  1.429
2 16  9.0 38.248 -85.741  38.241 -85.74  0.564
3 19  14.0 38.25 -85.743  38.24 -85.738  1.334
5 15  12.0 38.253 -85.743  38.238 -85.738  1.491
5 15  9.0 38.254 -85.743  38.242 -85.738  1.243
5 14  19.0 38.255 -85.745  38.241 -85.736  2.29
5 11  45.0 38.26 -85.745  38.242 -85.736  3.77
3 10  13.0 38.222 -85.744  38.238 -85.736  1.45
2 10  7.0 38.223 -85.741  38.239 -85.739  1.03
3 15  6.0 38.234 -85.744  38.24 -85.736  0.85
6 7  5.0 38.234 -85.74  38.242 -85.74  0.562
6 10  3.0 38.24 -85.744  38.24 -85.736  0.8
2 7  43.0 38.24 -85.741  38.241 -85.739  0.69
5 15  6.0 38.242 -85.74  38.242 -85.74  0.76
1 19  7.0 38.242 -85.74  38.242 -85.74  0.75
2 11  8.0 38.242 -85.74  38.242 -85.74  0.75
4 12  8.0 38.242 -85.74  38.242 -85.74  0.77
4 12  10.0 38.242 -85.74  38.242 -85.74  0.77
6 12  10.0 38.242 -85.74  38.242 -85.74  0.8
7 10  50.0 38.255 -85.743  38.238 -85.737  4.36
2 2  9.0 38.255 -85.744  38.242 -85.736  1.35
7 14  16.0 38.26 -85.744  38.24 -85.736  1.92
2 9  7.0 38.234 -85.74  38.238 -85.739  0.311
1 12  8.0 38.236 -85.74  38.238 -85.739  0.158
7 11  8.0 38.238 -85.739  38.238 -85.74  0.13
7 18  15.0 38.243 -85.74  38.24 -85.739  0.559
3 16  30.0 38.241 -85.739  38.242 -85.74  0.68
6 8  3.0 38.246 -85.739  38.241 -85.74  0.35
3 16  14.0 38.254 -85.74  38.242 -85.739  1.4
6 17  33.0 38.22 -85.742  38.238 -85.736  2.17
6 10  7.0 38.232 -85.738  38.242 -85.74  0.53
4 10  19.0 38.237 -85.741  38.239 -85.737  1.7
3 19  3.0 38.238 -85.738  38.239 -85.74  0.12
4 13  53.0 38.239 -85.738  38.241 -85.74  4.71
3 12  3.0 38.241 -85.739  38.241 -85.739  0.21
4 13  52.0 38.241 -85.739  38.241 -85.739  4.81
7 21  12.0 38.244 -85.739  38.24 -85.739  0.497
2 18  12.0 38.244 -85.739  38.24 -85.739  0.63
1 15  15.0 38.246 -85.738  38.242 -85.74  1.11
7 14  39.0 38.257 -85.741  38.239 -85.737  3.21
7 10  48.0 38.258 -85.742  38.241 -85.736  4.19
1 8  6.0 38.233 -85.739  38.238 -85.738  0.48
3 14  13.0 38.239 -85.74  38.238 -85.737  0.05
2 13  8.0 38.239 -85.738  38.239 -85.739  0.621
2 12  4.0 38.241 -85.741  38.238 -