6 14  17.0 38.25 -85.779  38.251 -85.751  1.76
1 19  24.0 38.257 -85.78  38.247 -85.75  3.107
2 16  15.0 38.248 -85.781  38.251 -85.746  2.6
5 21  12.0 38.265 -85.779  38.251 -85.746  2.92
7 13  33.0 38.203 -85.773  38.25 -85.751  4.23
6 3  10.0 38.248 -85.773  38.247 -85.75  1.31
4 14  16.0 38.247 -85.774  38.248 -85.749  2.92
5 20  8.0 38.252 -85.772  38.249 -85.751  1.21
5 10  14.0 38.255 -85.772  38.248 -85.751  1.57
1 10  12.0 38.246 -85.772  38.247 -85.75  1.3
1 13  9.0 38.254 -85.77  38.247 -85.751  1.74
5 14  29.0 38.238 -85.77  38.25 -85.75  3.45
6 12  21.0 38.222 -85.767  38.248 -85.751  2.19
2 11  19.0 38.24 -85.772  38.249 -85.746  2.06
6 17  20.0 38.247 -85.768  38.248 -85.75  1.491
5 11  11.0 38.246 -85.771  38.251 -85.747  1.51
5 2  9.0 38.252 -85.772  38.249 -85.746  1.61
4 11  14.0 38.252 -85.772  38.249 -85.746  1.43
1 10  7.0 38.255 -85.767  38.248 -85.751  1.15
5 22  10.0 38.227 -85.766  38.248 -85.751  1.77
2 10  10.0 38.235 -85.766  38.248 -85.751  1.58
6 6  8.0 38.251 -85.768  38.248 -85.749  0.94
7 6  11.0 38.252 -85.771  38.248 -85.746  1.431
2 13  8.0 38.255 -85.767  38.249 -85.75  1.07
1 16  14.0 38.254 -85.766  38.251 -85.751  1.429
4 9  17.0 38.228 -85.767  38.247 -85.749  2.22
1 3  8.0 38.231 -85.765  38.247 -85.751  1.67
3 6  7.0 38.249 -85.766  38.248 -85.75  0.99
5 16  10.0 38.248 -85.765  38.25 -85.751  1.367
4 6  10.0 38.251 -85.77  38.248 -85.746  1.52
6 12  12.0 38.256 -85.768  38.247 -85.748  1.864
6 2  16.0 38.253 -85.77  38.25 -85.746  1.38
6 12  9.0 38.257 -85.765  38.249 -85.751  1.29
2 8  19.0 38.205 -85.766  38.248 -85.749  3.51
5 16  20.0 38.206 -85.764  38.25 -85.751  3.39
1 17  34.0 38.224 -85.766  38.248 -85.749  4.02
6 10  11.0 38.233 -85.764  38.248 -85.751  1.616
4 13  16.0 38.233 -85.764  38.248 -85.751  2.28
2 3  7.0 38.236 -85.764  38.248 -85.751  1.38
3 10  16.0 38.237 -85.768  38.248 -85.747  1.61
3 16  19.0 38.219 -85.763  38.247 -85.751  2.858
1 2  7.0 38.233 -85.763  38.247 -85.751  1.53
2 2  11.0 38.233 -85.763  38.247 -85.751  1.16
6 10  12.0 38.233 -85.763  38.247 -85.751  2.237
2 14  13.0 38.233 -85.763  38.247 -85.751  1.53
2 14  15.0 38.233 -85.763  38.247 -85.751  1.84
7 2  7.0 38.233 -85.763  38.248 -85.751  1.16
2 3  8.0 38.233 -85.763  38.248 -85.751  1.09
6 4  9.0 38.233 -85.763  38.248 -85.751  1.12
7 10  9.0 38.233 -85.763  38.248 -85.751  1.61
7 10  10.0 38.233 -85.763  38.248 -85.751  1.429
5 13  12.0 38.233 -85.763  38.248 -85.751  1.75
7 3  13.0 38.233 -85.763  38.248 -85.751  1.22
7 6  21.0 38.235 -85.763  38.247 -85.751  2.73
6 2  9.0 38.236 -85.763  38.248 -85.751  1.63
4 18  12.0 38.239 -85.764  38.247 -85.75  1.03
3 9  12.0 38.239 -85.763  38.249 -85.751  1.86
4 16  10.0 38.248 -85.765  38.248 -85.749  0.124
3 17  34.0 38.251 -85.768  38.247 -85.746  1.429
3 6  10.0 38.251 -85.768  38.249 -85.746  1.422
3 6  10.0 38.252 -85.767  38.249 -85.747  1.091
6 8  18.0 38.256 -85.765  38.248 -85.749  1.19
4 6  11.0 38.258 -85.768  38.25 -85.746  1.8
2 19  15.0 38.217 -85.762  38.249 -85.751  1.181
7 11  16.0 38.218 -85.762  38.249 -85.751  2.81
1 8  19.0 38.221 -85.766  38.248 -85.747  2.69
7 14  14.0 38.222 -85.762  38.25 -85.751  2.506
5 9  9.0 38.226 -85.762  38.247 -85.751  2.24
7 4  11.0 38.222 -85.762  38.251 -85.751  2.01
3 14  14.0 38.225 -85.762  38.251 -85.751  2.13
2 7  45.0 38.231 -85.762  38.249 -85.751  4.16
7 3  7.0 38.235 -85.762  38.247 -85.751  0.97
5 7  15.0 38.234 -85.762  38.248 -85.751  1.47
3 3  7.0 38.235 -85.762  38.248 -85.751  0.93
4 2  7.0 38.235 -85.762  38.248 -85.751  0.95
4 3  7.0 38.235 -85.762  38.248 -85.751  1.0
7 3  7.0 38.235 -85.762  38.248 -85.751  1.02
3 2  7.0 38.235 -85.762  38.248 -85.751  1.02
4 2  7.0 38.235 -85.762  38.248 -85.751  1.38
6 2  8.0 38.235 -85.762  38.248 -85.751  0.83
2 2  8.0 38.235 -85.762  38.248 -85.751  1.05
6 4  9.0 38.235 -85.762  38.248 -85.751  0.95
6 2  12.0 38.235 -85.762  38.248 -85.751  1.07
4 18  39.0 38.244 -85.763  38.248 -85.75  4.04
2 19  9.0 38.246 -85.764  38.248 -85.749  0.94
5 18  55.0 38.249 -85.764  38.248 -85.749  0.23
3 11  10.0 38.254 -85.766  38.248 -85.747  1.17
6 9  7.0 38.253 -85.762  38.25 -85.751  0.77
5 18  11.0 38.256 -85.764  38.248 -85.749  0.186
3 12  11.0 38.255 -85.762  38.249 -85.751  0.98
3 14  9.0 38.258 -85.762  38.248 -85.751  0.99
1 15  15.0 38.257 -85.762  38.25 -85.751  1.06
2 14  32.0 38.257 -85.763  38.25 -85.75  1.97
1 14  34.0 38.209 -85.766  38.25 -85.746  3.9
6 16  23.0 38.21 -85.763  38.25 -85.749  4.1
6 16  19.0 38.219 -85.763  38.248 -85.749  3.169
5 12  13.0 38.223 -85.761  38.249 -85.751  1.88
6 6  14.0 38.225 -85.765  38.25 -85.747  2.23
1 12  12.0 38.226 -85.766  38.251 -85.746  2.45
5 10  11.0 38.232 -85.761  38.247 -85.751  1.181
6 6  16.0 38.232 -85.765  38.248 -85.747  1.69
4 13  21.0 38.233 -85.763  38.247 -85.749  2.53
2 3  21.0 38.232 -85.761  38.248 -85.751  2.78
6 3  7.0 38.235 -85.761  38.247 -85.751  1.29
4 19  13.0 38.235 -85.761  38.248 -85.751  1.72
3 10  12.0 38.234 -85.761  38.25 -85.751  1.54
7 9  23.0 38.233 -85.761  38.251 -85.751  1.99
5 3  9.0 38.235 -85.762  38.25 -85.75  1.65
6 15  5.0 38.239 -85.763  38.248 -85.749  0.54
3 15  11.0 38.242 -85.763  38.251 -85.749  1.99
2 5  14.0 38.243 -85.765  38.25 -85.747  2.12
6 7  5.0 38.248 -85.761  38.248 -85.751  0.373
4 6  7.0 38.249 -85.765  38.248 -85.747  1.0
4 13  6.0 38.253 -85.761  38.248 -85.751  0.608
3 12  7.0 38.254 -85.761  38.248 -85.751  0.93
5 12  9.0 38.252 -85.762  38.251 -85.75  0.746
7 14  18.0 38.252 -85.766  38.251 -85.746  2.2
4 17  45.0 38.253 -85.761  38.251 -85.751  1.86
7 15  16.0 38.254 -85.761  38.251 -85.751  1.12
6 12  9.0 38.256 -85.762  38.25 -85.75  0.808
3 8  19.0 38.257 -85.765  38.249 -85.747  2.0
5 10  35.0 38.217 -85.762  38.249 -85.749  2.7
5 7  14.0 38.219 -85.762  38.249 -85.749  2.299
2 12  16.0 38.223 -85.762  38.248 -85.749  2.14
4 21  11.0 38.223 -85.761  38.249 -85.75  2.14
6 3  7.0 38.234 -85.76  38.247 -85.751  0.95
6 2  6.0 38.235 -85.76  38.247 -85.751  0.88
6 3  6.0 38.234 -85.76  38.248 -85.751  1.03
2 6  6.0 38.235 -85.76  38.247 -85.751  1.27
4 8  8.0 38.235 -85.76  38.247 -85.751  1.22
4 7  8.0 38.235 -85.76  38.247 -85.751  1.29
3 9  9.0 38.235 -85.76  38.247 -85.751  1.23
2 6  18.0 38.232 -85.76  38.25 -85.751  1.74
1 1  31.0 38.233 -85.765  38.25 -85.746  1.97
6 14  7.0 38.245 -85.76  38.248 -85.751  0.68
2 12  11.0 38.245 -85.76  38.248 -85.751  0.64
6 9  5.0 38.246 -85.76  38.248 -85.751  0.311
4 17  26.0 38.251 -85.761  38.248 -85.75  1.056
5 7  4.0 38.251 -85.76  38.25 -85.751  0.5
4 10  7.0 38.251 -85.762  38.25 -85.749  0.746
2 20  18.0 38.251 -85.76  38.25 -85.751  0.684
4 5  8.0 38.254 -85.76  38.248 -85.751  0.91
5 18  10.0 38.255 -85.762  38.247 -85.749  1.243
5 11  8.0 38.256 -85.76  38.248 -85.751  1.04
6 12  9.0 38.255 -85.761  38.25 -85.75  1.023
5 18  10.0 38.257 -85.762  38.249 -85.749  1.243
7 14  34.0 38.256 -85.76  38.251 -85.751  3.32
5 10  20.0 38.26 -85.763  38.25 -85.748  2.2
3 9  16.0 38.215 -85.762  38.247 -85.748  2.56
5 8  14.0 38.217 -85.764  38.25 -85.746  3.04
6 11  14.0 38.219 -85.762  38.25 -85.748  2.59
3 9  13.0 38.223 -85.76  38.248 -85.75  2.08
4 8  13.0 38.226 -85.762  38.247 -85.748  2.09
2 9  10.0 38.227 -85.763  38.247 -85.747  2.06
5 13  13.0 38.226 -85.761  38.248 -85.749  2.17
3 15  34.0 38.226 -85.763  38.249 -85.747  2.44
5 11  18.0 38.229 -85.762  38.247 -85.748  1.8
2 6  9.0 38.233 -85.76  38.248 -85.75  1.62
2 15  11.0 38.232 -85.761  38.251 -85.749  1.79
4 12  14.0 38.236 -85.761  38.248 -85.749  1.429
3 11  17.0 38.238 -85.76  38.247 -85.75  1.29
1 9  51.0 38.242 -85.759  38.247 -85.751  1.84
4 18  17.0 38.243 -85.762  38.248 -85.748  1.57
7 7  9.0 38.245 -85.761  38.247 -85.749  0.93
7 6  7.0 38.246 -85.763  38.248 -85.747  0.99
3 20  5.0 38.247 -85.759  38.248 -85.751  0.52
5 19  8.0 38.248 -85.759  38.247 -85.751  0.436
5 14  8.0 38.246 -85.76  38.249 -85.75  0.77
4 15  12.0 38.249 -85.761  38.247 -85.749  1.62
5 10  10.0 38.25 -85.761  38.247 -85.749  0.87
1 9  14.0 38.249 -85.763  38.248 -85.747  0.621
2 16  6.0 38.249 -85.759  38.249 -85.751  0.44
6 16  4.0 38.25 -85.759  38.25 -85.751  0.283
4 13  8.0 38.254 -85.762  38.247 -85.748  1.25
1 16  18.0 38.253 -85.759  38.248 -85.751  1.08
3 10  6.0 38.253 -85.761  38.249 -85.749  0.746
7 12  13.0 38.251 -85.762  38.251 -85.748  0.87
5 16  56.0 38.252 -85.761  38.25 -85.749  1.3
6 9  15.0 38.255 -85.761  38.249 -85.749  2.0
7 12  32.0 38.256 -85.763  38.248 -85.747  1.59
7 19  11.0 38.254 -85.759  38.251 -85.751  0.72
4 13  12.0 38.257 -85.759  38.248 -85.751  1.243
5 8  7.0 38.258 -85.759  38.249 -85.751  0.77
2 15  33.0 38.217 -85.762  38.249 -85.747  3.38
2 14  10.0 38.222 -85.758  38.247 -85.751  1.7
6 7  10.0 38.222 -85.758  38.247 -85.751  1.71
6 13  22.0 38.224 -85.759  38.247 -85.75  2.25
3 9  8.0 38.229 -85.758  38.247 -85.751  1.491
4 6  9.0 38.229 -85.758  38.249 -85.751  1.59
5 9  9.0 38.229 -85.758  38.249 -85.751  1.62
4 8  10.0 38.229 -85.758  38.249 -85.751  1.64
3 9  11.0 38.229 -85.758  38.249 -85.751  1.62
6 12  9.0 38.235 -85.758  38.248 -85.751  0.76
3 11  55.0 38.233 -85.758  38.251 -85.751  2.73
4 2  8.0 38.238 -85.76  38.25 -85.749  0.97
2 12  12.0 38.239 -85.759  38.249 -85.75  1.17
3 15  7.0 38.242 -85.761  38.248 -85.748  1.14
5 8  8.0 38.243 -85.763  38.248 -85.746  1.45
4 13  12.0 38.241 -85.763  38.251 -85.746  1.58
6 3  4.0 38.245 -85.758  38.248 -85.751  0.65
3 15  15.0 38.245 -85.758  38.251 -85.751  1.056
1 15  6.0 38.249 -85.758  38.248 -85.751  0.37
7 13  7.0 38.249 -85.758  38.248 -85.751  0.45
5 14  10.0 38.249 -85.758  38.248 -85.751  0.93
3 14  12.0 38.249 -85.758  38.248 -85.751  1.3
6 17  5.0 38.25 -85.758  38.248 -85.751  0.373
5 14  7.0 38.249 -85.759  38.249 -85.75  0.932
2 2  4.0 38.25 -85.759  38.249 -85.75  0.57
2 8  6.0 38.251 -85.758  38.248 -85.751  0.55
6 12  8.0 38.251 -85.758  38.248 -85.751  0.497
3 10  10.0 38.251 -85.758  38.248 -85.751  0.5
3 21  11.0 38.249 -85.758  38.25 -85.751  1.17
7 12  21.0 38.251 -85.758  38.248 -85.751  1.1
6 11  35.0 38.251 -85.759  38.248 -85.75  1.59
7 20  48.0 38.251 -85.758  38.248 -85.751  2.46
6 10  6.0 38.253 -85.759  38.247 -85.75  0.79
7 6  6.0 38.251 -85.763  38.249 -85.746  1.02
2 18  14.0 38.25 -85.758  38.25 -85.751  0.63
1 20  5.0 38.253 -85.76  38.248 -85.749  0.553
2 9  6.0 38.251 -85.758  38.25 -85.751  0.351
2 18  33.0 38.254 -85.758  38.247 -85.751  2.92
2 14  19.0 38.254 -85.759  38.248 -85.75  0.75
4 11  14.0 38.255 -85.76  38.25 -85.749  1.45
7 18  17.0 38.255 -85.758  38.25 -85.751  1.44
4 12  46.0 38.254 -85.761  38.251 -85.748  4.24
7 13  5.0 38.255 -85.759  38.251 -85.75  0.45
1 20  13.0 38.257 -85.758  38.25 -85.751  0.98
1 15  13.0 38.257 -85.758  38.25 -85.751  1.02
7 14  35.0 38.257 -85.759  38.251 -85.75  3.4
2 11  8.0 38.258 -85.759  38.251 -85.75  0.85
2 11  23.0 38.219 -85.758  38.248 -85.75  2.41
5 5  14.0 38.223 -85.759  38.249 -85.749  2.47
5 7  23.0 38.224 -85.761  38.248 -85.747  2.17
1 15  29.0 38.221 -85.762  38.251 -85.746  3.19
7 11  33.0 38.224 -85.762  38.25 -85.746  2.61
3 10  10.0 38.227 -85.759  38.248 -85.749  1.45
5 9  16.0 38.226 -85.757  38.249 -85.751  1.57
6 8  11.0 38.229 -85.759  38.247 -85.749  1.74
1 9  10.0 38.228 -85.759  38.249 -85.749  1.8
2 6  8.0 38.232 -85.757  38.247 -85.751  1.19
3 7  9.0 38.231 -85.758  38.248 -85.75  1.3
5 9  11.0 38.231 -85.757  38.248 -85.751  1.38
7 3  7.0 38.232 -85.757  38.248 -85.751  1.29
5 3  7.0 38.232 -85.757  38.248 -85.751  1.33
4 6  21.0 38.232 -85.757  38.248 -85.751  2.92
5 11  14.0 38.234 -85.761  38.248 -85.747  1.42
6 19  7.0 38.234 -85.757  38.249 -85.751  1.32
4 7  11.0 38.235 -85.761  38.248 -85.747  1.65
1 9  5.0 38.235 -85.757  38.249 -85.751  1.181
6 17  7.0 38.236 -85.757  38.248 -85.751  0.88
5 15  7.0 38.238 -85.761  38.247 -85.747  1.491
5 10  22.0 38.238 -85.758  38.248 -85.75  1.77
6 8  11.0 38.238 -85.761  38.251 -85.747  1.29
2 6  2.0 38.245 -85.757  38.247 -85.751  0.39
1 9  51.0 38.244 -85.757  38.248 -85.751  1.84
7 15  8.0 38.245 -85.759  38.248 -85.749  0.68
6 22  8.0 38.245 -85.758  38.248 -85.75  0.808
3 15  22.0 38.243 -85.761  38.25 -85.747  1.54
7 0  24.0 38.243 -85.762  38.25 -85.746  3.79
5 17  7.0 38.247 -85.758  38.248 -85.75  1.181
7 8  11.0 38.248 -85.76  38.248 -85.748  0.89
4 1  3.0 38.248 -85.758  38.249 -85.75  0.54
3 12  4.0 38.248 -85.757  38.249 -85.751  0.5
4 8  5.0 38.248 -85.758  38.249 -85.75  0.559
7 13  6.0 38.249 -85.758  38.248 -85.75  0.44
5 12  7.0 38.249 -85.758  38.248 -85.75  0.095
4 19  6.0 38.251 -85.761  38.247 -85.747  0.98
5 14  4.0 38.251 -85.757  38.248 -85.751  0.4
6 10  5.0 38.251 -85.758  38.248 -85.75  0.56
6 13  6.0 38.251 -85.757  38.248 -85.751  0.72
1 2  9.0 38.249 -85.761  38.25 -85.747  0.95
7 12  18.0 38.251 -85.757  38.248 -85.751  1.1
1 16  34.0 38.251 -85.758  38.248 -85.75  1.34
2 16  46.0 38.251 -85.757  38.248 -85.751  1.21
3 14  6.0 38.252 -85.758  38.248 -85.75  0.52
7 16  35.0 38.252 -85.757  38.248 -85.751  1.92
3 18  5.0 38.25 -85.757  38.251 -85.751  0.46
1 17  5.0 38.253 -85.757  38.248 -85.751  0.56
5 10  5.0 38.253 -85.757  38.248 -85.751  0.64
3 13  6.0 38.252 -85.759  38.249 -85.749  0.56
3 10  6.0 38.251 -85.759  38.25 -85.749  0.72
2 12  11.0 38.253 -85.757  38.248 -85.751  0.72
7 18  14.0 38.252 -85.757  38.249 -85.751  0.932
4 9  22.0 38.252 -85.757  38.249 -85.751  0.72
1 12  7.0 38.254 -85.757  38.248 -85.751  0.746
6 16  8.0 38.251 -85.759  38.251 -85.749  0.621
2 9  6.0 38.252 -85.758  38.251 -85.75  0.28
4 13  8.0 38.254 -85.759  38.249 -85.749  1.02
4 12  13.0 38.252 -85.757  38.251 -85.751  0.621
5 15  34.0 38.255 -85.758  38.248 -85.75  2.299
7 16  54.0 38.256 -85.76  38.247 -85.748  3.23
4 23  6.0 38.253 -85.761  38.251 -85.747  0.829
3 16  6.0 38.254 -85.76  38.25 -85.748  0.87
5 8  12.0 38.255 -85.76  38.249 -85.748  1.29
7 17  21.0 38.254 -85.757  38.25 -85.751  1.51
2 13  28.0 38.254 -85.757  38.25 -85.751  2.86
5 20  30.0 38.254 -85.757  38.25 -85.751  3.101
6 0  6.0 38.256 -85.762  38.249 -85.746  1.25
7 4  43.0 38.257 -85.758  38.248 -85.75  4.91
3 13  11.0 38.257 -85.759  38.249 -85.749  1.19
4 11  4.0 38.257 -85.757  38.25 -85.751  0.75
5 15  10.0 38.259 -85.759  38.25 -85.749  1.37
7 12  26.0 38.219 -85.76  38.247 -85.747  2.48
3 16  16.0 38.217 -85.757  38.25 -85.75  2.64
1 14  30.0 38.221 -85.761  38.251 -85.746  3.2
2 6  8.0 38.228 -85.76  38.248 -85.747  1.71
5 5  8.0 38.228 -85.756  38.249 -85.751  2.0
4 7  9.0 38.229 -85.758  38.248 -85.749  1.55
1 6  8.0 38.231 -85.756  38.248 -85.751  1.3
6 4  8.0 38.232 -85.758  38.248 -85.749  1.18
4 19  9.0 38.232 -85.758  38.248 -85.749  1.63
3 3  11.0 38.232 -85.76  38.248 -85.747  1.46
7 19  33.0 38.23 -85.76  38.251 -85.747  4.66
4 18  6.0 38.235 -85.756  38.248 -85.751  0.9
2 8  11.0 38.235 -85.761  38.25 -85.746  1.64
1 13  12.0 38.237 -85.759  38.249 -85.748  1.5
5 4  3.0 38.243 -85.756  38.247 -85.751  0.13
3 13  6.0 38.246 -85.756  38.247 -85.751  0.32
5 4  4.0 38.246 -85.758  38.248 -85.749  0.75
1 12  7.0 38.244 -85.759  38.25 -85.748  0.53
2 7  3.0 38.245 -85.756  38.25 -85.751  0.62
5 19  4.0 38.248 -85.756  38.247 -85.751  0.35
4 9  4.0 38.247 -85.757  38.248 -85.75  0.373
3 8  4.0 38.247 -85.758  38.248 -85.749  0.621
7 20  24.0 38.247 -85.758  38.248 -85.749  1.28
3 15  5.0 38.248 -85.758  38.248 -85.749  0.53
6 13  5.0 38.248 -85.758  38.248 -85.749  0.68
1 7  11.0 38.246 -85.757  38.25 -85.75  1.05
3 10  3.0 38.249 -85.758  38.248 -85.749  0.75
3 8  5.0 38.249 -85.758  38.248 -85.749  0.47
7 13  5.0 38.249 -85.758  38.248 -85.749  0.5
5 11  6.0 38.249 -85.757  38.248 -85.75  0.37
1 18  6.0 38.249 -85.758  38.248 -85.749  0.47
4 18  8.0 38.249 -85.758  38.248 -85.749  0.46
7 19  31.0 38.246 -85.761  38.251 -85.746  2.485
5 8  3.0 38.248 -85.758  38.25 -85.749  0.34
4 16  8.0 38.25 -85.758  38.248 -85.749  0.621
7 23  9.0 38.248 -85.76  38.25 -85.747  0.808
5 11  12.0 38.251 -85.757  38.247 -85.75  1.18
2 14  14.0 38.249 -85.757  38.249 -85.75  0.746
5 10  4.0 38.251 -85.758  38.248 -85.749  0.621
4 16  6.0 38.251 -85.756  38.248 -85.751  0.68
4 8  6.0 38.248 -85.759  38.251 -85.748  0.76
6 15  8.0 38.251 -85.758  38.248 -85.749  0.684
6 15  11.0 38.251 -85.757  38.248 -85.75  0.6
4 14  14.0 38.251 -85.76  38.248 -85.747  0.97
5 13  7.0 38.251 -85.758  38.249 -85.749  0.559
7 17  8.0 38.252 -85.757  38.248 -85.75  0.62
1 11  25.0 38.251 -85.756  38.249 -85.751  0.15
4 5  4.0 38.251 -85.756  38.25 -85.751  0.29
6 15  11.0 38.253 -85.757  38.248 -85.75  0.66
2 20  15.0 38.251 -85.757  38.25 -85.75  0.73
2 20  26.0 38.251 -85.757  38.25 -85.75  1.05
6 12  7.0 38.254 -85.757  38.248 -85.75  0.75
2 15  7.0 38.252 -85.761  38.25 -85.746  0.93
2 20  25.0 38.252 -85.758  38.25 -85.749  1.1
5 7  5.0 38.254 -85.759  38.249 -85.748  0.65
5 7  5.0 38.254 -85.759  38.249 -85.748  0.67
7 14  6.0 38.254 -85.757  38.249 -85.75  0.746
6 17  6.0 38.254 -85.757  38.249 -85.75  0.798
5 11  9.0 38.254 -85.759  38.249 -85.748  1.118
1 11  13.0 38.252 -85.759  38.251 -85.748  1.06
6 7  11.0 38.257 -85.76  38.247 -85.747  1.05
7 12  15.0 38.256 -85.758  38.248 -85.749  2.175
2 13  17.0 38.256 -85.76  38.248 -85.747  0.932
2 15  15.0 38.254 -85.756  38.251 -85.751  1.08
5 21  5.0 38.255 -85.756  38.251 -85.751  0.559
6 7  9.0 38.258 -85.758  38.248 -85.749  0.91
5 16  10.0 38.259 -85.758  38.247 -85.749  1.43
3 12  10.0 38.257 -85.76  38.25 -85.747  1.21
6 16  15.0 38.258 -85.76  38.249 -85.747  2.672
7 14  24.0 38.258 -85.76  38.249 -85.747  1.51
5 8  7.0 38.259 -85.759  38.251 -85.748  0.74
1 17  16.0 38.222 -85.756  38.249 -85.75  1.988
5 8  18.0 38.221 -85.758  38.251 -85.748  2.734
4 13  15.0 38.224 -85.756  38.249 -85.75  3.79
5 8  10.0 38.227 -85.759  38.247 -85.747  0.373
5 15  16.0 38.225 -85.756  38.25 -85.75  1.84
3 9  11.0 38.228 -85.756  38.248 -85.75  1.616
2 3  7.0 38.23 -85.755  38.247 -85.751  1.14
6 10  7.0 38.232 -85.757  38.248 -85.749  1.21
3 6  11.0 38.233 -85.757  38.247 -85.749  1.367
1 13  24.0 38.232 -85.755  38.248 -85.751  2.59
4 9  9.0 38.234 -85.757  38.247 -85.749  1.28
6 14  38.0 38.232 -85.757  38.249 -85.749  4.71
5 16  9.0 38.235 -85.756  38.247 -85.75  1.118
5 12  11.0 38.235 -85.759  38.247 -85.747  1.181
4 9  10.0 38.235 -85.755  38.248 -85.751  0.95
2 6  4.0 38.236 -85.755  38.248 -85.751  0.808
3 6  6.0 38.236 -85.757  38.248 -85.749  1.2
4 17  11.0 38.235 -85.756  38.249 -85.75  1.12
1 8  7.0 38.237 -85.759  38.248 -85.747  1.44
1 6  4.0 38.238 -85.755  38.248 -85.751  0.715
3 6  4.0 38.238 -85.755  38.248 -85.751  0.808
6 3  4.0 38.239 -85.755  38.248 -85.751  0.47
4 3  6.0 38.239 -85.756  38.248 -85.75  0.69
5 14  30.0 38.237 -85.76  38.25 -85.746  3.22
5 16  9.0 38.24 -85.755  38.248 -85.751  0.74
2 11  6.0 38.24 -85.755  38.25 -85.751  0.56
3 8  3.0 38.243 -85.755  38.248 -85.751  0.34
2 10  8.0 38.243 -85.759  38.248 -85.747  0.88
6 2  5.0 38.245 -85.757  38.247 -85.749  0.53
5 8  5.0 38.246 -85.758  38.247 -85.748  0.621
5 14  17.0 38.245 -85.755  38.249 -85.751  1.36
3 8  3.0 38.246 -85.755  38.249 -85.751  0.38
7 18  4.0 38.247 -85.756  38.248 -85.75  0.45
6 16  5.0 38.247 -85.755  38.248 -85.751  0.3
2 11  5.0 38.247 -85.757  38.248 -85.749  0.59
1 21  11.0 38.248 -85.755  38.247 -85.751  0.435
5 10  19.0 38.244 -85.755  38.251 -85.751  0.186
7 16  22.0 38.245 -85.755  38.25 -85.751  2.769
2 5  5.0 38.247 -85.757  38.249 -85.749  0.43
7 13  5.0 38.247 -85.758  38.249 -85.748  0.72
4 16  7.0 38.25 -85.758  38.248 -85.748  0.373
2 19  7.0 38.25 -85.756  38.248 -85.75  0.808
4 14  9.0 38.25 -85.758  38.248 -85.748  0.76
6 15  9.0 38.25 -85.757  38.248 -85.749  1.305
5 9  5.0 38.251 -85.757  38.248 -85.749  0.61
5 9  5.0 38.249 -85.757  38.25 -85.749  0.65
4 8  8.0 38.251 -85.756  38.248 -85.75  0.561
6 19  10.0 38.248 -85.759  38.251 -85.747  0.062
5 17  10.0 38.252 -85.757  38.247 -85.749  0.61
2 18  6.0 38.252 -85.755  38.248 -85.751  0.63
5 11  7.0 38.252 -85.755  38.248 -85.751  0.75
3 9  8.0 38.251 -85.756  38.249 -85.75  0.41
2 9  9.0 38.251 -85.758  38.249 -85.748  0.75
4 12  21.0 38.249 -85.758  38.251 -85.748  3.41
4 20  5.0 38.251 -85.757  38.25 -85.749  0.479
5 13  6.0 38.253 -85.757  38.248 -85.749  0.559
5 9  7.0 38.253 -85.757  38.248 -85.749  0.27
6 8  3.0 38.252 -85.757  38.25 -85.749  0.46
4 19  6.0 38.254 -85.755  38.248 -85.751  0.621
4 8  6.0 38.254 -85.759  38.248 -85.747  1.16
2 9  7.0 38.253 -85.757  38.249 -85.749  0.74
4 8  7.0 38.254 -85.757  38.248 -85.749  0.86
5 15  7.0 38.255 -85.756  38.247 -85.75  0.93
7 9  8.0 38.255 -85.755  38.247 -85.751  1.76
7 12  11.0 38.254 -85.756  38.248 -85.75  0.68
2 20  12.0 38.252 -85.757  38.25 -85.749  3.68
2 20  21.0 38.252 -85.757  38.25 -85.749  0.74
3 20  26.0 38.253 -85.755  38.249 -85.751  0.47
7 8  6.0 38.253 -85.757  38.25 -85.749  0.58
2 6  8.0 38.255 -85.757  38.248 -85.749  1.13
2 7  11.0 38.255 -85.755  38.248 -85.751  0.97
5 22  14.0 38.256 -85.756  38.247 -85.75  0.186
4 20  7.0 38.256 -85.756  38.248 -85.75  0.684
6 12  8.0 38.254 -85.759  38.25 -85.747  0.82
3 11  27.0 38.253 -85.757  38.251 -85.749  1.96
6 14  5.0 38.256 -85.755  38.249 -85.751  0.63
6 14  5.0 38.256 -85.755  38.249 -85.751  0.84
5 11  12.0 38.254 -85.759  38.251 -85.747  0.8
5 11  12.0 38.254 -85.759  38.251 -85.747  0.82
4 20  18.0 38.254 -85.756  38.251 -85.75  0.72
7 19  47.0 38.254 -85.755  38.251 -85.751  3.045
5 15  6.0 38.258 -85.755  38.248 -85.751  0.86
2 17  10.0 38.255 -85.76  38.251 -85.746  1.18
4 11  5.0 38.258 -85.759  38.249 -85.747  1.043
6 12  8.0 38.256 -85.757  38.251 -85.749  0.93
5 10  9.0 38.257 -85.758  38.25 -85.748  0.74
3 14  8.0 38.258 -85.758  38.25 -85.748  0.994
3 18  12.0 38.258 -85.755  38.25 -85.751  0.87
2 7  14.0 38.219 -85.754  38.247 -85.751  1.85
4 10  13.0 38.22 -85.758  38.248 -85.747  2.45
7 7  15.0 38.221 -85.758  38.248 -85.747  2.4
5 23  9.0 38.227 -85.754  38.248 -85.751  1.64
4 6  13.0 38.226 -85.759  38.249 -85.746  1.93
6 4  9.0 38.228 -85.756  38.248 -85.749  1.45
1 4  9.0 38.229 -85.754  38.249 -85.751  1.26
3 9  9.0 38.231 -85.759  38.247 -85.746  1.5
2 6  4.0 38.234 -85.754  38.248 -85.751  0.708
4 15  7.0 38.234 -85.754  38.249 -85.751  0.746
3 9  8.0 38.235 -85.757  38.248 -85.748  1.28
4 12  15.0 38.232 -85.758  38.251 -85.747  0.994
4 12  11.0 38.236 -85.758  38.248 -85.747  1.47
2 7  9.0 38.235 -85.754  38.25 -85.751  1.49
4 6  4.0 38.238 -85.754  38.248 -85.751  0.711
7 6  4.0 38.238 -85.754  38.248 -85.751  0.808
4 14  9.0 38.238 -85.754  38.249 -85.751  0.808
5 21  8.0 38.244 -85.755  38.247 -85.75  0.66
5 13  6.0 38.246 -85.758  38.247 -85.747  0.75
4 4  3.0 38.246 -85.757  38.248 -85.748  0.37
3 8  4.0 38.246 -85.757  38.248 -85.748  0.62
5 3  5.0 38.247 -85.758  38.248 -85.747  0.77
1 16  6.0 38.248 -85.756  38.247 -85.749  0.48
3 13  6.0 38.247 -85.757  38.248 -85.748  0.71
3 2  2.0 38.247 -85.754  38.249 -85.751  0.45
1 20  4.0 38.248 -85.755  38.248 -85.75  0.25
3 10  5.0 38.248 -85.756  38.248 -85.749  0.373
5 16  7.0 38.249 -85.759  38.247 -85.746  0.81
3 11  34.0 38.248 -85.756  38.248 -85.749  0.435
2 18  54.0 38.248 -85.758  38.248 -85.747  1.51
4 16  3.0 38.249 -85.754  38.248 -85.751  0.34
4 7  4.0 38.249 -85.754  38.248 -85.751  0.124
2 16  4.0 38.249 -85.756  38.248 -85.749  0.46
4 10  4.0 38.249 -85.758  38.248 -85.747  0.48
7 3  4.0 38.249 -85.758  38.248 -85.747  0.56
3 17  5.0 38.249 -85.756  38.248 -85.749  0.39
3 10  5.0 38.249 -85.758  38.248 -85.747  0.54
7 13  5.0 38.248 -85.758  38.249 -85.747  0.766
1 15  6.0 38.247 -85.756  38.25 -85.749  0.65
3 14  7.0 38.249 -85.756  38.248 -85.749  0.81
4 8  8.0 38.249 -85.756  38.248 -85.749  0.561
4 16  8.0 38.249 -85.758  38.248 -85.747  0.6
6 13  8.0 38.248 -85.757  38.249 -85.748  0.99
5 15  10.0 38.249 -85.758  38.248 -85.747  0.64
6 12  5.0 38.249 -85.756  38.249 -85.749  0.56
2 12  5.0 38.25 -85.755  38.248 -85.75  0.57
3 23  7.0 38.25 -85.757  38.248 -85.748  0.784
5 14  7.0 38.25 -85.758  38.248 -85.747  0.96
1 16  11.0 38.251 -85.754  38.247 -85.751  0.55
6 11  6.0 38.251 -85.754  38.248 -85.751  0.33
3 9  6.0 38.249 -85.756  38.25 -85.749  0.38
5 11  7.0 38.249 -85.756  38.25 -85.749  0.53
4 7  7.0 38.251 -85.758  38.248 -85.747  0.6
4 9  3.0 38.252 -85.754  38.248 -85.751  0.23
6 8  5.0 38.25 -85.756  38.25 -85.749  0.4
5 14  6.0 38.25 -85.756  38.25 -85.749  0.435
1 17  7.0 38.249 -85.755  38.251 -85.75  0.46
7 15  12.0 38.253 -85.755  38.247 -85.75  0.7
3 8  4.0 38.251 -85.756  38.25 -85.749  0.39
2 10  4.0 38.252 -85.754  38.249 -85.751  0.39
3 7  5.0 38.251 -85.756  38.25 -85.749  0.48
7 16  5.0 38.253 -85.754  38.248 -85.751  0.5
7 13  6.0 38.251 -85.759  38.25 -85.746  0.72
4 9  7.0 38.251 -85.756  38.25 -85.749  0.435
3 9  7.0 38.253 -85.758  38.248 -85.747  0.808
5 17  13.0 38.251 -85.754  38.25 -85.751  0.559
2 12  17.0 38.253 -85.759  38.248 -85.746  2.54
5 15  18.0 38.253 -85.757  38.248 -85.748  1.864
7 20  48.0 38.253 -85.754  38.248 -85.751  2.61
5 10  4.0 38.252 -85.754  38.25 -85.751  0.18
7 17  5.0 38.253 -85.754  38.249 -85.751  0.435
3 11  5.0 38.251 -85.757  38.251 -85.748  0.497
6 23  6.0 38.253 -85.754  38.249 -85.751  0.311
4 14  6.0 38.254 -85.758  38.248 -85.747  1.08
2 22  7.0 38.251 -85.756  38.251 -85.749  0.435
7 20  8.0 38.251 -85.754  38.251 -85.751  0.41
5 18  9.0 38.254 -85.755  38.248 -85.75  0.61
5 17  13.0 38.252 -85.754  38.25 -85.751  0.559
7 10  14.0 38.251 -85.758  38.251 -85.747  0.746
5 10  16.0 38.252 -85.754  38.25 -85.751  0.8
4 17  5.0 38.255 -85.754  38.248 -85.751  0.58
3 14  6.0 38.253 -85.756  38.25 -85.749  0.6
6 11  6.0 38.255 -85.754  38.248 -85.751  0.6
4 12  7.0 38.253 -85.757  38.25 -85.748  0.65
3 9  7.0 38.254 -85.758  38.249 -85.747  0.88
7 22  9.0 38.253 -85.754  38.25 -85.751  0.435
6 17  11.0 38.255 -85.756  38.248 -85.749  1.09
6 10  24.0 38.254 -85.756  38.249 -85.749  2.55
7 18  4.0 38.253 -85.756  38.251 -85.749  0.63
2 12  7.0 38.254 -85.756  38.25 -85.749  0.68
2 14  9.0 38.254 -85.757  38.25 -85.748  0.684
5 17  9.0 38.253 -85.758  38.251 -85.747  0.95
5 12  9.0 38.256 -85.758  38.248 -85.747  1.19
6 23  10.0 38.253 -85.758  38.251 -85.747  0.621
3 17  7.0 38.254 -85.759  38.251 -85.746  0.719
2 12  9.0 38.254 -85.759  38.251 -85.746  1.59
6 13  13.0 38.255 -85.757  38.25 -85.748  0.902
7 15  18.0 38.257 -85.757  38.248 -85.748  1.18
5 11  6.0 38.255 -85.757  38.251 -85.748  0.684
7 11  8.0 38.256 -85.758  38.25 -85.747  0.69
7 15  12.0 38.256 -85.755  38.25 -85.75  0.69
7 11  8.0 38.258 -85.759  38.251 -85.746  0.71
2 2  48.0 38.222 -85.754  38.251 -85.75  2.64
5 9  9.0 38.228 -85.754  38.247 -85.75  1.54
3 11  10.0 38.23 -85.753  38.248 -85.751  1.5
3 15  6.0 38.231 -85.754  38.248 -85.75  1.243
1 16  7.0 38.232 -85.753  38.248 -85.751  0.09
1 6  6.0 38.233 -85.754  38.248 -85.75  1.33
2 7  7.0 38.234 -85.753  38.247 -85.751  0.86
6 13  12.0 38.234 -85.757  38.248 -85.747  1.31
6 10  19.0 38.235 -85.755  38.249 -85.749  1.27
2 18  8.0 38.236 -85.755  38.251 -85.749  1.08
7 13  19.0 38.239 -85.753  38.248 -85.751  2.38
3 18  6.0 38.237 -85.754  38.251 -85.75  0.72
7 14  8.0 38.239 -85.753  38.25 -85.751  0.497
3 18  8.0 38.243 -85.757  38.248 -85.747  1.118
6 7  10.0 38.244 -85.753  38.247 -85.751  2.76
2 7  4.0 38.244 -85.754  38.248 -85.75  0.224
3 9  4.0 38.244 -85.755  38.248 -85.749  0.61
4 14  6.0 38.245 -85.758  38.247 -85.746  0.9
3 13  8.0 38.243 -85.758  38.249 -85.746  1.0
6 8  7.0 38.244 -85.755  38.249 -85.749  0.7
7 15  15.0 38.245 -85.755  38.248 -85.749  1.28
4 12  5.0 38.246 -85.754  38.248 -85.75  0.497
3 12  5.0 38.247 -85.753  38.247 -85.751  0.87
2 9  6.0 38.246 -85.755  38.248 -85.749  0.497
2 8  6.0 38.245 -85.757  38.249 -85.747  0.73
5 17  8.0 38.247 -85.755  38.247 -85.749  0.43
4 10  9.0 38.246 -85.755  38.248 -85.749  0.495
7 17  28.0 38.245 -85.754  38.249 -85.75  1.74
4 9  3.0 38.246 -85.753  38.249 -85.751  0.4
3 18  4.0 38.247 -85.755  38.248 -85.749  0.373
3 14  8.0 38.245 -85.757  38.25 -85.747  0.87
1 12  37.0 38.245 -85.757  38.25 -85.747  3.14
6 1  3.0 38.247 -85.754  38.249 -85.75  0.46
4 14  5.0 38.248 -85.754  38.248 -85.75  0.23
4 16  6.0 38.247 -85.756  38.249 -85.748  0.63
2 9  6.0 38.247 -85.756  38.249 -85.748  0.72
5 20  11.0 38.248 -85.757  38.248 -85.747  0.684
1 12  12.0 38.248 -85.755  38.248 -85.749  1.57
6 0  22.0 38.247 -85.753  38.249 -85.751  2.0
6 19  3.0 38.249 -85.753  38.248 -85.751  0.124
2 19  3.0 38.249 -85.754  38.248 -85.75  0.234
3 7  3.0 38.247 -85.753  38.25 -85.751  0.29
2 11  4.0 38.249 -85.755  38.248 -85.749  0.2
4 10  4.0 38.249 -85.755  38.248 -85.749  0.5
2 13  4.0 38.249 -85.757  38.248 -85.747  0.54
4 8  4.0 38.248 -85.756  38.249 -85.748  0.577
7 11  5.0 38.249 -85.753  38.248 -85.751  0.24
6 9  7.0 38.249 -85.755  38.248 -85.749  0.44
2 18  24.0 38.246 -85.757  38.251 -85.747  2.37
1 13  5.0 38.248 -85.754  38.25 -85.75  0.326
2 10  5.0 38.25 -85.756  38.248 -85.748  0.48
7 8  11.0 38.249 -85.758  38.249 -85.746  0.75
4 10  11.0 38.251 -85.757  38.247 -85.747  2.15
1 11  16.0 38.25 -85.753  38.248 -85.751  0.81
6 7  32.0 38.248 -85.758  38.25 -85.746  1.98
5 15  4.0 38.25 -85.754  38.249 -85.75  0.34
1 17  6.0 38.249 -85.756  38.25 -85.748  0.56
2 9  8.0 38.251 -85.757  38.248 -85.747  0.77
4 11  11.0 38.249 -85.758  38.25 -85.746  1.12
4 16  2.0 38.249 -85.753  38.251 -85.751  0.22
6 10  3.0 38.249 -85.754  38.251 -85.75  0.22
4 12  4.0 38.252 -85.753  38.248 -85.751  0.6
6 8  6.0 38.25 -85.753  38.25 -85.751  0.47
5 13  6.0 38.253 -85.757  38.247 -85.747  0.94
7 14  7.0 38.251 -85.754  38.249 -85.75  0.124
4 16  9.0 38.252 -85.756  38.248 -85.748  0.592
7 23  14.0 38.25 -85.755  38.25 -85.749  0.373
1 16  16.0 38.252 -85.753  38.248 -85.751  0.497
7 16  22.0 38.25 -85.755  38.25 -85.749  1.118
7 17  26.0 38.251 -85.755  38.249 -85.749  1.32
2 12  4.0 38.251 -85.757  38.25 -85.747  0.59
4 9  5.0 38.251 -85.756  38.25 -85.748  0.435
1 22  6.0 38.253 -85.757  38.248 -85.747  0.87
6 14  6.0 38.254 -85.756  38.247 -85.748  0.98
3 16  8.0 38.25 -85.758  38.251 -85.746  0.85
2 12  9.0 38.253 -85.755  38.248 -85.749  0.466
4 17  10.0 38.254 -85.757  38.247 -85.747  0.062
3 11  10.0 38.253 -85.757  38.248 -85.747  0.646
5 18  12.0 38.253 -85.754  38.248 -85.75  0.63
6 14  12.0 38.254 -85.753  38.247 -85.751  0.7
4 10  12.0 38.253 -85.755  38.248 -85.749  0.73
2 19  12.0 38.253 -85.757  38.248 -85.747  2.113
6 14  19.0 38.253 -85.757  38.248 -85.747  0.746
2 12  20.0 38.251 -85.754  38.25 -85.75  1.55
6 9  30.0 38.253 -85.757  38.248 -85.747  1.6
1 13  3.0 38.251 -85.755  38.251 -85.749  0.33
2 12  5.0 38.253 -85.757  38.249 -85.747  0.93
6 12  6.0 38.253 -85.755  38.249 -85.749  0.398
5 7  6.0 38.254 -85.757  38.248 -85.747  0.93
6 18  7.0 38.253 -85.754  38.249 -85.75  0.366
6 8  7.0 38.253 -85.756  38.249 -85.748  0.4
7 14  10.0 38.251 -85.758  38.251 -85.746  0.73
6 13  10.0 38.253 -85.757  38.249 -85.747  0.787
4 17  10.0 38.251 -85.758  38.251 -85.746  1.12
2 12  11.0 38.255 -85.755  38.247 -85.749  1.06
2 12  11.0 38.254 -85.757  38.248 -85.747  1.13
5 16  6.0 38.252 -85.757  38.251 -85.747  0.56
6 13  6.0 38.255 -85.753  38.248 -85.751  0.68
6 11  6.0 38.253 -85.758  38.25 -85.746  0.79
3 19  6.0 38.252 -85.758  38.251 -85.746  0.84
2 11  7.0 38.254 -85.756  38.249 -85.748  0.72
5 17  8.0 38.255 -85.753  38.248 -85.751  1.243
5 11  9.0 38.253 -85.757  38.25 -85.747  0.94
6 13  10.0 38.253 -85.757  38.25 -85.747  0.744
2 11  12.0 38.253 -85.757  38.25 -85.747  0.709
2 11  13.0 38.253 -85.757  38.25 -85.747  0.662
3 16  26.0 38.252 -85.758  38.251 -85.746  0.81
2 12  8.0 38.254 -85.757  38.25 -85.747  0.75
2 12  8.0 38.254 -85.757  38.25 -85.747  0.79
5 16  9.0 38.257 -85.756  38.247 -85.748  1.24
6 12  11.0 38.254 -85.757  38.25 -85.747  0.71
6 9  14.0 38.254 -85.757  38.25 -85.747  0.18
6 12  14.0 38.254 -85.757  38.25 -85.747  0.74
6 15  7.0 38.254 -85.758  38.251 -85.746  0.61
2 13  8.0 38.256 -85.757  38.249 -85.747  1.07
2 9  11.0 38.256 -85.757  38.249 -85.747  0.85
2 12  17.0 38.255 -85.755  38.251 -85.749  1.93
6 12  9.0 38.257 -85.756  38.25 -85.748  1.18
2 12  10.0 38.258 -85.757  38.249 -85.747  1.43
1 15  11.0 38.258 -85.753  38.249 -85.751  0.75
5 13  11.0 38.259 -85.756  38.248 -85.748  1.07
7 19  7.0 38.258 -85.758  38.25 -85.746  0.435
3 16  8.0 38.257 -85.755  38.251 -85.749  0.684
1 10  13.0 38.257 -85.753  38.251 -85.751  0.74
5 10  14.0 38.217 -85.756  38.247 -85.747  2.3
7 9  16.0 38.223 -85.752  38.247 -85.751  2.02
7 21  18.0 38.22 -85.752  38.251 -85.751  0.373
7 18  49.0 38.225 -85.756  38.248 -85.747  5.08
4 14  13.0 38.226 -85.754  38.25 -85.749  1.86
5 17  10.0 38.23 -85.754  38.247 -85.749  1.322
2 8  7.0 38.231 -85.756  38.247 -85.747  1.12
6 15  10.0 38.23 -85.753  38.248 -85.75  1.36
3 16  10.0 38.233 -85.756  38.247 -85.747  1.367
3 8  17.0 38.23 -85.756  38.25 -85.747  1.81
5 13  10.0 38.232 -85.753  38.249 -85.75  1.118
3 10  7.0 38.234 -85.754  38.248 -85.749  1.07
3 10  9.0 38.235 -85.756  38.247 -85.747  1.28
1 14  10.0 38.233 -85.752  38.25 -85.751  1.24
2 14  12.0 38.234 -85.754  38.25 -85.749  1.305
3 14  16.0 38.238 -85.756  38.248 -85.747  1.305
6 10  5.0 38.243 -85.753  38.247 -85.75  0.446
5 11  4.0 38.244 -85.755  38.248 -85.748  0.63
2 17  7.0 38.245 -85.755  38.247 -85.748  0.413
6 21  8.0 38.244 -85.752  38.248 -85.751  0.062
2 0  9.0 38.242 -85.755  38.25 -85.748  0.97
4 17  12.0 38.244 -85.755  38.248 -85.748  0.186
7 13  4.0 38.244 -85.752  38.25 -85.751  0.808
5 7  6.0 38.245 -85.753  38.249 -85.75  0.497
4 19  8.0 38.246 -85.754  38.248 -85.749  1.25
4 12  8.0 38.247 -85.752  38.247 -85.751  2.548
1 21  13.0 38.245 -85.753  38.249 -85.75  0.44
3 18  5.0 38.247 -85.754  38.248 -85.749  0.346
2 8  6.0 38.247 -85.753  38.248 -85.75  0.311
2 10  6.0 38.247 -85.756  38.248 -85.747  0.52
6 14  18.0 38.247 -85.752  38.248 -85.751  0.76
2 14  36.0 38.244 -85.757  38.251 -85.746  1.36
6 10  6.0 38.247 -85.756  38.249 -85.747  0.67
2 10  8.0 38.248 -85.752  38.248 -85.751  0.54
4 9  13.0 38.248 -85.752  38.248 -85.751  1.2
1 15  29.0 38.248 -85.755  38.248 -85.748  2.734
7 22  3.0 38.248 -85.753  38.249 -85.75  0.186
1 11  3.0 38.249 -85.754  38.248 -85.749  0.281
4 8  5.0 38.249 -85.754  38.248 -85.749  0.311
5 13  7.0 38.249 -85.753  38.248 -85.75  0.311
1 14  8.0 38.246 -85.757  38.251 -85.746  1.06
3 13  9.0 38.249 -85.756  38.248 -85.747  1.01
6 21  14.0 38.246 -85.752  38.251 -85.751  2.051
7 17  18.0 38.249 -85.752  38.248 -85.751  2.051
6 11  19.0 38.247 -85.752  38.25 -85.751  2.21
7 13  31.0 38.246 -85.754  38.251 -85.749  0.96
5 9  3.0 38.249 -85.755  38.249 -85.748  0.45
6 10  7.0 38.251 -85.757  38.247 -85.746  0.86
3 10  7.0 38.25 -85.755  38.248 -85.748  1.01
4 19  9.0 38.249 -85.753  38.249 -85.75  0.87
1 12  2.0 38.25 -85.753  38.249 -85.75  0.2
3 10  6.0 38.251 -85.754  38.248 -85.749  0.57
3 10  8.0 38.251 -85.756  38.248 -85.747  0.52
6 19  10.0 38.248 -85.757  38.251 -85.746  0.062
7 16  10.0 38.25 -85.756  38.249 -85.747  0.72
2 15  11.0 38.248 -85.753  38.251 -85.75  0.559
6 10  3.0 38.25 -85.752  38.25 -85.751  0.13
5 19  3.0 38.252 -85.752  38.248 -85.751  0.19
2 9  4.0 38.25 -85.756  38.25 -85.747  0.57
2 1  4.0 38.251 -85.756  38.249 -85.747  0.61
5 12  5.0 38.253 -85.752  38.247 -85.751  0.28
4 8  8.0 38.252 -85.754  38.248 -85.749  0.86
2 13  8.0 38.253 -85.755  38.247 -85.748  0.93
6 8  4.0 38.251 -85.756  38.25 -85.747  0.52
3 4  4.0 38.251 -85.756  38.25 -85.747  0.54
1 19  5.0 38.252 -85.753  38.249 -85.75  0.311
6 8  5.0 38.251 -85.756  38.25 -85.747  0.501
5 16  10.0 38.25 -85.757  38.251 -85.746  0.78
6 12  11.0 38.253 -85.756  38.248 -85.747  0.96
6 23  17.0 38.252 -85.756  38.249 -85.747  1.305
3 13  21.0 38.251 -85.754  38.25 -85.749  1.648
1 9  48.0 38.252 -85.753  38.249 -85.75  2.53
7 19  3.0 38.251 -85.752  38.251 -85.751  0.062
1 11  5.0 38.253 -85.756  38.249 -85.747  0.58
6 10  6.0 38.253 -85.753  38.249 -85.75  0.41
6 18  9.0 38.252 -85.757  38.25 -85.746  0.76
6 15  9.0 38.251 -85.754  38.251 -85.749  0.9
7 18  4.0 38.253 -85.752  38.25 -85.751  0.13
7 23  24.0 38.252 -85.756  38.251 -85.747  2.548
4 5  36.0 38.253 -85.752  38.25 -85.751  0.91
3 8  5.0 38.253 -85.757  38.251 -85.746  0.6
6 18  6.0 38.253 -85.757  38.251 -85.746  0.808
6 16  7.0 38.253 -85.757  38.251 -85.746  0.186
4 12  7.0 38.255 -85.753  38.249 -85.75  0.744
1 14  8.0 38.253 -85.757  38.251 -85.746  0.621
1 14  8.0 38.253 -85.757  38.251 -85.746  0.621
1 14  8.0 38.253 -85.757  38.251 -85.746  0.932
3 20  17.0 38.253 -85.757  38.251 -85.746  1.056
7 13  3.0 38.255 -85.753  38.25 -85.75  0.36
5 16  7.0 38.254 -85.756  38.251 -85.747  0.621
7 17  20.0 38.254 -85.752  38.251 -85.751  1.21
5 20  4.0 38.255 -85.752  38.251 -85.751  0.38
3 14  7.0 38.256 -85.752  38.25 -85.751  0.41
4 19  7.0 38.257 -85.753  38.249 -85.75  0.746
4 9  8.0 38.256 -85.752  38.25 -85.751  0.65
4 11  8.0 38.257 -85.753  38.249 -85.75  0.808
6 17  12.0 38.258 -85.756  38.248 -85.747  0.94
5 10  12.0 38.258 -85.756  38.248 -85.747  1.553
1 9  19.0 38.255 -85.752  38.251 -85.751  1.05
3 20  27.0 38.255 -85.754  38.251 -85.749  0.45
3 8  7.0 38.256 -85.753  38.251 -85.75  0.39
7 19  9.0 38.256 -85.757  38.251 -85.746  1.056
3 13  21.0 38.256 -85.753  38.251 -85.75  3.7
6 14  30.0 38.257 -85.753  38.25 -85.75  2.46
4 7  6.0 38.259 -85.756  38.249 -85.747  0.97
5 13  15.0 38.219 -85.756  38.247 -85.746  1.982
7 6  10.0 38.227 -85.755  38.248 -85.747  1.77
4 13  7.0 38.231 -85.753  38.247 -85.749  1.063
6 7  12.0 38.234 -85.751  38.25 -85.751  1.3
3 19  6.0 38.239 -85.752  38.247 -85.75  0.58
6 12  6.0 38.238 -85.752  38.248 -85.75  0.8
4 8  15.0 38.241 -85.755  38.247 -85.747  1.35
4 14  5.0 38.242 -85.751  38.249 -85.751  0.497
5 9  4.0 38.244 -85.755  38.248 -85.747  0.14
1 11  4.0 38.244 -85.754  38.249 -85.748  0.59
6 15  7.0 38.242 -85.756  38.251 -85.746  1.14
2 9  9.0 38.246 -85.752  38.247 -85.75  0.93
2 17  10.0 38.246 -85.753  38.247 -85.749  0.65
2 16  5.0 38.247 -85.752  38.247 -85.75  0.186
2 23  5.0 38.247 -85.752  38.247 -85.75  0.373
3 9  5.0 38.246 -85.756  38.248 -85.746  0.684
5 19  6.0 38.247 -85.751  38.247 -85.751  0.249
5 6  6.0 38.245 -85.753  38.249 -85.749  0.32
5 11  12.0 38.247 -85.753  38.247 -85.749  1.07
2 13  12.0 38.247 -85.751  38.247 -85.751  1.13
2 18  3.0 38.248 -85.752  38.247 -85.75  0.19
5 9  4.0 38.248 -85.755  38.247 -85.747  0.57
7 16  6.0 38.248 -85.751  38.247 -85.751  0.249
2 8  7.0 38.246 -85.756  38.249 -85.746  0.738
1 13  11.0 38.248 -85.752  38.247 -85.75  0.435
4 8  12.0 38.248 -85.751  38.247 -85.751  1.34
2 9  2.0 38.248 -85.751  38.248 -85.751  0.29
6 11  3.0 38.248 -85.751  38.248 -85.751  0.186
1 20  3.0 38.248 -85.751  38.248 -85.751  0.186
5 15  4.0 38.247 -85.751  38.249 -85.751  0.25
3 17  6.0 38.248 -85.752  38.248 -85.75  0.29
3 13  6.0 38.248 -85.751  38.248 -85.751  0.435
3 11  6.0 38.248 -85.751  38.248 -85.751  0.435
4 15  6.0 38.248 -85.754  38.248 -85.748  0.652
5 10  7.0 38.248 -85.751  38.248 -85.751  0.19
2 6  8.0 38.248 -85.751  38.248 -85.751  0.21
6 14  9.0 38.248 -85.751  38.248 -85.751  0.72
7 8  10.0 38.246 -85.756  38.25 -85.746  0.96
4 20  11.0 38.248 -85.751  38.248 -85.751  0.62
2 9  12.0 38.246 -85.756  38.25 -85.746  0.88
1 15  15.0 38.248 -85.751  38.248 -85.751  0.497
6 12  15.0 38.248 -85.751  38.248 -85.751  1.181
4 9  17.0 38.248 -85.751  38.248 -85.751  0.06
4 19  28.0 38.248 -85.751  38.248 -85.751  1.38
6 18  28.0 38.248 -85.751  38.248 -85.751  2.31
2 8  28.0 38.248 -85.753  38.248 -85.749  3.169
4 7  4.0 38.248 -85.751  38.249 -85.751  0.13
3 12  4.0 38.249 -85.754  38.248 -85.748  0.16
5 8  4.0 38.247 -85.755  38.25 -85.747  0.61
2 8  4.0 38.247 -85.754  38.25 -85.748  0.62
3 13  5.0 38.249 -85.754  38.248 -85.748  0.435
3 16  6.0 38.25 -85.756  38.247 -85.746  0.58
5 19  7.0 38.25 -85.756  38.247 -85.746  0.69
1 16  9.0 38.249 -85.753  38.248 -85.749  0.74
3 20  17.0 38.248 -85.755  38.249 -85.747  1.491
6 23  41.0 38.247 -85.753  38.25 -85.749  2.734
4 7  3.0 38.249 -85.754  38.249 -85.748  0.4
2 11  3.0 38.249 -85.751  38.249 -85.751  1.181
4 14  4.0 38.249 -85.751  38.249 -85.751  0.34
2 7  4.0 38.251 -85.753  38.247 -85.749  0.42
4 8  5.0 38.249 -85.751  38.249 -85.751  0.07
1 14  5.0 38.249 -85.751  38.249 -85.751  0.621
1 15  7.0 38.249 -85.751  38.249 -85.751  1.118
1 18  12.0 38.248 -85.751  38.25 -85.751  0.69
4 15  13.0 38.249 -85.751  38.249 -85.751  0.76
5 18  13.0 38.249 -85.751  38.249 -85.751  0.808
2 7  4.0 38.249 -85.754  38.25 -85.748  0.46
6 11  4.0 38.249 -85.755  38.25 -85.747  0.59
6 8  5.0 38.249 -85.754  38.25 -85.748  0.497
2 6  5.0 38.252 -85.754  38.247 -85.748  0.6
6 12  5.0 38.25 -85.755  38.249 -85.747  0.62
6 17  5.0 38.248 -85.754  38.251 -85.748  0.87
3 13  6.0 38.249 -85.751  38.25 -85.751  0.06
6 17  7.0 38.251 -85.753  38.248 -85.749  0.87
2 15  10.0 38.252 -85.755  38.247 -85.747  0.84
4 15  11.0 38.249 -85.751  38.25 -85.751  0.746
2 14  17.0 38.249 -85.751  38.25 -85.751  1.52
4 20  42.0 38.25 -85.751  38.249 -85.751  4.35
7 19  3.0 38.251 -85.755  38.249 -85.747  0.53
6 9  6.0 38.252 -85.756  38.248 -85.746  0.67
6 23  17.0 38.251 -85.755  38.249 -85.747  1.305
2 12  3.0 38.25 -85.751  38.251 -85.751  0.124
1 18  4.0 38.25 -85.751  38.251 -85.751  0.062
7 13  7.0 38.253 -85.753  38.248 -85.749  0.559
1 14  14.0 38.251 -85.756  38.25 -85.746  2.237
2 20  30.0 38.25 -85.751  38.251 -85.751  0.435
2 11  5.0 38.252 -85.755  38.25 -85.747  0.59
6 8  7.0 38.253 -85.754  38.249 -85.748  0.38
7 14  9.0 38.251 -85.756  38.251 -85.746  0.73
6 8  10.0 38.252 -85.751  38.25 -85.751  0.124
4 12  27.0 38.252 -85.753  38.25 -85.749  1.69
4 19  37.0 38.253 -85.755  38.249 -85.747  2.11
4 13  4.0 38.254 -85.752  38.249 -85.75  0.53
1 20  5.0 38.253 -85.755  38.25 -85.747  0.58
7 17  6.0 38.253 -85.751  38.25 -85.751  0.186
6 13  8.0 38.255 -85.755  38.248 -85.747  0.99
3 11  6.0 38.253 -85.752  38.251 -85.75  0.249
7 18  7.0 38.255 -85.752  38.249 -85.75  0.84
1 17  21.0 38.254 -85.752  38.25 -85.75  1.367
7 14  24.0 38.256 -85.755  38.249 -85.747  1.58
6 19  4.0 38.255 -85.751  38.251 -85.751  0.255
2 16  8.0 38.255 -85.756  38.251 -85.746  0.62
3 10  9.0 38.257 -85.755  38.249 -85.747  0.99
3 17  10.0 38.258 -85.751  38.248 -85.751  0.63
4 8  5.0 38.256 -85.752  38.251 -85.75  0.4
2 15  5.0 38.257 -85.753  38.25 -85.749  0.7
4 11  29.0 38.259 -85.753  38.249 -85.749  3.67
2 8  12.0 38.23 -85.755  38.248 -85.746  1.7
7 5  7.0 38.231 -85.754  38.248 -85.747  1.37
5 18  9.0 38.231 -85.751  38.249 -85.75  1.13
4 10  14.0 38.232 -85.754  38.248 -85.747  2.361
5 12  5.0 38.241 -85.753  38.248 -85.748  0.497
6 20  19.0 38.238 -85.755  38.251 -85.746  1.74
5 4  3.0 38.244 -85.751  38.248 -85.75  0.24
3 12  4.0 38.245 -85.752  38.247 -85.749  0.33
6 12  8.0 38.244 -85.75  38.248 -85.751  0.659
2 17  4.0 38.244 -85.751  38.249 -85.75  0.373
3 8  5.0 38.246 -85.754  38.247 -85.747  0.65
6 14  7.0 38.245 -85.752  38.248 -85.749  0.373
6 11  5.0 38.247 -85.755  38.247 -85.746  0.53
5 13  16.0 38.247 -85.75  38.247 -85.751  1.33
1 12  5.0 38.246 -85.754  38.249 -85.747  0.56
7 16  3.0 38.248 -85.751  38.248 -85.75  0.16
5 17  4.0 38.248 -85.751  38.248 -85.75  0.249
5 22  6.0 38.246 -85.75  38.25 -85.751  0.311
6 13  6.0 38.247 -85.753  38.249 -85.748  0.43
3 16  6.0 38.249 -85.755  38.247 -85.746  0.46
7 5  15.0 38.248 -85.751  38.248 -85.75  1.5
3 12  3.0 38.249 -85.75  38.248 -85.751  0.06
1 22  3.0 38.246 -85.752  38.251 -85.749  0.409
6 19  4.0 38.25 -85.75  38.247 -85.751  0.219
4 17  4.0 38.246 -85.75  38.251 -85.751  0.4
7 13  8.0 38.246 -85.751  38.251 -85.75  0.385
3 20  10.0 38.249 -85.752  38.248 -85.749  0.56
1 15  14.0 38.249 -85.75  38.248 -85.751  0.497
7 17  15.0 38.249 -85.75  38.248 -85.751  1.18
7 18  17.0 38.25 -85.753  38.247 -85.748  2.03
5 16  5.0 38.249 -85.751  38.249 -85.75  0.559
2 8  8.0 38.249 -85.753  38.249 -85.748  0.55
2 9  8.0 38.248 -85.755  38.25 -85.746  1.12
7 13  14.0 38.249 -85.751  38.249 -85.75  1.52
2 14  18.0 38.249 -85.751  38.249 -85.75  1.42
6 11  30.0 38.247 -85.751  38.251 -85.75  1.64
6 15  3.0 38.25 -85.752  38.249 -85.749  0.25
2 10  4.0 38.25 -85.754  38.249 -85.747  0.13
6 3  6.0 38.25 -85.751  38.249 -85.75  0.31
6 16  9.0 38.25 -85.751  38.249 -85.75  0.77
6 16  21.0 38.252 -85.752  38.247 -85.749  1.76
4 5  3.0 38.251 -85.752  38.249 -85.749  0.36
7 13  4.0 38.25 -85.75  38.25 -85.751  0.08
2 19  4.0 38.249 -85.752  38.251 -85.749  0.28
6 15  5.0 38.253 -85.751  38.247 -85.75  0.631
1 16  10.0 38.251 -85.751  38.249 -85.75  0.49
1 21  54.0 38.253 -85.755  38.247 -85.746  3.57
3 16  5.0 38.253 -85.754  38.248 -85.747  0.8
2 9  6.0 38.252 -85.755  38.249 -85.746  0.54
2 10  6.0 38.252 -85.754  38.249 -85.747  0.64
5 20  7.0 38.252 -85.755  38.249 -85.746  1.05
4 17  7.0 38.254 -85.754  38.248 -85.747  0.497
3 14  7.0 38.254 -85.754  38.248 -85.747  0.83
2 13  7.0 38.255 -85.75  38.247 -85.751  0.97
4 12  4.0 38.252 -85.754  38.251 -85.747  0.32
3 16  6.0 38.254 -85.753  38.249 -85.748  0.6
5 14  8.0 38.254 -85.752  38.249 -85.749  0.186
7 20  14.0 38.252 -85.751  38.251 -85.75  0.58
2 18  21.0 38.252 -85.754  38.251 -85.747  0.62
4 18  3.0 38.253 -85.752  38.251 -85.749  0.27
1 13  4.0 38.254 -85.752  38.25 -85.749  0.48
5 14  6.0 38.255 -85.751  38.249 -85.75  0.311
5 14  6.0 38.254 -85.752  38.25 -85.749  0.39
5 19  7.0 38.256 -85.75  38.248 -85.751  0.435
5 20  11.0 38.256 -85.754  38.248 -85.747  1.181
3 19  20.0 38.255 -85.752  38.249 -85.749  2.672
1 10  4.0 38.256 -85.75  38.249 -85.751  0.49
3 10  12.0 38.257 -85.754  38.248 -85.747  1.11
2 10  14.0 38.257 -85.754  38.248 -85.747  1.243
5 17  28.0 38.257 -85.751  38.248 -85.75  2.57
7 18  53.0 38.257 -85.75  38.248 -85.751  5.07
3 12  6.0 38.256 -85.752  38.25 -85.749  0.56
3 12  4.0 38.256 -85.751  38.251 -85.75  0.55
3 11  7.0 38.257 -85.752  38.25 -85.749  0.12
6 20  23.0 38.258 -85.75  38.249 -85.751  0.435
4 13  9.0 38.26 -85.755  38.248 -85.746  0.98
6 11  8.0 38.258 -85.755  38.251 -85.746  0.78
7 21  21.0 38.213 -85.749  38.248 -85.751  2.375
1 14  12.0 38.214 -85.749  38.25 -85.751  2.52
3 11  13.0 38.22 -85.754  38.248 -85.746  2.34
3 11  11.0 38.22 -85.749  38.25 -85.751  2.06
2 8  9.0 38.229 -85.754  38.247 -85.746  1.37
5 13  7.0 38.232 -85.751  38.247 -85.749  0.77
2 18  8.0 38.232 -85.752  38.25 -85.748  1.27
3 7  8.0 38.233 -85.749  38.25 -85.751  1.11
6 10  38.0 38.238 -85.753  38.247 -85.747  2.22
4 8  8.0 38.236 -85.751  38.251 -85.749  0.871
5 13  9.0 38.24 -85.749  38.248 -85.751  1.23
5 8  11.0 38.239 -85.749  38.249 -85.751  1.2
2 6  7.0 38.242 -85.75  38.249 -85.75  0.621
1 3  4.0 38.242 -85.75  38.25 -85.75  0.41
2 11  11.0 38.242 -85.752  38.25 -85.748  0.95
6 16  13.0 38.245 -85.754  38.247 -85.746  0.621
5 7  4.0 38.244 -85.751  38.25 -85.749  0.23
4 8  4.0 38.247 -85.753  38.247 -85.747  0.42
2 6  6.0 38.246 -85.754  38.248 -85.746  0.621
4 15  5.0 38.247 -85.751  38.248 -85.749  0.124
6 10  5.0 38.248 -85.754  38.247 -85.746  0.48
3 12  4.0 38.248 -85.751  38.248 -85.749  0.249
5 19  5.0 38.248 -85.75  38.248 -85.75  0.06
5 12  5.0 38.248 -85.75  38.248 -85.75  0.062
7 15  16.0 38.248 -85.75  38.248 -85.75  1.35
5 14  21.0 38.248 -85.751  38.248 -85.749  1.46
6 15  24.0 38.248 -85.751  38.248 -85.749  2.21
3 12  2.0 38.25 -85.751  38.247 -85.749  0.29
4 14  4.0 38.247 -85.751  38.25 -85.749  0.24
5 19  5.0 38.249 -85.75  38.248 -85.75  0.74
3 5  6.0 38.249 -85.753  38.248 -85.747  0.373
5 17  4.0 38.25 -85.749  38.248 -85.751  0.25
4 14  4.0 38.249 -85.75  38.249 -85.75  0.49
7 15  5.0 38.249 -85.75  38.249 -85.75  0.18
6 12  7.0 38.25 -85.751  38.248 -85.749  0.51
4 20  30.0 38.248 -85.751  38.25 -85.749  4.12
2 12  2.0 38.25 -85.751  38.249 -85.749  0.186
6 12  4.0 38.249 -85.753  38.25 -85.747  0.44
6 15  11.0 38.252 -85.753  38.247 -85.747  0.808
6 21  13.0 38.248 -85.751  38.251 -85.749  0.497
4 21  26.0 38.248 -85.752  38.251 -85.748  1.82
3 18  3.0 38.25 -85.751  38.25 -85.749  0.124
2 13  5.0 38.249 -85.749  38.251 -85.751  0.3
1 13  7.0 38.252 -85.753  38.248 -85.747  0.311
1 11  9.0 38.251 -85.749  38.249 -85.751  0.062
6 21  29.0 38.252 -85.751  38.248 -85.749  2.051
4 18  4.0 38.25 -85.751  38.251 -85.749  0.185
6 16  5.0 38.251 -85.753  38.25 -85.747  0.333
5 13  5.0 38.253 -85.752  38.248 -85.748  0.374
5 14  7.0 38.254 -85.752  38.247 -85.748  0.63
3 17  4.0 38.255 -85.749  38.247 -85.751  0.65
3 9  8.0 38.252 -85.754  38.25 -85.746  0.47
6 23  8.0 38.252 -85.754  38.251 -85.746  0.87
3 13  13.0 38.255 -85.751  38.248 -85.749  1.243
6 18  15.0 38.252 -85.754  38.251 -85.746  1.243
2 9  15.0 38.255 -85.754  38.248 -85.746  1.86
1 14  36.0 38.252 -85.754  38.251 -85.746  2.35
1 14  36.0 38.252 -85.754  38.251 -85.746  2.38
1 14  37.0 38.252 -85.754  38.251 -85.746  2.39
1 20  6.0 38.254 -85.751  38.25 -85.749  0.435
5 19  7.0 38.256 -85.753  38.248 -85.747  0.87
6 20  10.0 38.255 -85.753  38.249 -85.747  0.626
5 17  12.0 38.255 -85.753  38.249 -85.747  0.87
6 18  35.0 38.254 -85.751  38.25 -85.749  3.355
6 11  5.0 38.254 -85.754  38.251 -85.746  0.57
4 10  8.0 38.255 -85.754  38.25 -85.746  0.78
1 9  8.0 38.258 -85.749  38.247 -85.751  0.79
2 17  11.0 38.257 -85.751  38.248 -85.749  1.118
6 17  14.0 38.257 -85.753  38.248 -85.747  1.12
5 12  7.0 38.257 -85.753  38.249 -85.747  0.9
6 17  12.0 38.257 -85.753  38.249 -85.747  0.83
2 16  5.0 38.256 -85.753  38.251 -85.747  0.435
3 9  18.0 38.213 -85.75  38.248 -85.749  2.99
5 17  10.0 38.229 -85.748  38.248 -85.751  1.51
6 17  13.0 38.229 -85.748  38.248 -85.751  1.57
6 20  6.0 38.233 -85.751  38.247 -85.748  1.0
6 21  7.0 38.233 -85.751  38.247 -85.748  0.99
4 6  12.0 38.233 -85.749  38.249 -85.75  1.77
4 18  11.0 38.234 -85.749  38.25 -85.75  1.305
2 19  23.0 38.236 -85.751  38.248 -85.748  1.988
3 17  11.0 38.234 -85.752  38.251 -85.747  1.553
3 6  5.0 38.242 -85.748  38.247 -85.751  0.5
2 11  7.0 38.241 -85.75  38.249 -85.749  0.808
3 13  15.0 38.244 -85.751  38.247 -85.748  0.4
5 15  3.0 38.245 -85.75  38.248 -85.749  0.124
6 2  3.0 38.245 -85.75  38.248 -85.749  0.24
2 8  3.0 38.245 -85.751  38.248 -85.748  0.35
2 17  4.0 38.245 -85.75  38.248 -85.749  0.21
1 13  14.0 38.246 -85.752  38.247 -85.747  0.373
3 11  5.0 38.247 -85.75  38.247 -85.749  0.06
3 9  6.0 38.243 -85.75  38.251 -85.749  0.549
3 17  8.0 38.247 -85.749  38.247 -85.75  1.12
5 13  7.0 38.247 -85.75  38.248 -85.749  0.249
3 12  18.0 38.245 -85.751  38.25 -85.748  0.994
5 14  3.0 38.248 -85.748  38.248 -85.751  0.19
5 13  8.0 38.245 -85.753  38.251 -85.746  0.7
5 20  14.0 38.248 -85.749  38.248 -85.75  1.74
7 11  4.0 38.25 -85.749  38.247 -85.75  0.45
6 11  3.0 38.25 -85.752  38.248 -85.747  0.46
6 14  4.0 38.249 -85.752  38.249 -85.747  0.28
3 15  4.0 38.25 -85.752  38.248 -85.747  0.46
4 10  5.0 38.248 -85.752  38.25 -85.747  0.51
6 14  6.0 38.249 -85.75  38.249 -85.749  0.186
1 22  14.0 38.249 -85.75  38.249 -85.749  1.78
3 19  5.0 38.251 -85.749  38.248 -85.75  0.249
5 21  5.0 38.248 -85.75  38.251 -85.749  0.3
4 18  6.0 38.251 -85.749  38.248 -85.75  0.4
3 15  6.0 38.25 -85.749  38.249 -85.75  0.43
5 18  6.0 38.249 -85.752  38.25 -85.747  0.52
5 13  6.0 38.252 -85.751  38.247 -85.748  0.684
4 15  6.0 38.252 -85.753  38.247 -85.746  0.71
3 10  7.0 38.251 -85.752  38.248 -85.747  0.62
4 17  2.0 38.251 -85.749  38.249 -85.75  0.216
4 8  4.0 38.253 -85.75  38.247 -85.749  0.45
7 17  20.0 38.252 -85.753  38.248 -85.746  0.68
7 16  38.0 38.251 -85.749  38.249 -85.75  1.93
3 13  4.0 38.252 -85.75  38.249 -85.749  0.22
4 7  5.0 38.252 -85.752  38.249 -85.747  0.43
6 19  9.0 38.253 -85.752  38.248 -85.747  0.5
4 14  16.0 38.253 -85.753  38.248 -85.746  1.28
3 10  5.0 38.254 -85.749  38.248 -85.75  0.388
5 17  11.0 38.254 -85.752  38.248 -85.747  0.932
7 3  12.0 38.254 -85.749  38.248 -85.75  0.69
2 12  12.0 38.254 -85.753  38.248 -85.746  4.6
7 16  14.0 38.252 -85.753  38.25 -85.746  1.43
7 17  19.0 38.251 -85.75  38.251 -85.749  3.8
3 17  4.0 38.252 -85.753  38.251 -85.746  0.436
7 12  5.0 38.252 -85.75  38.251 -85.749  0.117
7 19  5.0 38.252 -85.752  38.251 -85.747  0.435
6 11  5.0 38.254 -85.751  38.249 -85.748  0.5
6 15  28.0 38.253 -85.753  38.25 -85.746  3.95
1 12  33.0 38.256 -85.749  38.247 -85.75  2.78
3 7  6.0 38.256 -85.751  38.248 -85.748  0.66
3 12  6.0 38.255 -85.753  38.249 -85.746  0.84
4 14  9.0 38.256 -85.748  38.248 -85.751  0.8
3 12  14.0 38.256 -85.752  38.248 -85.747  1.29
2 22  16.0 38.253 -85.752  38.251 -85.747  0.932
7 9  6.0 38.256 -85.748  38.249 -85.751  0.38
3 16  14.0 38.256 -85.748  38.249 -85.751  0.74
3 20  4.0 38.255 -85.75  38.251 -85.749  0.26
6 4  2.0 38.256 -85.748  38.251 -85.751  0.64
2 17  8.0 38.256 -85.753  38.251 -85.746  0.71
5 20  24.0 38.256 -85.752  38.251 -85.747  1.51
1 12  7.0 38.259 -85.753  38.249 -85.746  1.04
6 15  44.0 38.212 -85.752  38.248 -85.746  4.03
6 13  11.0 38.23 -85.751  38.247 -85.747  1.367
3 3  9.0 38.229 -85.748  38.249 -85.75  1.46
6 7  16.0 38.235 -85.747  38.247 -85.751  1.2
3 12  4.0 38.243 -85.751  38.247 -85.747  0.32
7 10  5.0 38.244 -85.749  38.248 -85.749  0.63
4 10  4.0 38.245 -85.752  38.248 -85.746  0.31
4 6  6.0 38.244 -85.747  38.249 -85.751  0.58
6 13  3.0 38.246 -85.748  38.248 -85.75  0.311
3 22  4.0 38.244 -85.751  38.25 -85.747  0.41
3 8  5.0 38.246 -85.749  38.248 -85.749  0.27
4 9  6.0 38.246 -85.749  38.248 -85.749  0.25
2 15  6.0 38.246 -85.751  38.248 -85.747  0.5
2 14  4.0 38.246 -85.749  38.249 -85.749  0.67
3 19  5.0 38.244 -85.752  38.251 -85.746  0.89
6 18  14.0 38.245 -85.749  38.25 -85.749  2.051
6 16  4.0 38.248 -85.751  38.248 -85.747  0.186
6 18  4.0 38.246 -85.749  38.25 -85.749  0.3
6 19  7.0 38.248 -85.749  38.248 -85.749  0.311
3 9  7.0 38.245 -85.748  38.251 -85.75  0.42
6 13  14.0 38.248 -85.749  38.248 -85.749  0.35
5 16  2.0 38.248 -85.75  38.249 -85.748  0.4
2 11  2.0 38.248 -85.749  38.249 -85.749  0.435
3 16  5.0 38.25 -85.749  38.247 -85.749  0.53
3 17  9.0 38.246 -85.748  38.251 -85.75  0.79
6 12  12.0 38.247 -85.751  38.25 -85.747  0.38
5 14  25.0 38.248 -85.748  38.249 -85.75  1.181
5 14  5.0 38.248 -85.747  38.25 -85.751  0.435
2 17  7.0 38.249 -85.747  38.249 -85.751  0.72
3 12  14.0 38.249 -85.749  38.249 -85.749  0.81
6 13  23.0 38.249 -85.749  38.249 -85.749  0.15
3 21  34.0 38.248 -85.747  38.25 -85.751  4.536
5 13  41.0 38.249 -85.749  38.249 -85.749  4.74
3 16  3.0 38.248 -85.749  38.251 -85.749  0.14
6 11  3.0 38.249 -85.749  38.25 -85.749  0.21
7 12  4.0 38.249 -85.749  38.25 -85.749  1.056
7 12  4.0 38.249 -85.749  38.25 -85.749  1.118
6 6  8.0 38.25 -85.749  38.249 -85.749  0.3
7 17  11.0 38.248 -85.752  38.251 -85.746  0.39
7 17  16.0 38.248 -85.752  38.251 -85.746  0.52
7 22  20.0 38.251 -85.749  38.248 -85.749  2.113
4 5  4.0 38.252 -85.75  38.248 -85.748  0.32
4 14  5.0 38.251 -85.749  38.249 -85.749  0.25
5 16  5.0 38.25 -85.749  38.25 -85.749  0.45
6 11  20.0 38.253 -85.748  38.248 -85.75  1.864
3 13  3.0 38.252 -85.749  38.25 -85.749  0.246
3 12  4.0 38.252 -85.752  38.25 -85.746  0.48
3 13  5.0 38.252 -85.752  38.25 -85.746  0.357
5 16  53.0 38.252 -85.752  38.25 -85.746  2.0
6 20  9.0 38.252 -85.751  38.251 -85.747  0.373
4 13  12.0 38.252 -85.75  38.251 -85.748  0.124
7 5  16.0 38.254 -85.751  38.249 -85.747  0.71
5 20  25.0 38.253 -85.75  38.25 -85.748  1.988
4 16  2.0 38.253 -85.751  38.251 -85.747  0.28
3 13  2.0 38.253 -85.752  38.251 -85.746  0.4
4 12  3.0 38.253 -85.752  38.251 -85.746  0.51
2 7  5.0 38.254 -85.751  38.25 -85.747  0.56
3 16  6.0 38.253 -85.752  38.251 -85.746  0.91
6 3  7.0 38.256 -85.748  38.248 -85.75  0.48
5 13  9.0 38.255 -85.75  38.249 -85.748  0.92
2 12  9.0 38.256 -85.751  38.248 -85.747  0.932
7 13  5.0 38.257 -85.749  38.248 -85.749  0.56
3 16  6.0 38.255 -85.752  38.25 -85.746  0.4
4 12  8.0 38.255 -85.752  38.25 -85.746  0.59
7 15  9.0 38.257 -85.747  38.248 -85.751  0.82
2 12  12.0 38.256 -85.749  38.249 -85.749  1.23
3 23  14.0 38.257 -85.75  38.248 -85.748  1.118
7 14  22.0 38.254 -85.751  38.251 -85.747  2.485
5 15  6.0 38.257 -85.747  38.249 -85.751  0.9
4 19  7.0 38.258 -85.751  38.248 -85.747  0.87
4 22  8.0 38.256 -85.752  38.25 -85.746  0.186
2 22  13.0 38.257 -85.751  38.25 -85.747  1.282
6 21  14.0 38.256 -85.752  38.251 -85.746  0.721
3 11  34.0 38.257 -85.747  38.251 -85.751  3.07
6 19  4.0 38.258 -85.752  38.251 -85.746  0.74
3 12  7.0 38.259 -85.751  38.25 -85.747  0.82
4 15  10.0 38.259 -85.752  38.251 -85.746  0.596
4 14  28.0 38.205 -85.751  38.25 -85.746  4.35
7 9  20.0 38.212 -85.751  38.248 -85.746  2.82
1 10  23.0 38.214 -85.751  38.25 -85.746  3.1
6 9  17.0 38.218 -85.75  38.248 -85.747  2.45
5 17  10.0 38.227 -85.746  38.248 -85.751  1.53
1 7  9.0 38.234 -85.748  38.248 -85.749  1.01
5 20  16.0 38.238 -85.748  38.249 -85.749  1.988
6 8  5.0 38.244 -85.75  38.248 -85.747  0.37
6 22  7.0 38.245 -85.749  38.247 -85.748  1.74
6 18  33.0 38.245 -85.748  38.247 -85.749  3.79
3 3  3.0 38.245 -85.75  38.248 -85.747  0.35
4 15  34.0 38.245 -85.749  38.248 -85.748  3.97
3 7  3.0 38.247 -85.747  38.247 -85.75  0.11
3 11  15.0 38.245 -85.748  38.249 -85.749  1.2
1 18  9.0 38.247 -85.749  38.248 -85.748  0.186
3 18  3.0 38.248 -85.748  38.248 -85.749  0.044
5 18  5.0 38.248 -85.748  38.248 -85.749  0.13
5 14  6.0 38.248 -85.749  38.248 -85.748  0.19
5 9  17.0 38.246 -85.749  38.25 -85.748  1.64
4 9  3.0 38.248 -85.747  38.249 -85.75  0.2
6 15  3.0 38.248 -85.747  38.249 -85.75  0.22
6 7  4.0 38.248 -85.747  38.249 -85.75  0.19
3 14  7.0 38.248 -85.749  38.249 -85.748  0.61
1 14  10.0 38.249 -85.746  38.248 -85.751  1.035
4 16  11.0 38.248 -85.747  38.249 -85.75  0.186
2 9  16.0 38.248 -85.749  38.249 -85.748  0.684
3 11  33.0 38.25 -85.746  38.247 -85.751  0.497
4 17  3.0 38.249 -85.751  38.249 -85.746  0.255
4 17  5.0 38.248 -85.746  38.25 -85.751  0.373
6 12  10.0 38.248 -85.748  38.25 -85.749  0.559
2 15  14.0 38.249 -85.748  38.249 -85.749  0.59
5 15  16.0 38.249 -85.747  38.249 -85.75  1.09
3 11  21.0 38.251 -85.751  38.247 -85.746  1.9
5 16  35.0 38.249 -85.748  38.249 -85.749  4.23
6 6  2.0 38.249 -85.748  38.25 -85.749  0.23
6 11  4.0 38.25 -85.751  38.249 -85.746  0.48
5 10  16.0 38.251 -85.75  38.248 -85.747  1.94
2 9  19.0 38.25 -85.749  38.249 -85.748  1.72
4 17  3.0 38.251 -85.748  38.249 -85.749  0.17
5 11  5.0 38.253 -85.75  38.247 -85.747  0.46
7 13  13.0 38.25 -85.75  38.25 -85.747  1.49
2 15  3.0 38.251 -85.75  38.25 -85.747  0.05
6 11  7.0 38.254 -85.75  38.248 -85.747  0.49
4 18  10.0 38.254 -85.748  38.248 -85.749  0.8
3 18  10.0 38.255 -85.75  38.247 -85.747  0.99
7 13  19.0 38.253 -85.748  38.249 -85.749  1.491
3 12  6.0 38.254 -85.748  38.249 -85.749  0.311
3 12  6.0 38.254 -85.748  38.249 -85.749  0.82
6 7  9.0 38.254 -85.748  38.249 -85.749  0.435
1 13  10.0 38.254 -85.748  38.249 -85.749  1.118
2 11  23.0 38.254 -85.748  38.249 -85.749  2.71
3 21  2.0 38.253 -85.751  38.251 -85.746  0.47
6 15  3.0 38.254 -85.748  38.25 -85.749  0.14
5 13  3.0 38.254 -85.748  38.25 -85.749  0.58
6 9  4.0 38.254 -85.748  38.25 -85.749  0.87
4 19  6.0 38.256 -85.75  38.248 -85.747  0.548
4 17  6.0 38.255 -85.746  38.249 -85.751  0.57
6 20  7.0 38.253 -85.751  38.251 -85.746  0.43
6 20  9.0 38.255 -85.749  38.249 -85.748  0.587
7 10  2.0 38.254 -85.748  38.251 -85.749  0.25
5 11  3.0 38.254 -85.748  38.251 -85.749  0.229
2 18  4.0 38.254 -85.748  38.251 -85.749  0.225
2 11  5.0 38.255 -85.748  38.25 -85.749  0.33
2 2  6.0 38.254 -85.751  38.251 -85.746  0.26
7 15  6.0 38.254 -85.748  38.251 -85.749  0.449
4 16  7.0 38.257 -85.75  38.248 -85.747  0.87
4 11  12.0 38.258 -85.751  38.247 -85.746  1.05
2 11  4.0 38.255 -85.748  38.251 -85.749  0.27
2 11  4.0 38.255 -85.748  38.251 -85.749  0.27
4 18  51.0 38.259 -85.746  38.247 -85.751  0.89
7 12  5.0 38.261 -85.746  38.247 -85.751  0.9
4 18  14.0 38.257 -85.746  38.251 -85.751  1.553
1 18  40.0 38.21 -85.749  38.249 -85.747  3.728
2 19  6.0 38.243 -85.747  38.247 -85.749  0.3
6 11  7.0 38.245 -85.747  38.247 -85.749  0.373
7 6  12.0 38.245 -85.746  38.247 -85.75  0.559
4 4  2.0 38.245 -85.748  38.248 -85.748  0.24
6 12  3.0 38.246 -85.746  38.247 -85.75  0.14
4 6  4.0 38.244 -85.747  38.249 -85.749  0.419
4 6  5.0 38.244 -85.747  38.249 -85.749  0.47
5 11  9.0 38.243 -85.747  38.25 -85.749  0.808
3 16  4.0 38.246 -85.746  38.248 -85.75  0.33
3 6  4.0 38.245 -85.745  38.249 -85.751  0.631
2 7  14.0 38.245 -85.75  38.249 -85.746  0.99
2 8  3.0 38.248 -85.749  38.247 -85.747  0.124
4 8  3.0 38.248 -85.749  38.248 -85.747  0.16
7 12  3.0 38.247 -85.748  38.249 -85.748  0.19
1 15  3.0 38.248 -85.745  38.248 -85.751  0.21
2 22  3.0 38.248 -85.748  38.248 -85.748  0.559
2 22  4.0 38.248 -85.748  38.248 -85.748  0.559
3 7  4.0 38.249 -85.749  38.247 -85.747  0.6
1 13  4.0 38.248 -85.747  38.248 -85.749  0.808
5 14  5.0 38.248 -85.747  38.248 -85.749  0.19
7 12  5.0 38.247 -85.745  38.249 -85.751  0.65
6 6  11.0 38.248 -85.747  38.248 -85.749  1.08
1 17  11.0 38.247 -85.749  38.249 -85.747  1.926
3 10  3.0 38.248 -85.746  38.249 -85.75  0.204
2 8  4.0 38.249 -85.749  38.248 -85.747  0.124
4 15  5.0 38.25 -85.746  38.247 -85.75  0.73
2 13  7.0 38.246 -85.747  38.251 -85.749  0.76
3 10  8.0 38.25 -85.747  38.247 -85.749  0.68
4 13  13.0 38.248 -85.745  38.249 -85.751  1.16
3 14  16.0 38.249 -85.747  38.248 -85.749  0.12
6 3  2.0 38.249 -85.746  38.249 -85.75  0.25
4 13  3.0 38.249 -85.748  38.249 -85.748  0.07
4 5  3.0 38.249 -85.747  38.249 -85.749  0.18
2 18  3.0 38.248 -85.748  38.25 -85.748  0.191
2 10  4.0 38.248 -85.747  38.25 -85.749  0.249
3 10  8.0 38.248 -85.747  38.25 -85.749  0.746
5 17  13.0 38.249 -85.748  38.249 -85.748  1.25
6 10  16.0 38.251 -85.747  38.247 -85.749  2.423
6 13  8.0 38.25 -85.746  38.249 -85.75  0.87
5 13  17.0 38.251 -85.745  38.248 -85.751  0.83
4 19  33.0 38.249 -85.749  38.25 -85.747  5.04
3 18  3.0 38.25 -85.746  38.25 -85.75  0.221
3 11  4.0 38.249 -85.747  38.251 -85.749  0.186
2 8  4.0 38.25 -85.747  38.25 -85.749  0.684
1 12  6.0 38.25 -85.746  38.25 -85.75  0.23
2 12  13.0 38.252 -85.746  38.248 -85.75  1.1
4 12  28.0 38.251 -85.749  38.249 -85.747  4.05
3 13  4.0 38.25 -85.749  38.251 -85.747  0.27
6 11  4.0 38.252 -85.748  38.249 -85.748  0.44
2 12  9.0 38.254 -85.748  38.247 -85.748  0.67
2 12  4.0 38.254 -85.745  38.248 -85.751  0.27
5 20  12.0 38.254 -85.746  38.248 -85.75  0.559
6 19  2.0 38.252 -85.75  38.251 -85.746  0.43
6 14  3.0 38.254 -85.748  38.249 -85.748  0.41
2 11  5.0 38.254 -85.748  38.249 -85.748  0.366
3 12  7.0 38.255 -85.749  38.248 -85.747  0.684
7 11  7.0 38.255 -85.749  38.248 -85.747  0.71
7 16  9.0 38.256 -85.746  38.247 -85.75  1.056
7 15  24.0 38.255 -85.745  38.248 -85.751  1.76
2 7  4.0 38.255 -85.748  38.249 -85.748  0.32
2 11  5.0 38.255 -85.748  38.249 -85.748  0.405
2 14  6.0 38.254 -85.745  38.25 -85.751  0.62
3 17  8.0 38.253 -85.745  38.251 -85.751  0.81
2 5  6.0 38.254 -85.747  38.251 -85.749  0.746
6 8  18.0 38.258 -85.745  38.247 -85.751  2.01
5 9  22.0 38.258 -85.747  38.247 -85.749  2.6
6 9  6.0 38.255 -85.746  38.251 -85.75  0.559
1 16  6.0 38.256 -85.749  38.25 -85.747  0.57
1 12  17.0 38.256 -85.746  38.25 -85.75  0.62
6 16  37.0 38.257 -85.746  38.25 -85.75  2.07
6 17  8.0 38.259 -85.75  38.251 -85.746  0.631
4 20  11.0 38.259 -85.746  38.251 -85.75  0.7
6 14  8.0 38.262 -85.749  38.25 -85.747  0.994
6 6  19.0 38.22 -85.744  38.248 -85.751  2.92
2 15  11.0 38.229 -85.746  38.249 -85.749  1.33
2 9  9.0 38.233 -85.747  38.251 -85.748  1.4
4 6  3.0 38.244 -85.747  38.247 -85.748  0.19
1 17  5.0 38.243 -85.746  38.249 -85.749  0.621
4 6  3.0 38.244 -85.746  38.249 -85.749  0.41
2 3  4.0 38.245 -85.748  38.248 -85.747  0.44
2 13  5.0 38.245 -85.745  38.248 -85.75  0.38
1 20  11.0 38.247 -85.747  38.247 -85.748  0.249
6 6  12.0 38.247 -85.747  38.247 -85.748  0.51
4 17  40.0 38.247 -85.747  38.247 -85.748  3.68
4 2  3.0 38.247 -85.745  38.248 -85.75  0.5
7 11  4.0 38.248 -85.745  38.247 -85.75  0.36
2 16  10.0 38.245 -85.747  38.25 -85.748  0.569
2 13  13.0 38.249 -85.745  38.247 -85.75  1.25
3 12  4.0 38.248 -85.749  38.249 -85.746  0.177
4 10  5.0 38.249 -85.749  38.248 -85.746  0.12
7 17  7.0 38.249 -85.749  38.248 -85.746  0.39
2 10  4.0 38.248 -85.745  38.25 -85.75  0.34
4 14  4.0 38.249 -85.747  38.249 -85.748  0.621
3 14  6.0 38.249 -85.747  38.249 -85.748  1.243
6 14  7.0 38.249 -85.747  38.249 -85.748  0.249
3 14  8.0 38.249 -85.748  38.249 -85.747  1.988
2 10  4.0 38.25 -85.747  38.249 -85.748  0.06
5 11  5.0 38.25 -85.748  38.249 -85.747  0.124
6 16  6.0 38.25 -85.747  38.249 -85.748  0.64
7 13  7.0 38.252 -85.747  38.247 -85.748  0.559
4 14  33.0 38.249 -85.746  38.25 -85.749  3.6
2 6  3.0 38.252 -85.748  38.248 -85.747  0.54
5 16  9.0 38.251 -85.747  38.249 -85.748  0.59
5 12  13.0 38.251 -85.747  38.249 -85.748  0.54
2 13  25.0 38.249 -85.749  38.251 -85.746  2.45
5 18  5.0 38.252 -85.748  38.249 -85.747  0.5
3 6  3.0 38.254 -85.748  38.248 -85.747  0.41
3 6  3.0 38.254 -85.748  38.248 -85.747  0.58
3 6  4.0 38.254 -85.748  38.248 -85.747  0.445
4 6  4.0 38.254 -85.748  38.248 -85.747  0.497
2 6  4.0 38.254 -85.748  38.248 -85.747  0.497
4 11  9.0 38.254 -85.748  38.248 -85.747  0.249
2 11  3.0 38.253 -85.746  38.25 -85.749  0.309
2 13  4.0 38.254 -85.748  38.249 -85.747  0.41
3 6  4.0 38.255 -85.748  38.248 -85.747  0.62
4 15  5.0 38.254 -85.748  38.249 -85.747  0.4
6 11  7.0 38.254 -85.749  38.249 -85.746  0.46
1 9  7.0 38.255 -85.745  38.248 -85.75  0.93
7 20  10.0 38.253 -85.749  38.25 -85.746  0.68
2 17  10.0 38.253 -85.749  38.25 -85.746  1.11
6 12  12.0 38.256 -85.745  38.247 -85.75  1.12
6 17  15.0 38.254 -85.744  38.249 -85.751  1.14
5 8  3.0 38.254 -85.748  38.25 -85.747  0.39
3 6  4.0 38.255 -85.748  38.249 -85.747  0.434
3 13  4.0 38.254 -85.748  38.25 -85.747  0.994
2 7  5.0 38.255 -85.748  38.249 -85.747  0.51
6 9  5.0 38.255 -85.746  38.249 -85.749  0.52
6 9  5.0 38.255 -85.746  38.249 -85.749  0.53
5 12  5.0 38.256 -85.748  38.248 -85.747  0.66
6 17  6.0 38.256 -85.747  38.248 -85.748  0.124
6 19  5.0 38.254 -85.748  38.251 -85.747  0.339
3 9  6.0 38.255 -85.746  38.25 -85.749  0.5
6 9  7.0 38.255 -85.746  38.25 -85.749  0.51
4 24  9.0 38.254 -85.748  38.251 -85.747  0.808
1 18  25.0 38.254 -85.748  38.251 -85.747  2.92
1 14  5.0 38.256 -85.744  38.25 -85.751  0.77
6 9  6.0 38.255 -85.746  38.251 -85.749  0.43
6 10  7.0 38.259 -85.749  38.247 -85.746  0.9
6 20  11.0 38.26 -85.748  38.247 -85.747  0.95
7 11  12.0 38.256 -85.745  38.251 -85.75  1.035
5 17  7.0 38.257 -85.749  38.251 -85.746  0.55
5 10  9.0 38.26 -85.744  38.248 -85.751  1.0
4 19  13.0 38.258 -85.747  38.25 -85.748  1.356
5 16  7.0 38.258 -85.749  38.251 -85.746  0.497
5 20  30.0 38.259 -85.744  38.25 -85.751  2.19
4 5  15.0 38.213 -85.743  38.249 -85.751  2.48
2 7  9.0 38.218 -85.747  38.247 -85.747  2.22
3 19  8.0 38.234 -85.748  38.25 -85.746  1.24
3 8  13.0 38.239 -85.748  38.251 -85.746  1.181
6 8  2.0 38.244 -85.747  38.247 -85.747  0.207
4 8  2.0 38.244 -85.747  38.247 -85.747  0.27
5 13  3.0 38.244 -85.747  38.247 -85.747  0.28
3 9  6.0 38.244 -85.747  38.247 -85.747  0.31
4 12  2.0 38.244 -85.747  38.248 -85.747  0.19
5 8  2.0 38.244 -85.747  38.248 -85.747  0.253
4 4  3.0 38.244 -85.747  38.248 -85.747  0.25
5 13  7.0 38.244 -85.747  38.248 -85.747  0.171
6 20  12.0 38.244 -85.744  38.248 -85.75  0.8
4 14  40.0 38.244 -85.747  38.248 -85.747  4.78
3 10  2.0 38.245 -85.747  38.248 -85.747  0.27
2 13  3.0 38.246 -85.745  38.247 -85.749  0.238
5 7  4.0 38.245 -85.745  38.248 -85.749  0.42
2 19  44.0 38.245 -85.747  38.248 -85.747  0.81
2 8  3.0 38.244 -85.747  38.25 -85.747  0.46
2 9  6.0 38.244 -85.745  38.25 -85.749  0.75
5 8  14.0 38.245 -85.747  38.249 -85.747  0.249
3 7  14.0 38.247 -85.747  38.247 -85.747  0.27
4 15  14.0 38.247 -85.747  38.247 -85.747  1.979
3 9  19.0 38.247 -85.747  38.247 -85.747  1.38
3 15  2.0 38.247 -85.745  38.248 -85.749  0.3
5 16  3.0 38.246 -85.746  38.249 -85.748  0.29
3 14  3.0 38.248 -85.745  38.247 -85.749  0.39
2 9  3.0 38.245 -85.748  38.25 -85.746  0.43
7 2  3.0 38.247 -85.744  38.248 -85.75  0.43
3 8  5.0 38.246 -85.744  38.249 -85.75  0.368
6 20  6.0 38.244 -85.748  38.251 -85.746  0.497
6 8  18.0 38.248 -85.747  38.247 -85.747  1.12
5 13  37.0 38.248 -85.748  38.247 -85.746  1.78
5 11  2.0 38.249 -85.745  38.247 -85.749  0.31
2 13  3.0 38.249 -85.747  38.247 -85.747  0.14
3 15  3.0 38.249 -85.746  38.247 -85.748  0.16
5 10  4.0 38.248 -85.747  38.248 -85.747  0.87
6 10  5.0 38.248 -85.747  38.248 -85.747  0.42
2 13  5.0 38.248 -85.747  38.248 -85.747  0.621
1 11  6.0 38.249 -85.746  38.247 -85.748  0.062
6 8  8.0 38.249 -85.747  38.247 -85.747  0.88
2 6  9.0 38.248 -85.747  38.248 -85.747  0.994
2 13  11.0 38.248 -85.747  38.248 -85.747  1.491
4 11  12.0 38.247 -85.745  38.249 -85.749  0.42
6 14  14.0 38.248 -85.746  38.248 -85.748  1.39
5 13  24.0 38.248 -85.747  38.248 -85.747  1.28
7 13  2.0 38.248 -85.747  38.249 -85.747  0.21
4 18  3.0 38.248 -85.745  38.249 -85.749  0.206
5 14  4.0 38.248 -85.747  38.249 -85.747  0.05
4 14  5.0 38.249 -85.747  38.248 -85.747  0.12
4 15  50.0 38.25 -85.747  38.247 -85.747  3.37
1 10  3.0 38.25 -85.745  38.248 -85.749  0.372
2 11  4.0 38.249 -85.747  38.249 -85.747  0.124
6 5  4.0 38.248 -85.744  38.25 -85.75  0.53
3 13  5.0 38.249 -85.747  38.249 -85.747  0.311
7 12  6.0 38.248 -85.747  38.25 -85.747  0.7
5 15  6.0 38.249 -85.747  38.249 -85.747  0.932
6 11  7.0 38.249 -85.747  38.249 -85.747  0.062
3 14  13.0 38.249 -85.747  38.249 -85.747  0.75
4 10  13.0 38.25 -85.747  38.248 -85.747  0.808
6 11  17.0 38.249 -85.748  38.249 -85.746  1.93
2 14  22.0 38.25 -85.747  38.248 -85.747  0.932
5 13  2.0 38.251 -85.748  38.248 -85.746  0.311
6 12  3.0 38.25 -85.747  38.249 -85.747  0.062
2 6  3.0 38.25 -85.747  38.249 -85.747  0.15
3 10  4.0 38.251 -85.745  38.248 -85.749  0.45
3 10  4.0 38.249 -85.747  38.25 -85.747  0.621
6 13  5.0 38.25 -85.743  38.249 -85.751  0.35
4 20  6.0 38.249 -85.747  38.25 -85.747  0.24
3 15  12.0 38.25 -85.747  38.249 -85.747  1.39
4 19  7.0 38.252 -85.748  38.248 -85.746  1.08
1 10  22.0 38.251 -85.746  38.249 -85.748  0.311
6 17  3.0 38.25 -85.747  38.251 -85.747  0.124
7 0  6.0 38.252 -85.745  38.249 -85.749  0.18
2 22  14.0 38.252 -85.748  38.249 -85.746  1.305
7 7  4.0 38.253 -85.746  38.249 -85.748  0.55
6 8  4.0 38.254 -85.747  38.248 -85.747  0.68
5 20  5.0 38.254 -85.748  38.248 -85.746  0.471
7 21  6.0 38.252 -85.746  38.25 -85.748  0.435
1 16  19.0 38.253 -85.747  38.249 -85.747  2.61
6 19  42.0 38.252 -85.745  38.25 -85.749  3.915
3 17  4.0 38.254 -85.747  38.249 -85.747  0.435
6 8  3.0 38.254 -85.747  38.25 -85.747  0.36
1 15  8.0 38.254 -85.744  38.25 -85.75  0.395
4 12  6.0 38.256 -85.747  38.25 -85.747  0.5
4 15  8.0 38.255 -85.748  38.251 -85.746  1.01
1 10  13.0 38.257 -85.744  38.249 -85.75  0.994
1 13  6.0 38.257 -85.748  38.25 -85.746  0.77
3 16  10.0 38.258 -85.743  38.249 -85.751  0.84
5 10  15.0 38.257 -85.743  38.25 -85.751  0.95
6 16  8.0 38.258 -85.747  38.251 -85.747  0.5
5 5  5.0 38.259 -85.747  38.251 -85.747  0.57
4 14  33.0 38.21 -85.747  38.25 -85.746  4.69
4 5  16.0 38.214 -85.742  38.248 -85.751  2.71
4 16  16.0 38.215 -85.744  38.251 -85.749  2.74
6 13  17.0 38.22 -85.744  38.247 -85.749  2.59
4 11  8.0 38.236 -85.746  38.249 -85.747  1.34
5 16  10.0 38.24 -85.742  38.249 -85.751  0.42
4 19  10.0 38.243 -85.742  38.25 -85.751  0.87
4 16  40.0 38.244 -85.746  38.249 -85.747  4.39
7 11  5.0 38.247 -85.743  38.247 -85.75  0.38
6 12  6.0 38.245 -85.747  38.249 -85.746  0.373
4 13  9.0 38.244 -85.747  38.25 -85.746  1.42
4 13  9.0 38.244 -85.747  38.25 -85.746  1.43
4 2  16.0 38.247 -85.747  38.247 -85.746  0.13
4 8  3.0 38.248 -85.746  38.247 -85.747  0.14
2 14  5.0 38.248 -85.746  38.247 -85.747  0.124
1 0  5.0 38.247 -85.742  38.248 -85.751  0.84
3 12  7.0 38.248 -85.747  38.247 -85.746  0.27
4 17  13.0 38.248 -85.742  38.247 -85.751  1.73
2 7  14.0 38.246 -85.747  38.249 -85.746  0.85
4 11  4.0 38.246 -85.744  38.25 -85.749  0.26
5 7  4.0 38.249 -85.746  38.247 -85.747  0.69
4 12  5.0 38.248 -85.744  38.248 -85.749  0.406
4 14  8.0 38.247 -85.746  38.249 -85.747  0.11
6 10  8.0 38.245 -85.745  38.251 -85.748  0.77
3 10  18.0 38.248 -85.747  38.248 -85.746  1.44
5 13  5.0 38.25 -85.746  38.247 -85.747  0.188
2 11  11.0 38.248 -85.747  38.249 -85.746  1.01
2 10  3.0 38.247 -85.747  38.251 -85.746  0.198
5 6  5.0 38.247 -85.747  38.251 -85.746  0.52
4 16  6.0 38.249 -85.747  38.249 -85.746  0.124
5 13  7.0 38.249 -85.745  38.249 -85.748  0.25
2 12  36.0 38.248 -85.747  38.25 -85.746  2.72
6 5  3.0 38.252 -85.744  38.247 -85.749  0.55
6 16  6.0 38.249 -85.744  38.25 -85.749  0.34
4 19  43.0 38.251 -85.746  38.249 -85.747  1.243
1 10  6.0 38.254 -85.745  38.247 -85.748  0.559
4 13  6.0 38.253 -85.743  38.248 -85.75  0.75
7 17  12.0 38.25 -85.747  38.251 -85.746  0.59
7 15  16.0 38.251 -85.746  38.25 -85.747  0.186
4 15  22.0 38.25 -85.746  38.251 -85.747  0.36
6 13  4.0 38.252 -85.742  38.25 -85.751  0.48
5 10  5.0 38.252 -85.745  38.25 -85.748  0.36
2 2  3.0 38.254 -85.746  38.249 -85.747  0.23
2 12  3.0 38.254 -85.746  38.249 -85.747  0.34
2 11  6.0 38.254 -85.746  38.249 -85.747  0.43
2 14  6.0 38.255 -85.745  38.248 -85.748  0.467
7 14  14.0 38.254 -85.746  38.249 -85.747  0.559
2 11  17.0 38.254 -85.745  38.249 -85.748  1.06
2 11  3.0 38.254 -85.746  38.25 -85.747  0.3
3 12  3.0 38.255 -85.746  38.249 -85.747  0.39
2 7  4.0 38.255 -85.746  38.249 -85.747  0.24
2 5  4.0 38.254 -85.743  38.25 -85.75  0.56
5 17  10.0 38.255 -85.746  38.249 -85.747  0.373
4 13  11.0 38.253 -85.747  38.251 -85.746  0.5
4 15  19.0 38.254 -85.747  38.25 -85.746  1.44
1 8  25.0 38.254 -85.747  38.25 -85.746  1.9
7 18  54.0 38.256 -85.746  38.248 -85.747  4.98
6 3  3.0 38.255 -85.745  38.25 -85.748  0.59
7 17  10.0 38.254 -85.746  38.251 -85.747  0.808
3 15  11.0 38.257 -85.746  38.248 -85.747  0.964
5 19  15.0 38.254 -85.746  38.251 -85.747  1.75
3 9  6.0 38.257 -85.744  38.249 -85.749  0.52
1 16  10.0 38.255 -85.745  38.251 -85.748  0.34
7 12  31.0 38.256 -85.747  38.25 -85.746  2.58
7 6  6.0 38.256 -85.745  38.251 -85.748  0.53
7 17  13.0 38.258 -85.743  38.25 -85.75  1.08
7 17  33.0 38.258 -85.743  38.25 -85.75  2.68
5 10  7.0 38.263 -85.743  38.251 -85.75  1.0
1 9  8.0 38.233 -85.742  38.249 -85.75  1.46
3 13  14.0 38.244 -85.742  38.247 -85.75  0.684
6 15  5.0 38.244 -85.744  38.248 -85.748  0.55
3 5  8.0 38.246 -85.745  38.247 -85.747  0.38
3 21  16.0 38.247 -85.743  38.247 -85.749  0.97
7 6  35.0 38.247 -85.742  38.247 -85.75  0.67
4 8  4.0 38.247 -85.744  38.248 -85.748  0.24
5 6  3.0 38.247 -85.744  38.249 -85.748  0.05
4 14  5.0 38.248 -85.746  38.248 -85.746  0.994
6 10  7.0 38.248 -85.746  38.248 -85.746  0.87
5 15  12.0 38.246 -85.745  38.25 -85.747  0.71
4 12  3.0 38.248 -85.745  38.249 -85.747  0.19
3 9  4.0 38.246 -85.746  38.251 -85.746  0.53
5 8  10.0 38.248 -85.746  38.249 -85.746  0.435
6 6  18.0 38.248 -85.745  38.249 -85.747  1.056
7 8  21.0 38.249 -85.745  38.248 -85.747  0.154
2 13  3.0 38.249 -85.746  38.249 -85.746  0.435
3 12  4.0 38.25 -85.746  38.248 -85.746  0.186
6 11  4.0 38.249 -85.745  38.249 -85.747  0.19
5 5  4.0 38.249 -85.746  38.249 -85.746  0.24
5 9  4.0 38.251 -85.745  38.247 -85.747  0.41
2 20  4.0 38.247 -85.744  38.251 -85.748  0.46
5 9  5.0 38.249 -85.743  38.249 -85.749  0.38
3 16  2.0 38.249 -85.744  38.25 -85.748  0.206
6 7  4.0 38.249 -85.745  38.25 -85.747  0.41
3 17  8.0 38.25 -85.742  38.249 -85.75  0.559
2 10  4.0 38.251 -85.745  38.249 -85.747  0.16
2 13  4.0 38.25 -85.746  38.25 -85.746  0.61
5 13  5.0 38.25 -85.746  38.25 -85.746  0.34
3 20  5.0 38.25 -85.742  38.25 -85.75  0.569
6 16  9.0 38.251 -85.745  38.249 -85.747  0.249
6 12  10.0 38.25 -85.746  38.25 -85.746  0.559
1 14  10.0 38.25 -85.746  38.25 -85.746  0.62
1 15  10.0 38.25 -85.746  38.25 -85.746  4.19
2 17  11.0 38.252 -85.745  38.248 -85.747  0.37
1 16  11.0 38.25 -85.746  38.25 -85.746  0.932
5 12  20.0 38.25 -85.746  38.25 -85.746  1.07
2 12  21.0 38.25 -85.746  38.25 -85.746  1.14
1 11  26.0 38.25 -85.746  38.25 -85.746  1.08
5 21  28.0 38.25 -85.746  38.25 -85.746  1.98
3 13  3.0 38.251 -85.744  38.25 -85.748  0.07
3 11  3.0 38.252 -85.746  38.249 -85.746  0.32
5 5  4.0 38.251 -85.742  38.25 -85.75  0.46
3 2  5.0 38.253 -85.742  38.248 -85.75  0.74
1 12  6.0 38.251 -85.741  38.25 -85.751  0.435
1 13  6.0 38.251 -85.746  38.25 -85.746  0.808
2 16  13.0 38.251 -85.746  38.25 -85.746  1.78
3 14  17.0 38.251 -85.746  38.25 -85.746  0.98
5 14  17.0 38.251 -85.746  38.25 -85.746  2.16
3 20  34.0 38.251 -85.746  38.25 -85.746  4.225
6 6  4.0 38.254 -85.745  38.248 -85.747  0.429
5 21  4.0 38.252 -85.742  38.25 -85.75  0.57
6 17  2.0 38.253 -85.745  38.25 -85.747  0.28
7 8  5.0 38.254 -85.745  38.249 -85.747  0.28
6 8  5.0 38.253 -85.741  38.25 -85.751  0.6
5 17  5.0 38.254 -85.743  38.25 -85.749  0.53
7 12  18.0 38.254 -85.746  38.25 -85.746  1.48
2 8  24.0 38.254 -85.746  38.25 -85.746  1.29
1 7  30.0 38.255 -85.746  38.249 -85.746  3.66
7 10  37.0 38.254 -85.746  38.25 -85.746  1.02
4 8  3.0 38.256 -85.745  38.249 -85.747  0.35
2 15  4.0 38.257 -85.746  38.248 -85.746  0.47
7 3  6.0 38.254 -85.745  38.251 -85.747  0.73
6 14  13.0 38.257 -85.744  38.248 -85.748  0.87
4 9  6.0 38.255 -85.743  38.251 -85.749  0.79
4 18  7.0 38.255 -85.744  38.251 -85.748  0.42
4 21  45.0 38.258 -85.745  38.248 -85.747  1.63
3 21  13.0 38.257 -85.745  38.251 -85.747  0.69
6 18  14.0 38.258 -85.746  38.25 -85.746  0.87
2 16  25.0 38.26 -85.742  38.25 -85.75  3.24
5 20  49.0 38.26 -85.742  38.25 -85.75  3.83
2 19  8.0 38.262 -85.741  38.25 -85.751  1.317
1 7  5.0 38.238 -85.743  38.247 -85.748  0.67
5 9  4.0 38.242 -85.744  38.25 -85.747  0.7
5 4  3.0 38.244 -85.745  38.249 -85.746  0.22
4 15  3.0 38.245 -85.745  38.248 -85.746  0.23
7 14  6.0 38.246 -85.745  38.247 -85.746  0.932
4 14  9.0 38.245 -85.74  38.248 -85.751  0.808
2 12  11.0 38.248 -85.745  38.247 -85.746  1.864
6 12  3.0 38.248 -85.745  38.248 -85.746  0.05
3 7  8.0 38.248 -85.745  38.248 -85.746  0.45
4 12  8.0 38.246 -85.745  38.251 -85.746  0.31
1 15  17.0 38.25 -85.745  38.247 -85.746  2.67
3 14  9.0 38.249 -85.745  38.249 -85.746  0.684
1 20  34.0 38.249 -85.745  38.249 -85.746  2.76
1 17  5.0 38.252 -85.744  38.247 -85.747  0.7
5 9  8.0 38.25 -85.742  38.249 -85.749  0.54
6 20  12.0 38.252 -85.741  38.247 -85.75  1.06
4 14  3.0 38.249 -85.745  38.251 -85.746  0.19
5 8  4.0 38.25 -85.74  38.25 -85.751  0.95
3 7  5.0 38.252 -85.741  38.249 -85.75  0.73
3 11  10.0 38.253 -85.744  38.248 -85.747  0.74
4 13  18.0 38.251 -85.745  38.25 -85.746  0.84
3 18  23.0 38.251 -85.745  38.25 -85.746  1.6
3 5  4.0 38.254 -85.743  38.248 -85.748  0.684
6 8  5.0 38.253 -85.743  38.249 -85.748  0.65
5 14  5.0 38.254 -85.742  38.248 -85.749  0.82
3 11  11.0 38.253 -85.744  38.249 -85.747  0.34
6 13  11.0 38.251 -85.74  38.251 -85.751  2.054
4 11  13.0 38.251 -85.745  38.251 -85.746  0.3
3 9  21.0 38.251 -85.745  38.251 -85.746  0.7
2 11  2.0 38.253 -85.745  38.25 -85.746  0.22
4 8  8.0 38.254 -85.742  38.249 -85.749  0.7
6 23  11.0 38.252 -85.74  38.251 -85.751  0.994
3 21  13.0 38.253 -85.742  38.25 -85.749  0.684
6 11  3.0 38.255 -85.744  38.249 -85.747  0.36
4 8  3.0 38.255 -85.744  38.249 -85.747  0.36
4 7  3.0 38.255 -85.744  38.249 -85.747  0.37
4 7  3.0 38.255 -85.744  38.249 -85.747  0.39
4 8  3.0 38.255 -85.744  38.249 -85.747  0.39
2 7  4.0 38.255 -85.744  38.249 -85.747  0.34
5 7  4.0 38.255 -85.744  38.249 -85.747  0.49
1 17  4.0 38.255 -85.744  38.249 -85.747  0.54
5 11  5.0 38.255 -85.744  38.249 -85.747  0.474
3 12  5.0 38.255 -85.744  38.249 -85.747  0.54
3 20  8.0 38.253 -85.745  38.251 -85.746  0.92
2 11  10.0 38.255 -85.744  38.249 -85.747  0.54
7 23  22.0 38.257 -85.74  38.247 -85.751  1.62
2 16  34.0 38.255 -85.74  38.249 -85.751  2.07
6 0  46.0 38.253 -85.745  38.251 -85.746  3.77
4 12  3.0 38.254 -85.744  38.251 -85.747  0.373
5 8  4.0 38.255 -85.744  38.25 -85.747  0.23
6 12  4.0 38.255 -85.744  38.25 -85.747  0.3
4 11  4.0 38.255 -85.744  38.25 -85.747  0.497
5 8  4.0 38.255 -85.744  38.25 -85.747  0.497
7 13  7.0 38.257 -85.744  38.248 -85.747  0.79
7 13  8.0 38.257 -85.744  38.248 -85.747  0.82
7 21  9.0 38.255 -85.744  38.25 -85.747  0.559
6 20  10.0 38.254 -85.742  38.251 -85.749  0.497
6 17  37.0 38.256 -85.741  38.249 -85.75  2.55
4 11  4.0 38.255 -85.744  38.251 -85.747  0.28
2 14  4.0 38.255 -85.744  38.251 -85.747  0.373
2 11  4.0 38.255 -85.744  38.251 -85.747  0.435
1 9  40.0 38.257 -85.745  38.25 -85.746  1.76
7 17  6.0 38.258 -85.742  38.251 -85.749  0.88
7 16  8.0 38.258 -85.745  38.251 -85.746  0.559
2 13  24.0 38.258 -85.745  38.251 -85.746  1.26
6 4  12.0 38.238 -85.744  38.248 -85.746  0.96
4 11  4.0 38.247 -85.743  38.248 -85.747  0.34
2 15  11.0 38.246 -85.744  38.249 -85.746  1.11
7 9  5.0 38.246 -85.741  38.25 -85.749  2.983
2 15  6.0 38.248 -85.74  38.248 -85.75  0.87
4 17  28.0 38.248 -85.744  38.248 -85.746  0.82
3 13  3.0 38.249 -85.743  38.249 -85.747  0.3
4 16  4.0 38.25 -85.743  38.248 -85.747  0.408
4 17  13.0 38.25 -85.743  38.248 -85.747  0.35
4 16  4.0 38.251 -85.744  38.248 -85.746  0.47
5 12  11.0 38.248 -85.74  38.251 -85.75  0.746
2 4  3.0 38.251 -85.743  38.249 -85.747  0.35
6 8  4.0 38.249 -85.742  38.251 -85.748  0.373
5 8  2.0 38.251 -85.743  38.25 -85.747  0.237
7 8  3.0 38.251 -85.744  38.25 -85.746  0.42
5 11  7.0 38.253 -85.74  38.248 -85.75  0.71
3 12  8.0 38.252 -85.739  38.249 -85.751  1.01
6 17  10.0 38.25 -85.744  38.251 -85.746  0.82
6 12  27.0 38.25 -85.744  38.251 -85.746  0.55
7 16  33.0 38.251 -85.744  38.25 -85.746  3.33
2 14  5.0 38.251 -85.743  38.251 -85.747  0.32
5 17  7.0 38.252 -85.743  38.25 -85.747  0.497
6 12  5.0 38.253 -85.741  38.25 -85.749  0.621
2 8  6.0 38.253 -85.741  38.25 -85.749  0.68
7 18  23.0 38.253 -85.739  38.25 -85.751  1.802
4 14  3.0 38.254 -85.743  38.25 -85.747  0.4
2 9  4.0 38.253 -85.741  38.251 -85.749  0.38
3 14  41.0 38.255 -85.744  38.25 -85.746  4.83
4 6  9.0 38.255 -85.739  38.251 -85.751  0.9
4 18  10.0 38.256 -85.742  38.25 -85.748  0.9
6 11  4.0 38.257 -85.743  38.251 -85.747  0.501
7 17  15.0 38.258 -85.741  38.251 -85.749  0.96
5 20  6.0 38.26 -85.744  38.25 -85.746  0.746
7 21  12.0 38.259 -85.741  38.251 -85.749  0.932
1 16  34.0 38.228 -85.74  38.25 -85.749  2.92
1 15  7.0 38.242 -85.742  38.247 -85.747  0.31
7 15  3.0 38.243 -85.742  38.247 -85.747  0.43
1 10  2.0 38.247 -85.742  38.247 -85.747  0.247
4 4  4.0 38.245 -85.741  38.249 -85.748  0.57
3 14  30.0 38.246 -85.742  38.248 -85.747  2.63
7 12  4.0 38.248 -85.741  38.248 -85.748  0.37
5 12  6.0 38.248 -85.743  38.248 -85.746  0.17
1 9  4.0 38.249 -85.739  38.248 -85.75  0.5
3 6  5.0 38.249 -85.743  38.248 -85.746  0.327
3 6  4.0 38.248 -85.742  38.25 -85.747  0.311
5 6  6.0 38.248 -85.738  38.25 -85.751  0.808
2 7  8.0 38.248 -85.738  38.25 -85.751  0.87
6 12  37.0 38.25 -85.743  38.248 -85.746  0.98
4 6  3.0 38.249 -85.742  38.25 -85.747  0.311
5 8  3.0 38.25 -85.742  38.249 -85.747  0.35
6 8  4.0 38.251 -85.743  38.248 -85.746  0.311
5 9  6.0 38.25 -85.74  38.249 -85.749  0.32
4 20  27.0 38.249 -85.738  38.25 -85.751  1.243
5 17  5.0 38.251 -85.742  38.249 -85.747  0.16
7 13  15.0 38.252 -85.739  38.248 -85.75  1.28
1 19  8.0 38.254 -85.739  38.247 -85.75  0.95
2 2  13.0 38.253 -85.739  38.248 -85.75  0.73
4 12  4.0 38.253 -85.742  38.249 -85.747  0.48
4 12  5.0 38.253 -85.742  38.249 -85.747  0.51
2 16  5.0 38.252 -85.74  38.25 -85.749  0.56
2 10  5.0 38.253 -85.741  38.249 -85.748  0.621
5 11  12.0 38.253 -85.742  38.249 -85.747  0.5
5 9  2.0 38.254 -85.742  38.249 -85.747  0.61
4 5  3.0 38.254 -85.742  38.249 -85.747  0.55
6 9  7.0 38.254 -85.738  38.249 -85.751  0.92
2 14  8.0 38.253 -85.738  38.25 -85.751  0.621
4 11  9.0 38.253 -85.74  38.25 -85.749  1.014
7 21  18.0 38.255 -85.739  38.248 -85.75  0.621
2 12  4.0 38.253 -85.743  38.251 -85.746  0.25
6 8  4.0 38.253 -85.741  38.251 -85.748  0.37
5 8  5.0 38.255 -85.74  38.249 -85.749  0.87
6 9  6.0 38.255 -85.74  38.249 -85.749  0.71
3 7  6.0 38.255 -85.74  38.249 -85.749  0.87
4 9  6.0 38.255 -85.74  38.249 -85.749  0.88
6 9  6.0 38.255 -85.74  38.249 -85.749  0.88
6 8  6.0 38.255 -85.74  38.249 -85.749  0.922
6 9  7.0 38.255 -85.74  38.249 -85.749  0.88
4 8  7.0 38.255 -85.74  38.249 -85.749  0.88
3 9  7.0 38.255 -85.74  38.249 -85.749  0.89
5 9  8.0 38.255 -85.74  38.249 -85.749  0.86
5 9  8.0 38.255 -85.74  38.249 -85.749  0.86
5 9  8.0 38.255 -85.74  38.249 -85.749  0.88
2 8  8.0 38.255 -85.74  38.249 -85.749  0.88
4 9  9.0 38.255 -85.74  38.249 -85.749  0.94
6 15  9.0 38.255 -85.738  38.249 -85.751  1.45
5 9  12.0 38.255 -85.74  38.249 -85.749  0.86
5 18  37.0 38.255 -85.74  38.249 -85.749  0.808
5 9  6.0 38.255 -85.74  38.25 -85.749  0.84
7 19  8.0 38.254 -85.743  38.251 -85.746  0.38
4 9  8.0 38.255 -85.74  38.25 -85.749  0.82
6 21  35.0 38.256 -85.74  38.249 -85.749  3.666
5 9  6.0 38.255 -85.74  38.251 -85.749  0.75
6 17  8.0 38.237 -85.741  38.247 -85.747  0.932
5 16  14.0 38.238 -85.738  38.249 -85.75  1.59
4 16  28.0 38.245 -85.74  38.247 -85.748  2.003
2 8  9.0 38.245 -85.741  38.248 -85.747  0.5
5 9  5.0 38.246 -85.742  38.249 -85.746  0.373
1 14  6.0 38.249 -85.74  38.247 -85.748  0.6
3 14  7.0 38.25 -85.741  38.247 -85.747  0.75
3 14  22.0 38.248 -85.739  38.249 -85.749  0.536
5 9  24.0 38.249 -85.742  38.248 -85.746  1.13
5 12  19.0 38.248 -85.742  38.25 -85.746  1.26
6 9  24.0 38.25 -85.741  38.248 -85.747  2.11
1 11  6.0 38.25 -85.739  38.25 -85.749  0.373
6 15  8.0 38.252 -85.74  38.248 -85.748  0.54
1 13  42.0 38.253 -85.741  38.247 -85.747  2.051
1 16  3.0 38.251 -85.742  38.25 -85.746  0.21
6 8  3.0 38.251 -85.742  38.25 -85.746  0.29
6 13  4.0 38.252 -85.741  38.249 -85.747  0.49
5 12  6.0 38.252 -85.739  38.249 -85.749  0.984
5 17  7.0 38.25 -85.738  38.251 -85.75  0.684
4 8  17.0 38.254 -85.737  38.247 -85.751  1.118
3 20  26.0 38.251 -85.742  38.25 -85.746  2.299
3 11  4.0 38.253 -85.741  38.249 -85.747  0.559
4 11  4.0 38.253 -85.741  38.249 -85.747  0.64
2 7  5.0 38.252 -85.741  38.25 -85.747  0.53
6 9  5.0 38.253 -85.741  38.249 -85.747  0.76
3 8  6.0 38.253 -85.739  38.249 -85.749  0.87
1 11  18.0 38.253 -85.742  38.249 -85.746  1.41
4 11  3.0 38.254 -85.741  38.249 -85.747  0.36
3 7  4.0 38.254 -85.741  38.249 -85.747  0.42
3 10  4.0 38.253 -85.741  38.25 -85.747  0.43
5 9  4.0 38.253 -85.74  38.25 -85.748  0.52
3 7  4.0 38.254 -85.741  38.249 -85.747  0.69
3 12  5.0 38.253 -85.741  38.25 -85.747  0.68
3 12  5.0 38.254 -85.741  38.249 -85.747  0.75
3 13  6.0 38.253 -85.737  38.25 -85.751  1.05
6 8  8.0 38.254 -85.741  38.249 -85.747  0.63
2 18  16.0 38.253 -85.741  38.25 -85.747  1.5
4 16  18.0 38.253 -85.741  38.25 -85.747  2.796
3 11  4.0 38.253 -85.741  38.251 -85.747  0.47
4 12  5.0 38.254 -85.741  38.25 -85.747  0.497
4 12  5.0 38.254 -85.741  38.25 -85.747  0.559
2 8  6.0 38.253 -85.74  38.251 -85.748  0.62
7 17  7.0 38.256 -85.737  38.248 -85.751  1.24
1 13  16.0 38.253 -85.741  38.251 -85.747  1.243
5 5  3.0 38.255 -85.741  38.25 -85.747  0.39
7 17  44.0 38.254 -85.742  38.251 -85.746  1.367
3 19  6.0 38.256 -85.742  38.25 -85.746  0.6
6 11  7.0 38.257 -85.738  38.249 -85.75  0.86
2 10  5.0 38.256 -85.742  38.251 -85.746  0.559
7 17  6.0 38.259 -85.74  38.251 -85.748  0.55
6 3  14.0 38.22 -85.741  38.25 -85.746  2.28
3 11  11.0 38.235 -85.74  38.248 -85.747  0.88
1 11  11.0 38.234 -85.739  38.251 -85.748  1.59
3 14  5.0 38.243 -85.738  38.247 -85.749  0.75
5 17  6.0 38.244 -85.74  38.249 -85.747  0.73
2 13  2.0 38.247 -85.741  38.249 -85.746  0.211
6 5  3.0 38.247 -85.74  38.249 -85.747  0.15
3 5  4.0 38.247 -85.741  38.249 -85.746  0.2
5 16  4.0 38.248 -85.74  38.25 -85.747  0.25
2 19  4.0 38.251 -85.741  38.247 -85.746  0.59
3 23  5.0 38.249 -85.739  38.249 -85.748  0.497
7 11  6.0 38.249 -85.736  38.249 -85.751  0.89
5 2  7.0 38.251 -85.74  38.247 -85.747  0.67
5 7  6.0 38.252 -85.74  38.247 -85.747  0.75
5 7  5.0 38.251 -85.738  38.249 -85.749  0.808
3 4  12.0 38.252 -85.738  38.248 -85.749  0.89
6 9  28.0 38.252 -85.74  38.248 -85.747  2.44
6 18  4.0 38.25 -85.739  38.251 -85.748  0.5
6 16  5.0 38.253 -85.74  38.248 -85.747  0.51
5 8  5.0 38.252 -85.74  38.249 -85.747  0.64
7 13  6.0 38.25 -85.739  38.251 -85.748  0.559
6 18  6.0 38.253 -85.74  38.248 -85.747  0.66
6 17  6.0 38.253 -85.74  38.248 -85.747  0.68
4 11  4.0 38.253 -85.741  38.249 -85.746  0.31
6 11  4.0 38.253 -85.74  38.249 -85.747  0.38
6 13  4.0 38.253 -85.74  38.249 -85.747  0.6
2 4  4.0 38.253 -85.74  38.249 -85.747  0.66
5 6  4.0 38.253 -85.74  38.249 -85.747  0.66
6 12  4.0 38.253 -85.74  38.249 -85.747  0.69
6 14  5.0 38.253 -85.74  38.249 -85.747  0.56
4 11  5.0 38.252 -85.74  38.25 -85.747  0.66
6 14  5.0 38.253 -85.74  38.249 -85.747  0.7
4 7  5.0 38.253 -85.74  38.249 -85.747  0.73
4 3  6.0 38.253 -85.74  38.249 -85.747  0.63
6 12  6.0 38.253 -85.74  38.249 -85.747  0.64
2 3  7.0 38.252 -85.739  38.25 -85.748  0.32
6 13  9.0 38.253 -85.74  38.249 -85.747  0.186
2 11  14.0 38.253 -85.739  38.249 -85.748  0.87
7 11  15.0 38.252 -85.738  38.25 -85.749  2.175
1 18  16.0 38.254 -85.736  38.248 -85.751  1.553
1 15  18.0 38.252 -85.74  38.25 -85.747  0.4
6 8  4.0 38.253 -85.74  38.25 -85.747  0.37
6 8  4.0 38.253 -85.74  38.25 -85.747  0.37
6 7  4.0 38.253 -85.74  38.25 -85.747  0.4
2 7  4.0 38.254 -85.738  38.249 -85.749  0.88
6 11  5.0 38.253 -85.74  38.25 -85.747  0.442
2 13  5.0 38.253 -85.74  38.25 -85.747  0.47
6 12  5.0 38.253 -85.74  38.25 -85.747  0.61
4 4  5.0 38.254 -85.738  38.249 -85.749  0.98
3 21  7.0 38.253 -85.74  38.25 -85.747  0.621
4 20  10.0 38.253 -85.74  38.25 -85.747  0.61
4 20  15.0 38.255 -85.739  38.248 -85.748  0.373
6 12  4.0 38.254 -85.74  38.25 -85.747  0.621
6 12  5.0 38.253 -85.74  38.251 -85.747  0.57
4 11  6.0 38.255 -85.739  38.249 -85.748  0.97
3 12  13.0 38.254 -85.74  38.25 -85.747  0.82
6 16  24.0 38.253 -85.741  38.251 -85.746  2.59
6 8  4.0 38.255 -85.74  38.25 -85.747  0.249
6 9  4.0 38.255 -85.741  38.25 -85.746  0.65
5 8  4.0 38.255 -85.74  38.25 -85.747  0.746
4 7  4.0 38.255 -85.74  38.25 -85.747  0.746
6 9  5.0 38.255 -85.74  38.25 -85.747  0.511
3 8  5.0 38.255 -85.74  38.25 -85.747  0.684
6 8  5.0 38.255 -85.74  38.25 -85.747  0.72
6 8  5.0 38.255 -85.74  38.25 -85.747  0.746
4 7  6.0 38.255 -85.74  38.25 -85.747  0.186
7 17  24.0 38.254 -85.741  38.251 -85.746  4.101
3 8  5.0 38.255 -85.74  38.251 -85.747  0.461
5 8  6.0 38.255 -85.74  38.251 -85.747  0.63
6 12  8.0 38.255 -85.737  38.251 -85.75  1.15
6 17  25.0 38.259 -85.739  38.25 -85.748  1.24
5 17  10.0 38.262 -85.736  38.2