2 18  19.0 38.209 -85.777  38.214 -85.743  3.18
2 13  26.0 38.208 -85.776  38.213 -85.743  3.25
5 17  20.0 38.209 -85.776  38.214 -85.743  3.09
3 21  23.0 38.21 -85.776  38.214 -85.743  3.45
3 10  23.0 38.208 -85.776  38.213 -85.742  2.4
6 19  38.0 38.244 -85.773  38.261 -85.745  3.24
4 15  18.0 38.209 -85.774  38.214 -85.743  1.69
7 23  21.0 38.205 -85.771  38.216 -85.745  0.87
4 17  22.0 38.21 -85.772  38.214 -85.744  3.1
1 3  14.0 38.21 -85.774  38.215 -85.741  2.16
7 9  24.0 38.223 -85.77  38.203 -85.745  2.72
1 16  25.0 38.225 -85.772  38.214 -85.743  3.46
4 19  17.0 38.224 -85.769  38.209 -85.745  2.14
7 9  24.0 38.223 -85.769  38.203 -85.744  3.13
6 9  22.0 38.226 -85.769  38.216 -85.744  2.3
7 5  34.0 38.221 -85.769  38.204 -85.743  3.76
7 5  38.0 38.221 -85.769  38.204 -85.743  3.69
7 8  42.0 38.221 -85.769  38.204 -85.743  3.78
7 12  16.0 38.223 -85.768  38.204 -85.744  1.96
1 15  28.0 38.23 -85.767  38.199 -85.745  3.88
7 21  14.0 38.22 -85.768  38.214 -85.744  2.04
7 8  37.0 38.218 -85.768  38.203 -85.743  3.59
5 16  11.0 38.208 -85.766  38.214 -85.745  0.124
7 10  17.0 38.222 -85.768  38.204 -85.743  3.231
7 8  22.0 38.226 -85.769  38.206 -85.742  3.1
4 11  47.0 38.217 -85.766  38.215 -85.745  2.52
4 15  37.0 38.244 -85.769  38.261 -85.742  3.12
2 9  11.0 38.206 -85.766  38.216 -85.744  1.388
2 21  54.0 38.207 -85.769  38.215 -85.741  2.61
2 20  16.0 38.216 -85.766  38.209 -85.744  1.64
6 8  11.0 38.216 -85.766  38.212 -85.744  1.84
7 9  19.0 38.224 -85.765  38.206 -85.745  1.99
5 7  11.0 38.214 -85.769  38.218 -85.741  2.53
4 2  21.0 38.225 -85.767  38.219 -85.743  1.61
4 14  12.0 38.247 -85.765  38.273 -85.745  2.63
5 20  13.0 38.209 -85.766  38.214 -85.743  1.8
1 4  8.0 38.214 -85.765  38.21 -85.744  1.22
7 10  10.0 38.223 -85.766  38.204 -85.743  1.51
7 14  18.0 38.211 -85.767  38.216 -85.742  1.89
4 20  11.0 38.211 -85.765  38.219 -85.744  1.181
3 17  15.0 38.219 -85.764  38.212 -85.745  1.63
5 20  10.0 38.223 -85.765  38.213 -85.744  1.63
3 10  18.0 38.226 -85.768  38.214 -85.741  2.18
6 16  16.0 38.25 -85.764  38.268 -85.745  2.66
5 15  14.0 38.204 -85.765  38.215 -85.743  1.84
7 7  14.0 38.205 -85.763  38.217 -85.745  1.71
4 20  15.0 38.214 -85.767  38.208 -85.741  1.465
6 21  11.0 38.208 -85.763  38.215 -85.745  1.78
2 20  17.0 38.215 -85.765  38.209 -85.743  1.62
2 12  24.0 38.22 -85.766  38.204 -85.742  2.548
2 12  19.0 38.221 -85.763  38.204 -85.745  2.051
6 9  20.0 38.221 -85.763  38.204 -85.745  2.21
4 20  9.0 38.22 -85.763  38.208 -85.745  1.491
5 13  7.0 38.215 -85.763  38.215 -85.745  0.87
6 9  20.0 38.224 -85.763  38.207 -85.745  2.09
3 19  12.0 38.219 -85.766  38.215 -85.742  1.41
7 9  9.0 38.223 -85.763  38.217 -85.745  1.305
1 5  13.0 38.224 -85.765  38.216 -85.743  1.94
5 5  8.0 38.205 -85.764  38.214 -85.743  1.1
6 17  13.0 38.205 -85.764  38.214 -85.743  1.7
1 2  14.0 38.205 -85.764  38.214 -85.743  1.88
1 3  14.0 38.205 -85.764  38.214 -85.743  2.41
2 9  15.0 38.205 -85.764  38.214 -85.743  1.69
1 16  12.0 38.205 -85.764  38.215 -85.743  1.7
1 13  13.0 38.205 -85.764  38.215 -85.743  0.42
6 17  16.0 38.205 -85.764  38.215 -85.743  1.802
6 13  31.0 38.205 -85.764  38.215 -85.743  1.98
7 16  22.0 38.22 -85.763  38.202 -85.744  2.672
7 10  29.0 38.219 -85.763  38.204 -85.744  2.734
6 17  10.0 38.209 -85.764  38.215 -85.743  1.41
7 12  23.0 38.22 -85.762  38.204 -85.745  2.18
4 13  23.0 38.21 -85.764  38.214 -85.743  2.39
6 13  28.0 38.209 -85.764  38.215 -85.743  1.83
4 16  10.0 38.211 -85.764  38.214 -85.743  1.18
7 12  15.0 38.221 -85.764  38.204 -85.743  2.28
7 9  24.0 38.221 -85.763  38.204 -85.744  2.61
7 8  35.0 38.221 -85.764  38.204 -85.743  3.68
3 16  10.0 38.213 -85.764  38.213 -85.743  1.37
6 15  32.0 38.213 -85.765  38.215 -85.742  2.3
3 14  10.0 38.219 -85.762  38.212 -85.745  0.87
6 15  15.0 38.219 -85.764  38.213 -85.743  2.22
5 13  11.0 38.219 -85.762  38.214 -85.745  1.14
7 21  8.0 38.218 -85.764  38.217 -85.743  1.33
6 14  14.0 38.22 -85.763  38.215 -85.744  1.33
4 16  14.0 38.221 -85.763  38.214 -85.744  1.44
3 14  14.0 38.224 -85.762  38.211 -85.745  2.12
7 9  21.0 38.222 -85.763  38.213 -85.744  1.41
1 16  6.0 38.22 -85.762  38.216 -85.745  1.16
5 21  9.0 38.217 -85.762  38.219 -85.745  1.181
7 6  12.0 38.226 -85.762  38.211 -85.745  1.63
5 16  26.0 38.224 -85.764  38.215 -85.743  3.29
7 7  7.0 38.227 -85.762  38.217 -85.745  1.2
2 12  16.0 38.247 -85.763  38.216 -85.744  2.92
5 19  28.0 38.251 -85.763  38.219 -85.744  3.35
7 14  24.0 38.223 -85.762  38.261 -85.745  3.11
7 6  19.0 38.217 -85.763  38.204 -85.743  2.39
7 5  10.0 38.208 -85.763  38.214 -85.743  1.58
7 12  11.0 38.218 -85.763  38.204 -85.743  2.12
7 14  19.0 38.221 -85.763  38.201 -85.743  2.52
7 16  25.0 38.218 -85.763  38.204 -85.743  2.485
7 14  7.0 38.211 -85.762  38.212 -85.744  1.056
7 11  13.0 38.219 -85.763  38.204 -85.743  2.14
6 19  19.0 38.205 -85.761  38.218 -85.745  1.76
7 11  22.0 38.219 -85.762  38.204 -85.744  2.68
3 16  24.0 38.205 -85.764  38.218 -85.742  3.36
5 20  23.0 38.21 -85.761  38.214 -85.745  2.17
5 20  29.0 38.209 -85.763  38.215 -85.743  2.42
2 9  56.0 38.211 -85.761  38.213 -85.745  1.74
1 8  12.0 38.221 -85.763  38.204 -85.743  2.24
7 9  13.0 38.222 -85.763  38.203 -85.743  2.35
7 8  14.0 38.221 -85.763  38.204 -85.743  2.61
7 12  15.0 38.221 -85.763  38.204 -85.743  2.59
7 7  16.0 38.222 -85.763  38.203 -85.743  2.41
7 15  26.0 38.224 -85.761  38.203 -85.745  2.56
2 12  9.0 38.218 -85.761  38.21 -85.745  1.04
1 15  28.0 38.23 -85.763  38.199 -85.743  3.81
5 15  4.0 38.214 -85.761  38.216 -85.745  0.8
2 18  11.0 38.218 -85.763  38.212 -85.743  1.42
1 15  9.0 38.217 -85.765  38.215 -85.741  1.73
4 9  9.0 38.219 -85.763  38.214 -85.743  1.41
6 15  10.0 38.218 -85.763  38.215 -85.743  1.491
4 18  11.0 38.214 -85.765  38.219 -85.741  2.28
6 11  18.0 38.217 -85.764  38.216 -85.742  1.925
5 13  19.0 38.219 -85.763  38.214 -85.743  1.77
3 15  7.0 38.222 -85.761  38.213 -85.745  0.95
3 9  20.0 38.222 -85.762  38.213 -85.744  1.76
5 19  6.0 38.223 -85.761  38.215 -85.745  1.367
3 5  8.0 38.222 -85.764  38.216 -85.742  1.42
7 17  10.0 38.222 -85.765  38.219 -85.741  1.78
7 13  25.0 38.223 -85.763  38.218 -85.743  1.56
6 13  26.0 38.235 -85.765  38.271 -85.741  4.3
1 12  34.0 38.257 -85.763  38.261 -85.743  2.35
6 1  35.0 38.258 -85.765  38.261 -85.741  2.77
6 1  38.0 38.258 -85.765  38.261 -85.741  2.91
6 15  49.0 38.258 -85.765  38.262 -85.741  1.46
7 14  18.0 38.219 -85.762  38.201 -85.743  2.52
4 15  11.0 38.206 -85.761  38.215 -85.744  1.7
3 18  16.0 38.207 -85.762  38.214 -85.743  2.1
7 18  44.0 38.205 -85.764  38.216 -85.741  4.16
7 18  45.0 38.205 -85.764  38.216 -85.741  4.29
6 18  16.0 38.206 -85.764  38.216 -85.741  1.94
2 12  7.0 38.215 -85.761  38.208 -85.744  1.33
4 15  11.0 38.209 -85.764  38.214 -85.741  1.61
2 12  27.0 38.219 -85.762  38.204 -85.743  1.926
4 9  5.0 38.215 -85.76  38.209 -85.745  1.15
3 12  6.0 38.214 -85.76  38.211 -85.745  1.12
7 9  32.0 38.221 -85.763  38.204 -85.742  2.86
7 14  20.0 38.223 -85.762  38.204 -85.743  3.17
6 15  21.0 38.223 -85.762  38.204 -85.743  2.61
7 15  22.0 38.223 -85.762  38.204 -85.743  2.77
4 14  8.0 38.214 -85.762  38.214 -85.743  1.14
5 15  17.0 38.213 -85.762  38.215 -85.743  2.11
7 20  15.0 38.214 -85.763  38.215 -85.742  1.429
3 13  8.0 38.214 -85.764  38.216 -85.741  1.15
2 12  12.0 38.214 -85.764  38.216 -85.741  1.66
6 13  6.0 38.216 -85.76  38.216 -85.745  1.06
7 12  11.0 38.221 -85.761  38.211 -85.744  1.14
6 19  14.0 38.22 -85.76  38.212 -85.745  1.81
6 16  14.0 38.22 -85.762  38.213 -85.743  1.57
3 16  15.0 38.218 -85.763  38.215 -85.742  1.59
7 9  20.0 38.221 -85.762  38.212 -85.743  1.5
7 13  22.0 38.218 -85.763  38.215 -85.742  1.53
5 20  8.0 38.219 -85.76  38.215 -85.745  0.83
7 16  11.0 38.222 -85.761  38.212 -85.744  1.74
7 16  11.0 38.222 -85.761  38.212 -85.744  1.802
1 11  12.0 38.22 -85.76  38.214 -85.745  1.35
5 22  16.0 38.219 -85.762  38.215 -85.743  1.69
5 15  7.0 38.223 -85.76  38.212 -85.745  1.31
3 13  10.0 38.217 -85.761  38.218 -85.744  1.14
7 23  11.0 38.219 -85.762  38.216 -85.743  1.65
5 17  14.0 38.221 -85.762  38.214 -85.743  1.56
1 14  15.0 38.22 -85.763  38.215 -85.742  1.81
7 11  10.0 38.226 -85.76  38.21 -85.745  1.8
3 13  16.0 38.221 -85.763  38.216 -85.742  2.29
7 20  11.0 38.219 -85.761  38.219 -85.744  1.03
2 20  17.0 38.224 -85.763  38.214 -85.742  2.175
6 19  29.0 38.22 -85.761  38.218 -85.744  1.78
6 10  7.0 38.221 -85.76  38.218 -85.745  1.0
1 8  12.0 38.223 -85.761  38.218 -85.744  1.05
7 10  11.0 38.225 -85.76  38.217 -85.745  1.049
7 11  46.0 38.248 -85.76  38.199 -85.745  4.69
4 14  21.0 38.221 -85.764  38.262 -85.741  3.7
2 23  23.0 38.235 -85.763  38.271 -85.742  1.71
6 16  14.0 38.251 -85.761  38.262 -85.744  1.2
7 21  13.0 38.254 -85.764  38.261 -85.741  1.32
7 23  18.0 38.255 -85.764  38.261 -85.741  2.028
4 17  28.0 38.258 -85.762  38.261 -85.743  1.92
5 15  12.0 38.258 -85.764  38.263 -85.741  1.38
5 15  14.0 38.205 -85.763  38.214 -85.741  1.95
2 19  37.0 38.215 -85.761  38.204 -85.743  2.113
6 12  42.0 38.222 -85.763  38.198 -85.741  3.66
7 15  17.0 38.219 -85.763  38.203 -85.741  2.37
7 12  19.0 38.218 -85.76  38.204 -85.744  2.49
6 13  29.0 38.208 -85.761  38.215 -85.743  1.84
7 13  19.0 38.22 -85.761  38.204 -85.743  2.45
7 15  21.0 38.223 -85.761  38.202 -85.743  2.92
7 8  24.0 38.222 -85.761  38.203 -85.743  3.169
5 20  28.0 38.209 -85.763  38.216 -85.741  2.21
2 11  7.0 38.217 -85.759  38.209 -85.745  1.17
6 13  10.0 38.213 -85.762  38.213 -85.742  1.2
6 17  10.0 38.212 -85.76  38.214 -85.744  2.53
1 18  13.0 38.218 -85.759  38.208 -85.745  1.58
3 6  8.0 38.213 -85.76  38.214 -85.744  0.93
1 15  10.0 38.215 -85.762  38.212 -85.742  1.39
3 15  10.0 38.217 -85.761  38.21 -85.743  1.53
2 14  8.0 38.22 -85.759  38.21 -85.745  1.34
7 20  10.0 38.215 -85.761  38.215 -85.743  0.76
6 9  6.0 38.216 -85.76  38.215 -85.744  1.03
3 18  10.0 38.217 -85.762  38.215 -85.742  0.87
6 18  11.0 38.217 -85.762  38.215 -85.742  1.55
4 16  14.0 38.218 -85.76  38.214 -85.744  1.25
2 15  18.0 38.217 -85.761  38.215 -85.743  1.39
6 15  26.0 38.219 -85.762  38.213 -85.742  2.24
7 6  6.0 38.218 -85.76  38.215 -85.744  1.24
4 14  9.0 38.218 -85.759  38.216 -85.745  0.86
6 11  17.0 38.219 -85.762  38.215 -85.742  2.022
2 16  19.0 38.222 -85.759  38.212 -85.745  1.93
7 16  26.0 38.221 -85.763  38.213 -85.741  3.32
5 16  6.0 38.221 -85.759  38.214 -85.745  0.92
7 16  28.0 38.222 -85.759  38.216 -85.745  1.37
6 9  11.0 38.22 -85.762  38.219 -85.742  1.41
7 21  9.0 38.222 -85.759  38.219 -85.745  0.86
3 12  7.0 38.229 -85.76  38.218 -85.744  1.2
1 6  14.0 38.235 -85.76  38.217 -85.744  3.604
2 17  25.0 38.248 -85.761  38.216 -85.743  3.68
5 10  21.0 38.253 -85.759  38.219 -85.745  2.475
2 17  16.0 38.238 -85.759  38.261 -85.745  2.175
6 13  26.0 38.235 -85.763  38.271 -85.741  4.7
7 12  21.0 38.253 -85.759  38.261 -85.745  1.18
3 13  18.0 38.247 -85.76  38.27 -85.744  3.231
5 19  13.0 38.257 -85.76  38.261 -85.744  1.13
1 17  20.0 38.257 -85.759  38.261 -85.745  1.72
6 8  8.0 38.211 -85.758  38.209 -85.745  0.82
7 12  11.0 38.216 -85.76  38.204 -85.743  2.3
2 18  7.0 38.212 -85.758  38.211 -85.745  0.65
5 12  9.0 38.213 -85.76  38.211 -85.743  0.97
7 13  21.0 38.221 -85.761  38.203 -85.742  2.46
7 18  41.0 38.221 -85.761  38.203 -85.742  2.35
6 12  41.0 38.225 -85.762  38.199 -85.741  3.66
3 16  8.0 38.211 -85.76  38.214 -85.743  1.28
4 22  9.0 38.211 -85.76  38.215 -85.743  1.79
4 18  33.0 38.21 -85.762  38.216 -85.741  4.32
7 18  47.0 38.222 -85.761  38.204 -85.742  2.54
2 10  6.0 38.213 -85.76  38.214 -85.743  0.94
7 9  28.0 38.221 -85.762  38.206 -85.741  1.864
2 8  6.0 38.216 -85.758  38.212 -85.745  1.03
5 9  29.0 38.216 -85.762  38.212 -85.741  2.75
4 6  5.0 38.217 -85.759  38.212 -85.744  1.05
2 19  7.0 38.213 -85.758  38.216 -85.745  1.19
5 9  7.0 38.218 -85.759  38.212 -85.744  1.27
5 10  9.0 38.214 -85.759  38.216 -85.744  0.95
5 16  10.0 38.216 -85.758  38.214 -85.745  1.12
4 17  8.0 38.216 -85.758  38.215 -85.745  1.03
2 11  8.0 38.22 -85.758  38.212 -85.745  1.01
2 15  16.0 38.217 -85.761  38.215 -85.742  1.46
2 17  7.0 38.222 -85.758  38.211 -85.745  1.1
5 15  15.0 38.219 -85.761  38.215 -85.742  1.37
4 15  7.0 38.218 -85.758  38.217 -85.745  1.27
6 12  12.0 38.226 -85.758  38.21 -85.745  1.51
5 15  15.0 38.222 -85.761  38.215 -85.742  1.4
7 15  18.0 38.222 -85.762  38.215 -85.741  1.63
7 13  20.0 38.222 -85.761  38.215 -85.742  1.45
7 9  18.0 38.23 -85.76  38.211 -85.743  2.55
5 20  33.0 38.227 -85.758  38.216 -85.745  3.37
7 17  10.0 38.225 -85.762  38.219 -85.741  1.926
3 16  10.0 38.227 -85.759  38.218 -85.744  1.367
5 13  10.0 38.231 -85.759  38.214 -85.744  1.62
6 14  10.0 38.23 -85.76  38.218 -85.743  2.37
5 18  36.0 38.25 -85.758  38.198 -85.745  4.163
2 14  10.0 38.234 -85.758  38.216 -85.745  2.423
3 9  16.0 38.247 -85.758  38.217 -85.745  2.983
4 1  38.0 38.227 -85.762  38.261 -85.741  3.54
5 19  12.0 38.256 -85.759  38.261 -85.744  1.0
7 21  32.0 38.25 -85.759  38.267 -85.744  2.734
7 20  36.0 38.25 -85.761  38.267 -85.742  2.64
6 14  13.0 38.257 -85.76  38.261 -85.743  0.95
4 16  21.0 38.245 -85.758  38.273 -85.745  3.21
7 12  29.0 38.251 -85.758  38.267 -85.745  2.423
3 11  13.0 38.259 -85.76  38.262 -85.743  1.4
2 11  7.0 38.211 -85.758  38.208 -85.744  1.07
7 8  21.0 38.218 -85.759  38.203 -85.743  3.23
2 10  6.0 38.213 -85.758  38.21 -85.744  0.99
5 20  8.0 38.213 -85.76  38.212 -85.742  1.305
6 8  6.0 38.211 -85.758  38.215 -85.744  1.13
2 10  6.0 38.213 -85.759  38.214 -85.743  0.905
4 15  10.0 38.213 -85.758  38.214 -85.744  0.96
2 10  7.0 38.217 -85.757  38.211 -85.745  0.79
4 9  11.0 38.213 -85.757  38.215 -85.745  0.84
4 13  4.0 38.217 -85.757  38.212 -85.745  0.75
2 12  8.0 38.219 -85.757  38.21 -85.745  0.88
5 16  18.0 38.214 -85.759  38.215 -85.743  1.08
7 9  18.0 38.217 -85.759  38.212 -85.743  2.03
6 11  7.0 38.214 -85.761  38.216 -85.741  1.11
5 16  9.0 38.217 -85.757  38.213 -85.745  1.24
6 10  17.0 38.226 -85.759  38.204 -85.743  2.79
4 12  10.0 38.215 -85.757  38.216 -85.745  0.95
2 15  12.0 38.22 -85.759  38.211 -85.743  1.58
3 8  7.0 38.216 -85.759  38.216 -85.743  0.84
2 14  9.0 38.219 -85.757  38.213 -85.745  0.816
2 12  10.0 38.218 -85.757  38.214 -85.745  1.06
2 11  11.0 38.219 -85.76  38.215 -85.742  1.74
6 8  14.0 38.219 -85.759  38.215 -85.743  1.31
1 16  14.0 38.22 -85.761  38.216 -85.741  2.29
1 16  17.0 38.221 -85.761  38.215 -85.741  1.88
4 15  5.0 38.223 -85.758  38.214 -85.744  0.93
7 12  8.0 38.219 -85.761  38.218 -85.741  1.34
7 18  29.0 38.219 -85.76  38.219 -85.742  2.58
6 20  6.0 38.22 -85.758  38.219 -85.744  0.994
7 18  9.0 38.222 -85.761  38.217 -85.741  1.58
7 18  11.0 38.221 -85.76  38.219 -85.742  1.34
7 18  12.0 38.221 -85.76  38.219 -85.742  1.18
5 22  7.0 38.224 -85.76  38.219 -85.742  1.72
1 0  13.0 38.232 -85.758  38.211 -85.744  2.06
5 21  9.0 38.229 -85.757  38.215 -85.745  1.19
2 17  14.0 38.235 -85.758  38.212 -85.744  2.672
6 13  15.0 38.234 -85.76  38.213 -85.742  2.24
4 9  8.0 38.232 -85.757  38.216 -85.745  1.61
1 13  10.0 38.233 -85.757  38.215 -85.745  1.864
3 14  9.0 38.234 -85.758  38.216 -85.744  1.864
1 13  11.0 38.235 -85.759  38.216 -85.743  2.31
5 13  15.0 38.235 -85.761  38.219 -85.741  2.21
1 7  28.0 38.258 -85.761  38.219 -85.741  3.97
6 0  21.0 38.233 -85.757  38.261 -85.745  2.64
6 21  13.0 38.236 -85.761  38.262 -85.741  2.74
2 15  55.0 38.245 -85.759  38.263 -85.743  3.87
7 6  19.0 38.253 -85.757  38.261 -85.745  1.74
7 6  20.0 38.253 -85.757  38.261 -85.745  1.8
1 18  17.0 38.256 -85.76  38.261 -85.742  1.13
2 24  28.0 38.254 -85.759  38.263 -85.743  2.113
2 15  50.0 38.256 -85.761  38.262 -85.741  2.04
1 19  16.0 38.223 -85.76  38.196 -85.741  3.045
7 21  13.0 38.205 -85.756  38.216 -85.745  1.988
2 13  20.0 38.218 -85.759  38.204 -85.742  2.361
2 13  6.0 38.214 -85.757  38.21 -85.744  0.63
2 19  8.0 38.212 -85.759  38.212 -85.742  1.3
7 12  24.0 38.22 -85.758  38.204 -85.743  2.38
3 16  24.0 38.206 -85.759  38.218 -85.742  3.34
5 16  14.0 38.217 -85.756  38.209 -85.745  1.04
2 15  32.0 38.211 -85.759  38.215 -85.742  1.0
5 11  4.0 38.213 -85.757  38.214 -85.744  0.54
6 11  6.0 38.216 -85.756  38.211 -85.745  0.65
3 11  7.0 38.213 -85.758  38.214 -85.743  0.994
7 9  25.0 38.224 -85.76  38.204 -85.741  2.74
5 15  6.0 38.216 -85.756  38.213 -85.745  0.81
6 10  8.0 38.219 -85.756  38.211 -85.745  1.09
5 17  9.0 38.216 -85.756  38.214 -85.745  0.062
7 10  9.0 38.22 -85.759  38.21 -85.742  1.24
4 7  15.0 38.215 -85.759  38.215 -85.742  1.18
2 9  19.0 38.215 -85.759  38.215 -85.742  2.03
5 11  7.0 38.217 -85.757  38.214 -85.744  0.77
3 14  8.0 38.22 -85.759  38.211 -85.742  1.06
6 11  6.0 38.215 -85.756  38.217 -85.745  0.66
3 15  9.0 38.221 -85.757  38.212 -85.744  1.18
6 21  23.0 38.22 -85.759  38.213 -85.742  3.231
5 14  8.0 38.217 -85.758  38.217 -85.743  0.9
3 13  9.0 38.221 -85.757  38.214 -85.744  0.849
1 11  13.0 38.219 -85.757  38.216 -85.744  1.46
5 15  23.0 38.238 -85.756  38.197 -85.745  4.35
2 11  5.0 38.219 -85.756  38.217 -85.745  0.51
2 22  17.0 38.223 -85.759  38.214 -85.742  2.672
6 14  14.0 38.219 -85.759  38.219 -85.742  1.74
4 9  12.0 38.221 -85.76  38.218 -85.741  1.59
5 10  31.0 38.24 -85.76  38.199 -85.741  3.94
1 17  41.0 38.224 -85.756  38.215 -85.745  3.05
1 0  12.0 38.223 -85.758  38.217 -85.743  1.24
4 5  15.0 38.226 -85.76  38.216 -85.741  2.14
5 23  9.0 38.224 -85.759  38.219 -85.742  1.62
6 14  11.0 38.228 -85.758  38.215 -85.743  1.39
7 22  11.0 38.228 -85.756  38.215 -85.745  1.52
2 22  13.0 38.227 -85.757  38.216 -85.744  1.43
1 18  17.0 38.228 -85.757  38.218 -85.744  0.311
4 17  7.0 38.229 -85.759  38.219 -85.742  0.373
6 21  20.0 38.236 -85.756  38.217 -85.745  3.231
6 19  27.0 38.252 -85.757  38.216 -85.744  3.22
1 16  24.0 38.24 -85.759  38.271 -85.742  2.96
7 18  28.0 38.251 -85.758  38.262 -85.743  2.05
5 11  30.0 38.256 -85.759  38.261 -85.742  2.92
4 14  45.0 38.256 -85.76  38.262 -85.741  3.81
4 14  46.0 38.256 -85.76  38.262 -85.741  4.12
7 18  13.0 38.257 -85.756  38.263 -85.745  1.2
4 10  28.0 38.258 -85.758  38.262 -85.743  2.52
7 10  33.0 38.222 -85.758  38.197 -85.742  3.55
7 13  15.0 38.219 -85.756  38.201 -85.744  1.9
7 11  12.0 38.205 -85.758  38.216 -85.742  1.73
6 12  17.0 38.206 -85.759  38.218 -85.741  2.1
5 8  8.0 38.216 -85.755  38.209 -85.745  1.2
7 13  12.0 38.22 -85.758  38.205 -85.742  1.89
4 13  23.0 38.215 -85.756  38.21 -85.744  0.85
4 17  6.0 38.216 -85.756  38.21 -85.744  1.118
7 9  11.0 38.223 -85.757  38.203 -85.743  1.97
4 18  8.0 38.213 -85.757  38.214 -85.743  1.0
3 8  10.0 38.214 -85.759  38.213 -85.741  1.68
6 8  11.0 38.217 -85.755  38.21 -85.745  1.0
1 6  19.0 38.229 -85.755  38.198 -85.745  3.14
5 8  20.0 38.217 -85.755  38.21 -85.745  0.94
4 14  6.0 38.215 -85.756  38.213 -85.744  0.68
6 10  5.0 38.214 -85.755  38.215 -85.745  0.746
4 18  10.0 38.218 -85.758  38.211 -85.742  1.0
5 18  3.0 38.215 -85.756  38.215 -85.744  0.39
3 5  4.0 38.216 -85.757  38.214 -85.743  0.79
5 10  6.0 38.214 -85.758  38.216 -85.742  1.21
5 10  10.0 38.219 -85.757  38.212 -85.743  1.11
6 11  8.0 38.215 -85.755  38.217 -85.745  1.0
5 10  8.0 38.22 -85.757  38.212 -85.743  1.1
5 21  8.0 38.224 -85.756  38.208 -85.744  1.2
6 12  6.0 38.216 -85.757  38.218 -85.743  1.056
6 15  7.0 38.219 -85.755  38.215 -85.745  0.63
7 21  8.0 38.219 -85.757  38.215 -85.743  0.63
6 12  13.0 38.219 -85.758  38.215 -85.742  1.2
1 10  17.0 38.222 -85.757  38.212 -85.743  1.59
6 8  13.0 38.22 -85.758  38.216 -85.742  1.06
4 13  6.0 38.219 -85.758  38.218 -85.742  1.12
1 20  10.0 38.224 -85.759  38.213 -85.741  1.51
1 9  7.0 38.223 -85.758  38.215 -85.742  1.16
7 20  10.0 38.221 -85.756  38.217 -85.744  1.11
3 8  6.0 38.22 -85.756  38.219 -85.744  0.65
5 8  7.0 38.22 -85.758  38.219 -85.742  0.94
1 0  13.0 38.229 -85.756  38.211 -85.744  1.9
5 14  8.0 38.226 -85.757  38.215 -85.743  1.04
5 17  13.0 38.222 -85.758  38.219 -85.742  1.49
5 13  10.0 38.23 -85.758  38.215 -85.742  1.118
4 14  13.0 38.232 -85.756  38.213 -85.744  1.93
4 10  10.0 38.232 -85.757  38.215 -85.743  1.864
7 15  24.0 38.235 -85.759  38.219 -85.741  1.82
1 4  30.0 38.256 -85.757  38.198 -85.743  4.86
7 11  28.0 38.257 -85.755  38.21 -85.745  4.16
7 18  26.0 38.23 -85.758  38.262 -85.742  2.82
6 6  20.0 38.229 -85.758  38.27 -85.742  3.57
7 20  27.0 38.229 -85.758  38.27 -85.742  2.548
4 17  27.0 38.249 -85.756  38.261 -85.744  3.977
3 14  25.0 38.25 -85.757  38.261 -85.743  1.74
2 13  23.0 38.251 -85.758  38.261 -85.742  1.87
7 10  18.0 38.252 -85.759  38.261 -85.741  1.41
1 17  25.0 38.252 -85.758  38.261 -85.742  3.19
5 12  38.0 38.244 -85.758  38.271 -85.742  3.542
3 16  16.0 38.255 -85.759  38.261 -85.741  1.2
5 19  39.0 38.254 -85.756  38.262 -85.744  1.14
1 13  31.0 38.256 -85.758  38.261 -85.742  2.08
1 18  17.0 38.257 -85.758  38.261 -85.742  1.21
4 11  11.0 38.258 -85.756  38.261 -85.744  1.305
4 10  25.0 38.257 -85.758  38.262 -85.742  1.48
7 11  32.0 38.257 -85.756  38.262 -85.744  1.27
6 3  7.0 38.21 -85.754  38.209 -85.745  0.13
7 15  19.0 38.215 -85.757  38.204 -85.742  1.75
7 22  30.0 38.206 -85.757  38.213 -85.742  3.604
3 7  5.0 38.209 -85.754  38.212 -85.745  0.83
3 12  5.0 38.213 -85.754  38.21 -85.745  0.63
4 12  5.0 38.214 -85.754  38.21 -85.745  0.44
3 6  5.0 38.215 -85.756  38.209 -85.743  1.02
7 18  8.0 38.216 -85.755  38.208 -85.744  1.0
6 9  6.0 38.215 -85.755  38.211 -85.744  0.59
2 6  11.0 38.214 -85.756  38.212 -85.743  1.06
2 19  21.0 38.209 -85.755  38.217 -85.744  1.367
4 11  6.0 38.217 -85.754  38.21 -85.745  0.72
6 12  8.0 38.216 -85.754  38.211 -85.745  0.72
6 17  6.0 38.216 -85.756  38.212 -85.743  0.71
4 13  12.0 38.218 -85.755  38.21 -85.744  1.11
3 7  4.0 38.215 -85.754  38.214 -85.745  0.48
5 7  4.0 38.216 -85.755  38.213 -85.744  0.77
7 9  12.0 38.212 -85.754  38.217 -85.745  0.44
7 9  8.0 38.217 -85.758  38.215 -85.741  1.08
2 13  9.0 38.216 -85.754  38.216 -85.745  0.124
1 4  46.0 38.218 -85.757  38.214 -85.742  1.03
7 11  29.0 38.234 -85.758  38.199 -85.741  4.26
6 16  23.0 38.217 -85.758  38.217 -85.741  2.11
4 10  5.0 38.219 -85.754  38.216 -85.745  0.49
5 15  7.0 38.22 -85.757  38.215 -85.742  0.96
2 8  4.0 38.219 -85.754  38.217 -85.745  0.72
1 10  8.0 38.219 -85.754  38.217 -85.745  0.68
7 6  8.0 38.221 -85.756  38.216 -85.743  1.04
3 8  7.0 38.219 -85.757  38.219 -85.742  0.87
4 9  6.0 38.224 -85.754  38.219 -85.745  1.04
7 18  10.0 38.226 -85.758  38.219 -85.741  1.69
1 15  8.0 38.231 -85.756  38.215 -85.743  0.621
7 18  10.0 38.227 -85.758  38.219 -85.741  0.76
5 7  11.0 38.232 -85.758  38.215 -85.741  1.491
2 11  14.0 38.234 -85.757  38.215 -85.742  1.86
3 19  29.0 38.239 -85.756  38.218 -85.743  3.62
2 14  19.0 38.247 -85.754  38.216 -85.745  3.16
6 19  23.0 38.251 -85.756  38.215 -85.743  2.96
2 6  19.0 38.251 -85.754  38.216 -85.745  3.32
2 6  18.0 38.252 -85.754  38.216 -85.745  3.33
7 16  31.0 38.249 -85.757  38.219 -85.742  3.728
7 22  19.0 38.256 -85.754  38.216 -85.745  3.33
7 16  28.0 38.253 -85.757  38.219 -85.742  3.36
7 16  31.0 38.253 -85.757  38.219 -85.742  3.44
7 16  32.0 38.253 -85.757  38.219 -85.742  4.8
7 15  33.0 38.253 -85.757  38.219 -85.742  3.63
7 16  33.0 38.253 -85.757  38.219 -85.742  4.18
6 22  27.0 38.235 -85.756  38.262 -85.743  3.853
7 20  24.0 38.246 -85.758  38.261 -85.741  2.08
7 9  12.0 38.251 -85.757  38.261 -85.742  1.62
6 19  45.0 38.252 -85.756  38.261 -85.743  4.722
6 23  26.0 38.253 -85.756  38.261 -85.743  2.548
1 2  13.0 38.254 -85.757  38.261 -85.742  1.73
3 16  15.0 38.253 -85.757  38.262 -85.742  1.54
1 2  15.0 38.254 -85.757  38.261 -85.742  1.71
6 22  35.0 38.255 -85.757  38.261 -85.742  3.93
1 16  53.0 38.256 -85.756  38.261 -85.743  3.853
6 19  18.0 38.249 -85.757  38.27 -85.742  2.16
3 15  44.0 38.259 -85.758  38.261 -85.741  2.76
4 13  7.0 38.213 -85.756  38.209 -85.742  0.83
6 10  6.0 38.214 -85.754  38.209 -85.744  0.93
6 17  14.0 38.213 -85.755  38.21 -85.743  0.93
7 21  8.0 38.211 -85.753  38.216 -85.745  0.684
3 13  8.0 38.211 -85.757  38.216 -85.741  1.24
2 15  11.0 38.211 -85.755  38.216 -85.743  0.91
3 7  4.0 38.217 -85.753  38.212 -85.745  0.79
7 9  12.0 38.223 -85.756  38.206 -85.742  2.22
5 19  21.0 38.215 -85.754  38.214 -85.744  0.83
7 22  30.0 38.215 -85.757  38.214 -85.741  0.8
2 14  6.0 38.215 -85.756  38.215 -85.742  0.78
2 15  7.0 38.214 -85.757  38.216 -85.741  0.97
7 23  8.0 38.215 -85.755  38.215 -85.743  0.994
4 6  8.0 38.211 -85.756  38.219 -85.742  1.44
5 17  14.0 38.218 -85.753  38.212 -85.745  1.45
4 12  4.0 38.214 -85.753  38.218 -85.745  0.51
6 5  10.0 38.217 -85.755  38.215 -85.743  1.32
3 8  12.0 38.217 -85.756  38.215 -85.742  1.7
4 15  4.0 38.215 -85.754  38.218 -85.744  0.68
3 15  7.0 38.217 -85.754  38.216 -85.744  0.48
1 16  10.0 38.215 -85.757  38.219 -85.741  1.68
3 16  10.0 38.219 -85.757  38.217 -85.741  1.26
2 16  6.0 38.222 -85.755  38.215 -85.743  1.02
1 6  10.0 38.227 -85.756  38.212 -85.742  1.82
1 0  13.0 38.231 -85.754  38.211 -85.744  1.87
1 6  18.0 38.226 -85.754  38.216 -85.744  1.31
6 13  10.0 38.233 -85.755  38.214 -85.743  1.926
7 13  8.0 38.233 -85.756  38.215 -85.742  1.36
2 13  9.0 38.233 -85.756  38.215 -85.742  1.4
7 13  10.0 38.233 -85.756  38.215 -85.742  1.54
3 14  10.0 38.233 -85.756  38.215 -85.742  1.926
7 9  11.0 38.233 -85.756  38.215 -85.742  1.973
6 19  42.0 38.252 -85.754  38.196 -85.744  3.908
1 13  11.0 38.231 -85.753  38.218 -85.745  1.367
6 16  10.0 38.235 -85.755  38.216 -85.743  1.8
6 17  53.0 38.251 -85.755  38.218 -85.743  3.6
4 21  42.0 38.225 -85.757  38.272 -85.741  4.9
3 10  24.0 38.234 -85.757  38.272 -85.741  3.4
4 19  20.0 38.249 -85.757  38.261 -85.741  2.299
4 19  10.0 38.253 -85.757  38.261 -85.741  1.13
4 20  47.0 38.254 -85.753  38.261 -85.745  2.734
6 20  27.0 38.255 -85.753  38.261 -85.745  1.181
1 9  33.0 38.255 -85.757  38.262 -85.741  2.485
3 13  12.0 38.258 -85.753  38.261 -85.745  1.05
3 14  14.0 38.258 -85.754  38.261 -85.744  1.0
1 8  16.0 38.246 -85.756  38.273 -85.742  2.99
3 19  29.0 38.251 -85.757  38.268 -85.741  2.96
2 23  33.0 38.248 -85.757  38.272 -85.741  3.09
4 16  48.0 38.259 -85.755  38.261 -85.743  2.42
5 8  4.0 38.211 -85.756  38.21 -85.741  0.89
4 21  21.0 38.223 -85.752  38.199 -85.745  2.8
5 11  3.0 38.214 -85.752  38.212 -85.745  0.52
6 5  3.0 38.214 -85.752  38.212 -85.745  0.53
4 16  5.0 38.214 -85.752  38.212 -85.745  0.46
2 13  3.0 38.213 -85.752  38.214 -85.745  0.19
2 20  22.0 38.21 -85.755  38.218 -85.742  0.621
6 16  3.0 38.214 -85.752  38.216 -85.745  0.5
5 12  9.0 38.215 -85.756  38.215 -85.741  0.79
5 8  4.0 38.214 -85.752  38.217 -85.745  0.45
7 4  8.0 38.214 -85.752  38.217 -85.745  0.78
2 19  6.0 38.216 -85.754  38.216 -85.743  0.87
6 16  6.0 38.216 -85.752  38.216 -85.745  0.93
4 11  7.0 38.218 -85.754  38.214 -85.743  1.11
7 20  9.0 38.218 -85.755  38.214 -85.742  0.06
5 10  33.0 38.218 -85.755  38.216 -85.742  1.24
5 16  20.0 38.219 -85.754  38.216 -85.743  1.53
6 13  6.0 38.218 -85.755  38.219 -85.742  0.83
5 16  15.0 38.221 -85.754  38.216 -85.743  1.34
4 13  4.0 38.221 -85.752  38.217 -85.745  0.63
7 18  10.0 38.23 -85.754  38.215 -85.743  1.76
5 12  16.0 38.244 -85.754  38.215 -85.743  3.91
1 13  35.0 38.245 -85.755  38.215 -85.742  3.19
6 11  30.0 38.25 -85.756  38.213 -85.741  3.96
2 11  38.0 38.214 -85.755  38.271 -85.742  4.81
4 19  18.0 38.227 -85.756  38.261 -85.741  3.02
7 20  27.0 38.228 -85.755  38.271 -85.742  4.722
7 20  32.0 38.235 -85.756  38.268 -85.741  0.746
2 15  53.0 38.242 -85.756  38.261 -85.741  3.94
7 4  18.0 38.231 -85.754  38.273 -85.743  3.42
5 18  40.0 38.247 -85.753  38.262 -85.744  2.92
4 11  11.0 38.25 -85.753  38.261 -85.744  0.94
2 21  28.0 38.25 -85.756  38.261 -85.741  2.858
7 10  17.0 38.254 -85.756  38.261 -85.741  1.06
6 20  44.0 38.255 -85.756  38.261 -85.741  1.97
1 10  37.0 38.256 -85.753  38.261 -85.744  3.542
5 12  44.0 38.248 -85.756  38.27 -85.741  3.107
7 18  9.0 38.258 -85.752  38.261 -85.745  0.76
7 19  21.0 38.256 -85.752  38.263 -85.745  2.796
1 14  10.0 38.26 -85.752  38.261 -85.745  1.86
7 14  5.0 38.207 -85.752  38.216 -85.744  0.95
2 19  8.0 38.215 -85.755  38.208 -85.741  1.18
1 16  21.0 38.214 -85.752  38.21 -85.744  1.4
5 11  5.0 38.215 -85.751  38.21 -85.745  0.621
2 12  16.0 38.218 -85.754  38.207 -85.742  0.684
4 14  4.0 38.213 -85.752  38.213 -85.744  0.4
4 17  6.0 38.214 -85.754  38.212 -85.742  0.954
2 11  9.0 38.217 -85.755  38.209 -85.741  1.08
4 17  5.0 38.212 -85.753  38.215 -85.743  0.78
4 15  9.0 38.215 -85.754  38.212 -85.742  0.88
3 0  12.0 38.211 -85.751  38.216 -85.745  0.67
4 17  3.0 38.213 -85.752  38.215 -85.744  0.43
2 17  3.0 38.213 -85.752  38.215 -85.744  0.46
2 13  3.0 38.213 -85.752  38.215 -85.744  0.5
3 18  3.0 38.213 -85.752  38.215 -85.744  0.559
4 16  4.0 38.213 -85.752  38.215 -85.744  0.35
4 19  4.0 38.213 -85.752  38.215 -85.744  0.51
3 23  4.0 38.213 -85.752  38.215 -85.744  0.53
4 19  4.0 38.213 -85.752  38.215 -85.744  0.54
2 14  6.0 38.212 -85.755  38.216 -85.741  0.84
2 12  10.0 38.218 -85.751  38.21 -85.745  1.13
6 2  11.0 38.213 -85.752  38.215 -85.744  0.84
7 9  16.0 38.216 -85.753  38.212 -85.743  1.58
4 16  3.0 38.214 -85.752  38.215 -85.744  0.47
6 2  3.0 38.214 -85.752  38.215 -85.744  0.51
5 6  3.0 38.214 -85.752  38.215 -85.744  0.59
4 17  4.0 38.214 -85.752  38.215 -85.744  0.34
1 22  4.0 38.214 -85.752  38.215 -85.744  0.48
1 17  4.0 38.214 -85.752  38.215 -85.744  0.58
1 18  5.0 38.214 -85.752  38.215 -85.744  0.57
1 18  5.0 38.214 -85.752  38.215 -85.744  0.57
1 18  6.0 38.214 -85.752  38.215 -85.744  0.56
2 11  6.0 38.217 -85.753  38.212 -85.743  0.63
1 21  6.0 38.214 -85.752  38.215 -85.744  1.01
1 23  8.0 38.214 -85.752  38.215 -85.744  1.2
2 8  9.0 38.214 -85.752  38.215 -85.744  0.49
1 23  9.0 38.214 -85.752  38.215 -85.744  1.13
1 23  10.0 38.214 -85.752  38.215 -85.744  1.16
1 20  29.0 38.214 -85.752  38.215 -85.744  0.81
1 20  31.0 38.214 -85.752  38.215 -85.744  0.54
3 5  5.0 38.214 -85.751  38.217 -85.745  0.59
4 11  5.0 38.218 -85.753  38.214 -85.743  1.02
6 12  13.0 38.216 -85.753  38.216 -85.743  1.13
4 16  11.0 38.22 -85.752  38.213 -85.744  0.96
3 16  5.0 38.218 -85.753  38.216 -85.743  0.47
6 11  5.0 38.219 -85.754  38.215 -85.742  0.93
1 7  5.0 38.219 -85.754  38.215 -85.742  0.94
7 16  6.0 38.219 -85.754  38.215 -85.742  0.92
4 11  7.0 38.222 -85.754  38.212 -85.742  0.96
3 18  3.0 38.219 -85.751  38.217 -85.745  0.97
2 22  6.0 38.221 -85.751  38.217 -85.745  0.746
3 8  6.0 38.221 -85.753  38.219 -85.743  0.7
6 16  9.0 38.224 -85.755  38.217 -85.741  1.46
6 13  11.0 38.23 -85.755  38.213 -85.741  1.926
6 19  42.0 38.249 -85.752  38.196 -85.744  4.847
6 13  10.0 38.232 -85.754  38.215 -85.742  1.429
7 11  25.0 38.255 -85.753  38.208 -85.743  4.07
7 23  16.0 38.256 -85.751  38.216 -85.745  3.17
7 23  20.0 38.259 -85.751  38.219 -85.745  3.48
4 15  9.0 38.251 -85.754  38.261 -85.742  1.06
1 11  24.0 38.253 -85.755  38.261 -85.741  0.05
2 20  13.0 38.254 -85.752  38.261 -85.744  1.32
7 14  8.0 38.255 -85.751  38.261 -85.745  0.621
4 16  49.0 38.254 -85.755  38.262 -85.741  3.6
7 13  45.0 38.256 -85.754  38.261 -85.742  2.61
7 13  19.0 38.257 -85.755  38.261 -85.741  1.43
1 14  31.0 38.257 -85.752  38.261 -85.744  1.61
6 13  15.0 38.258 -85.754  38.261 -85.742  0.963
2 16  24.0 38.258 -85.751  38.261 -85.745  1.8
3 12  31.0 38.25 -85.754  38.27 -85.742  3.11
6 15  36.0 38.258 -85.755  38.262 -85.741  3.09
6 2  10.0 38.26 -85.752  38.261 -85.744  0.87
4 7  7.0 38.215 -85.75  38.206 -85.745  0.56
7 16  11.0 38.216 -85.751  38.205 -85.744  1.07
3 12  3.0 38.212 -85.751  38.21 -85.744  0.54
7 9  16.0 38.219 -85.753  38.203 -85.742  1.87
3 18  21.0 38.234 -85.753  38.191 -85.742  4.25
6 10  4.0 38.212 -85.752  38.214 -85.743  0.55
6 8  4.0 38.212 -85.752  38.214 -85.743  0.57
2 13  5.0 38.212 -85.753  38.214 -85.742  0.5
4 16  6.0 38.21 -85.75  38.216 -85.745  0.41
6 17  6.0 38.212 -85.752  38.214 -85.743  0.516
1 13  3.0 38.212 -85.752  38.215 -85.743  0.51
5 18  3.0 38.213 -85.752  38.214 -85.743  0.57
5 5  4.0 38.213 -85.752  38.214 -85.743  0.39
7 17  4.0 38.213 -85.752  38.214 -85.743  0.51
2 15  4.0 38.212 -85.752  38.215 -85.743  0.53
6 16  4.0 38.213 -85.752  38.214 -85.743  0.53
2 14  4.0 38.212 -85.752  38.215 -85.743  0.61
5 11  5.0 38.213 -85.752  38.214 -85.743  0.6
4 16  5.0 38.213 -85.752  38.214 -85.743  0.61
7 13  5.0 38.212 -85.752  38.215 -85.743  0.65
6 9  6.0 38.213 -85.752  38.214 -85.743  0.66
7 11  6.0 38.212 -85.752  38.215 -85.743  0.684
7 14  3.0 38.213 -85.751  38.215 -85.744  0.52
6 6  3.0 38.213 -85.752  38.215 -85.743  0.63
5 13  4.0 38.214 -85.752  38.214 -85.743  0.29
5 8  4.0 38.213 -85.751  38.215 -85.744  0.45
6 14  4.0 38.213 -85.752  38.215 -85.743  0.45
3 1  4.0 38.213 -85.751  38.215 -85.744  0.52
4 9  4.0 38.214 -85.752  38.214 -85.743  0.53
4 0  4.0 38.213 -85.751  38.215 -85.744  0.56
5 18  5.0 38.213 -85.752  38.215 -85.743  0.56
1 16  5.0 38.213 -85.752  38.215 -85.743  0.621
3 13  5.0 38.214 -85.752  38.214 -85.743  0.78
5 13  7.0 38.214 -85.754  38.214 -85.741  0.83
2 11  22.0 38.214 -85.752  38.214 -85.743  0.98
2 17  27.0 38.214 -85.752  38.214 -85.743  1.99
4 17  3.0 38.214 -85.752  38.215 -85.743  0.68
2 12  4.0 38.214 -85.752  38.215 -85.743  0.11
2 13  4.0 38.214 -85.752  38.215 -85.743  0.25
3 10  4.0 38.214 -85.752  38.215 -85.743  0.33
4 9  4.0 38.214 -85.752  38.215 -85.743  0.41
7 13  4.0 38.214 -85.752  38.215 -85.743  0.43
2 14  4.0 38.214 -85.752  38.215 -85.743  0.54
7 13  4.0 38.214 -85.752  38.215 -85.743  0.57
5 9  5.0 38.214 -85.752  38.215 -85.743  0.5
4 13  5.0 38.214 -85.752  38.215 -85.743  0.55
3 11  7.0 38.214 -85.752  38.215 -85.743  0.12
2 8  3.0 38.214 -85.751  38.216 -85.744  0.43
4 13  4.0 38.215 -85.752  38.215 -85.743  0.41
5 1  4.0 38.215 -85.751  38.215 -85.744  0.55
5 16  7.0 38.214 -85.752  38.216 -85.743  0.54
4 16  7.0 38.219 -85.75  38.211 -85.745  0.99
3 16  33.0 38.214 -85.752  38.216 -85.743  3.42
3 13  5.0 38.218 -85.75  38.217 -85.745  0.311
7 16  7.0 38.221 -85.753  38.215 -85.742  1.07
7 9  12.0 38.232 -85.753  38.213 -85.742  2.12
6 20  15.0 38.233 -85.751  38.219 -85.744  1.03
4 20  18.0 38.253 -85.754  38.261 -85.741  0.559
3 22  39.0 38.253 -85.754  38.261 -85.741  4.35
3 2  11.0 38.254 -85.754  38.262 -85.741  1.1
6 16  30.0 38.255 -85.752  38.261 -85.743  2.08
5 18  12.0 38.255 -85.754  38.262 -85.741  1.26
1 10  12.0 38.256 -85.754  38.261 -85.741  1.29
1 19  17.0 38.256 -85.754  38.261 -85.741  1.25
7 19  17.0 38.256 -85.753  38.261 -85.742  1.57
5 20  13.0 38.257 -85.753  38.262 -85.742  0.68
1 12  19.0 38.258 -85.752  38.261 -85.743  1.79
2 13  21.0 38.257 -85.754  38.262 -85.741  2.18
6 19  21.0 38.251 -85.753  38.268 -85.742  2.983
3 17  45.0 38.257 -85.752  38.262 -85.743  3.355
7 14  23.0 38.258 -85.754  38.262 -85.741  1.2
1 16  44.0 38.259 -85.751  38.261 -85.744  2.0
7 11  13.0 38.253 -85.752  38.268 -85.743  2.299
7 15  3.0 38.209 -85.749  38.211 -85.745  0.37
7 17  9.0 38.201 -85.751  38.219 -85.743  0.186
3 16  4.0 38.21 -85.749  38.211 -85.745  0.32
5 8  4.0 38.214 -85.75  38.207 -85.744  0.46
7 17  5.0 38.208 -85.749  38.214 -85.745  0.31
4 7  3.0 38.211 -85.751  38.213 -85.743  0.16
3 14  4.0 38.211 -85.751  38.213 -85.743  0.33
7 13  18.0 38.221 -85.75  38.203 -85.744  2.13
3 14  6.0 38.213 -85.749  38.213 -85.745  0.27
1 14  6.0 38.216 -85.75  38.21 -85.744  0.69
1 10  7.0 38.21 -85.749  38.216 -85.745  0.249
1 16  18.0 38.215 -85.751  38.211 -85.743  0.78
7 20  20.0 38.212 -85.753  38.214 -85.741  1.802
5 10  4.0 38.213 -85.751  38.214 -85.743  0.46
1 11  5.0 38.212 -85.752  38.215 -85.742  0.54
3 0  10.0 38.211 -85.75  38.216 -85.744  0.67
5 13  4.0 38.214 -85.752  38.214 -85.742  0.43
1 11  4.0 38.214 -85.751  38.214 -85.743  0.52
7 13  4.0 38.213 -85.751  38.215 -85.743  0.56
4 21  6.0 38.213 -85.752  38.215 -85.742  0.746
3 12  6.0 38.216 -85.752  38.212 -85.742  0.83
4 7  7.0 38.213 -85.751  38.215 -85.743  0.68
2 13  11.0 38.214 -85.752  38.214 -85.742  0.88
3 12  24.0 38.214 -85.751  38.214 -85.743  0.559
4 13  3.0 38.214 -85.751  38.215 -85.743  0.3
7 13  3.0 38.214 -85.751  38.215 -85.743  0.53
7 14  4.0 38.214 -85.752  38.215 -85.742  0.78
2 13  5.0 38.214 -85.751  38.215 -85.743  0.27
1 20  5.0 38.214 -85.751  38.215 -85.743  0.54
1 11  6.0 38.214 -85.751  38.215 -85.743  0.06
3 16  13.0 38.214 -85.751  38.215 -85.743  0.53
4 12  20.0 38.214 -85.751  38.215 -85.743  1.31
4 20  38.0 38.213 -85.749  38.216 -85.745  3.12
7 8  5.0 38.213 -85.749  38.217 -85.745  0.462
3 16  11.0 38.218 -85.751  38.214 -85.743  1.243
2 15  10.0 38.218 -85.75  38.215 -85.744  0.51
4 21  29.0 38.216 -85.749  38.217 -85.745  1.51
2 15  3.0 38.219 -85.75  38.215 -85.744  0.52
4 21  5.0 38.221 -85.751  38.215 -85.743  0.97
7 20  6.0 38.218 -85.749  38.218 -85.745  0.32
1 16  13.0 38.23 -85.749  38.21 -85.745  1.85
7 18  10.0 38.229 -85.751  38.215 -85.743  1.86
5 15  31.0 38.232 -85.751  38.214 -85.743  2.59
2 19  8.0 38.231 -85.75  38.217 -85.744  1.35
5 7  15.0 38.248 -85.753  38.215 -85.741  2.28
7 22  17.0 38.253 -85.753  38.219 -85.741  3.44
2 16  54.0 38.225 -85.753  38.261 -85.741  3.33
6 20  37.0 38.246 -85.753  38.261 -85.741  1.864
7 18  26.0 38.247 -85.753  38.261 -85.741  2.36
7 4  12.0 38.253 -85.753  38.261 -85.741  1.52
7 4  13.0 38.253 -85.753  38.261 -85.741  1.47
7 9  8.0 38.255 -85.752  38.261 -85.742  1.29
7 20  55.0 38.255 -85.752  38.261 -85.742  3.107
7 9  7.0 38.256 -85.752  38.261 -85.742  0.91
6 19  9.0 38.256 -85.75  38.261 -85.744  0.82
7 15  12.0 38.256 -85.753  38.261 -85.741  1.056
6 13  26.0 38.256 -85.752  38.261 -85.742  2.25
7 18  40.0 38.256 -85.753  38.261 -85.741  3.59
4 17  55.0 38.256 -85.753  38.261 -85.741  0.994
1 10  10.0 38.256 -85.753  38.262 -85.741  0.94
3 17  9.0 38.258 -85.75  38.261 -85.744  1.281
2 13  29.0 38.248 -85.753  38.271 -85.741  2.5
7 14  8.0 38.211 -85.748  38.209 -85.745  0.16
2 13  3.0 38.21 -85.75  38.211 -85.743  0.51
4 17  46.0 38.21 -85.748  38.211 -85.745  2.2
3 13  5.0 38.214 -85.75  38.209 -85.743  0.63
4 17  5.0 38.212 -85.752  38.211 -85.741  0.82
6 22  20.0 38.208 -85.751  38.215 -85.742  2.54
6 22  19.0 38.209 -85.751  38.215 -85.742  2.58
2 13  4.0 38.21 -85.748  38.215 -85.745  0.42
7 10  4.0 38.211 -85.75  38.215 -85.743  0.497
4 13  5.0 38.211 -85.75  38.215 -85.743  0.42
3 19  6.0 38.211 -85.749  38.215 -85.744  0.57
7 7  10.0 38.21 -85.752  38.216 -85.741  0.98
1 1  6.0 38.209 -85.748  38.218 -85.745  0.67
3 10  3.0 38.214 -85.751  38.214 -85.742  0.32
5 9  4.0 38.214 -85.751  38.214 -85.742  0.3
2 16  7.0 38.213 -85.752  38.215 -85.741  0.63
4 10  7.0 38.214 -85.751  38.214 -85.742  0.64
2 11  8.0 38.216 -85.752  38.212 -85.741  1.23
7 19  10.0 38.216 -85.749  38.212 -85.744  1.37
3 13  3.0 38.214 -85.751  38.215 -85.742  0.34
7 20  4.0 38.212 -85.748  38.217 -85.745  0.55
6 11  4.0 38.214 -85.751  38.215 -85.742  0.78
4 12  4.0 38.215 -85.75  38.215 -85.743  0.37
4 15  8.0 38.214 -85.751  38.216 -85.742  0.61
3 15  8.0 38.216 -85.75  38.214 -85.743  0.9
6 17  8.0 38.216 -85.749  38.215 -85.744  1.32
5 17  5.0 38.219 -85.748  38.214 -85.745  0.42
6 19  10.0 38.217 -85.748  38.217 -85.745  0.19
7 20  8.0 38.217 -85.749  38.218 -85.744  0.46
6 13  5.0 38.222 -85.749  38.216 -85.744  0.34
1 16  21.0 38.246 -85.751  38.215 -85.742  2.94
4 15  31.0 38.254 -85.749  38.218 -85.744  3.37
1 12  20.0 38.251 -85.75  38.263 -85.743  0.86
6 19  44.0 38.253 -85.752  38.261 -85.741  4.1
1 8  6.0 38.255 -85.748  38.261 -85.745  0.68
5 21  11.0 38.255 -85.752  38.261 -85.741  1.4
7 9  10.0 38.256 -85.752  38.261 -85.741  0.69
1 10  11.0 38.256 -85.752  38.261 -85.741  1.26
2 15  21.0 38.256 -85.751  38.261 -85.742  2.1
4 19  24.0 38.256 -85.748  38.261 -85.745  2.858
4 13  14.0 38.258 -85.752  38.262 -85.741  0.98
6 14  33.0 38.258 -85.75  38.262 -85.743  4.24
3 18  5.0 38.21 -85.747  38.209 -85.745  0.65
7 15  20.0 38.215 -85.749  38.204 -85.743  1.25
3 18  24.0 38.209 -85.747  38.211 -85.745  0.808
2 8  4.0 38.212 -85.751  38.209 -85.741  0.84
7 19  5.0 38.21 -85.748  38.211 -85.744  0.62
3 12  7.0 38.211 -85.747  38.21 -85.745  0.87
5 10  4.0 38.213 -85.747  38.209 -85.745  0.45
6 15  5.0 38.209 -85.751  38.213 -85.741  0.72
6 12  7.0 38.211 -85.748  38.211 -85.744  0.16
5 13  8.0 38.207 -85.748  38.215 -85.744  0.71
7 21  6.0 38.211 -85.747  38.213 -85.745  0.62
1 15  13.0 38.215 -85.747  38.209 -85.745  1.28
4 9  24.0 38.212 -85.749  38.214 -85.743  0.61
2 13  4.0 38.212 -85.75  38.215 -85.742  0.55
5 16  54.0 38.212 -85.747  38.215 -85.745  1.0
1 13  3.0 38.213 -85.747  38.215 -85.745  0.38
2 15  5.0 38.211 -85.75  38.217 -85.742  0.62
1 14  26.0 38.212 -85.751  38.216 -85.741  1.9
4 13  33.0 38.213 -85.747  38.215 -85.745  2.61
3 17  25.0 38.213 -85.747  38.216 -85.745  0.82
2 15  5.0 38.215 -85.75  38.215 -85.742  0.56
3 8  8.0 38.215 -85.751  38.215 -85.741  1.02
7 17  9.0 38.215 -85.748  38.215 -85.744  0.86
2 10  13.0 38.214 -85.747  38.216 -85.745  1.54
7 18  17.0 38.212 -85.75  38.218 -85.742  2.55
7 23  36.0 38.216 -85.747  38.214 -85.745  3.107
3 17  22.0 38.214 -85.747  38.217 -85.745  0.77
4 11  46.0 38.216 -85.749  38.215 -85.743  3.47
1 14  30.0 38.217 -85.747  38.215 -85.745  0.61
6 12  3.0 38.218 -85.749  38.215 -85.743  0.48
2 12  2.0 38.216 -85.747  38.218 -85.745  0.3
7 15  4.0 38.217 -85.75  38.217 -85.742  0.53
6 20  25.0 38.216 -85.748  38.218 -85.744  1.03
2 11  3.0 38.218 -85.748  38.217 -85.744  0.45
2 18  7.0 38.222 -85.75  38.214 -85.742  0.91
6 16  25.0 38.223 -85.751  38.217 -85.741  2.36
5 16  44.0 38.255 -85.75  38.261 -85.742  2.47
6 13  11.0 38.256 -85.75  38.261 -85.742  1.57
4 16  13.0 38.255 -85.747  38.262 -85.745  0.68
1 18  5.0 38.257 -85.751  38.261 -85.741  0.68
1 12  32.0 38.256 -85.75  38.262 -85.742  3.06
1 17  9.0 38.257 -85.749  38.262 -85.743  0.68
5 17  16.0 38.258 -85.751  38.261 -85.741  0.74
5 17  27.0 38.258 -85.749  38.261 -85.743  0.81
1 18  41.0 38.259 -85.75  38.261 -85.742  1.77
1 20  8.0 38.26 -85.749  38.261 -85.743  0.74
7 11  17.0 38.213 -85.746  38.206 -85.745  1.77
6 7  8.0 38.21 -85.746  38.21 -85.745  0.83
4 6  4.0 38.214 -85.748  38.207 -85.743  0.33
6 5  4.0 38.21 -85.748  38.214 -85.743  0.3
7 8  4.0 38.21 -85.748  38.214 -85.743  0.42
3 10  4.0 38.21 -85.748  38.215 -85.743  0.32
2 9  4.0 38.21 -85.748  38.215 -85.743  0.39
1 16  4.0 38.21 -85.748  38.215 -85.743  0.43
7 11  2.0 38.212 -85.747  38.214 -85.744  0.22
5 16  4.0 38.21 -85.746  38.216 -85.745  0.43
6 20  3.0 38.214 -85.746  38.214 -85.745  0.124
7 17  9.0 38.213 -85.747  38.215 -85.744  0.87
7 17  9.0 38.213 -85.747  38.215 -85.744  0.87
6 17  2.0 38.214 -85.748  38.216 -85.743  0.34
3 15  5.0 38.212 -85.746  38.219 -85.745  0.45
7 16  6.0 38.212 -85.749  38.219 -85.742  0.85
4 16  3.0 38.217 -85.746  38.216 -85.745  0.11
3 13  5.0 38.217 -85.746  38.217 -85.745  0.68
7 20  47.0 38.217 -85.746  38.217 -85.745  2.38
3 13  4.0 38.217 -85.748  38.219 -85.743  0.28
4 9  4.0 38.222 -85.747  38.218 -85.744  0.59
3 19  31.0 38.225 -85.75  38.219 -85.741  3.86
2 5  11.0 38.242 -85.746  38.216 -85.745  1.91
6 11  25.0 38.245 -85.749  38.214 -85.742  3.02
5 15  4.0 38.255 -85.749  38.261 -85.742  0.42
3 20  5.0 38.257 -85.75  38.261 -85.741  0.54
2 20  9.0 38.257 -85.747  38.261 -85.744  0.25
4 19  12.0 38.257 -85.75  38.261 -85.741  0.87
6 17  33.0 38.257 -85.75  38.261 -85.741  2.36
7 14  36.0 38.256 -85.75  38.262 -85.741  1.33
1 18  4.0 38.258 -85.747  38.261 -85.744  0.45
6 11  6.0 38.258 -85.749  38.261 -85.742  0.69
7 15  12.0 38.258 -85.75  38.261 -85.741  1.06
3 15  11.0 38.258 -85.75  38.262 -85.741  1.926
2 18  7.0 38.26 -85.746  38.261 -85.745  0.21
6 17  9.0 38.26 -85.746  38.261 -85.745  0.34
7 18  4.0 38.21 -85.746  38.21 -85.744  0.37
2 17  8.0 38.21 -85.745  38.21 -85.745  0.15
3 12  10.0 38.21 -85.745  38.21 -85.745  0.42
6 8  18.0 38.21 -85.745  38.21 -85.745  1.05
6 8  18.0 38.21 -85.745  38.21 -85.745  1.21
2 18  4.0 38.209 -85.749  38.212 -85.741  0.41
4 7  5.0 38.214 -85.748  38.207 -85.742  0.7
6 19  6.0 38.21 -85.746  38.211 -85.744  1.04
6 6  3.0 38.212 -85.748  38.21 -85.742  0.55
3 11  4.0 38.211 -85.749  38.212 -85.741  0.32
1 10  5.0 38.206 -85.745  38.217 -85.745  0.75
3 16  47.0 38.211 -85.745  38.212 -85.745  2.12
5 12  3.0 38.214 -85.745  38.211 -85.745  0.12
4 8  3.0 38.21 -85.748  38.215 -85.742  0.36
6 9  3.0 38.21 -85.748  38.215 -85.742  0.39
2 9  3.0 38.21 -85.748  38.215 -85.742  0.48
2 9  4.0 38.21 -85.748  38.215 -85.742  0.31
7 8  4.0 38.21 -85.748  38.215 -85.742  0.33
2 10  4.0 38.21 -85.748  38.215 -85.742  0.34
2 8  4.0 38.21 -85.748  38.215 -85.742  0.35
7 3  4.0 38.21 -85.747  38.215 -85.743  0.35
6 5  4.0 38.21 -85.748  38.215 -85.742  0.36
2 8  4.0 38.21 -85.748  38.215 -85.742  0.36
2 9  4.0 38.21 -85.748  38.215 -85.742  0.41
7 12  4.0 38.21 -85.748  38.215 -85.742  0.44
7 16  4.0 38.21 -85.748  38.215 -85.742  0.5
6 10  5.0 38.21 -85.748  38.215 -85.742  0.44
6 19  8.0 38.212 -85.745  38.213 -85.745  0.43
1 11  5.0 38.211 -85.747  38.215 -85.743  0.497
1 14  4.0 38.213 -85.747  38.214 -85.743  0.25
2 18  5.0 38.213 -85.747  38.215 -85.743  0.24
3 16  6.0 38.213 -85.748  38.215 -85.742  0.68
7 19  13.0 38.213 -85.747  38.215 -85.743  1.081
7 8  19.0 38.213 -85.748  38.215 -85.742  0.5
7 9  33.0 38.213 -85.747  38.215 -85.743  2.98
7 23  36.0 38.213 -85.747  38.215 -85.743  4.909
7 18  37.0 38.213 -85.747  38.215 -85.743  4.73
5 8  3.0 38.212 -85.749  38.217 -85.741  0.46
4 7  3.0 38.214 -85.747  38.215 -85.743  0.51
1 20  12.0 38.215 -85.749  38.214 -85.741  1.553
5 9  3.0 38.213 -85.747  38.217 -85.743  0.17
6 17  4.0 38.213 -85.747  38.217 -85.743  0.37
7 16  6.0 38.211 -85.748  38.219 -85.742  0.54
7 17  7.0 38.215 -85.749  38.215 -85.741  0.56
4 21  8.0 38.215 -85.746  38.215 -85.744  0.562
3 13  10.0 38.215 -85.745  38.215 -85.745  0.17
1 13  10.0 38.215 -85.745  38.215 -85.745  0.53
2 12  11.0 38.215 -85.745  38.215 -85.745  1.79
2 12  13.0 38.215 -85.745  38.215 -85.745  1.4
3 12  31.0 38.215 -85.745  38.215 -85.745  1.56
2 15  32.0 38.215 -85.745  38.215 -85.745  2.42
2 18  13.0 38.216 -85.746  38.215 -85.744  1.49
6 13  2.0 38.216 -85.745  38.216 -85.745  0.23
5 15  4.0 38.216 -85.745  38.216 -85.745  0.48
6 16  4.0 38.218 -85.745  38.214 -85.745  0.68
6 19  11.0 38.216 -85.745  38.216 -85.745  1.06
7 20  12.0 38.216 -85.745  38.216 -85.745  0.79
6 12  16.0 38.216 -85.745  38.216 -85.745  0.2
6 20  23.0 38.216 -85.745  38.216 -85.745  0.27
6 16  35.0 38.216 -85.745  38.216 -85.745  3.49
2 17  46.0 38.216 -85.745  38.216 -85.745  1.8
5 0  3.0 38.217 -85.746  38.216 -85.744  0.18
6 12  45.0 38.217 -85.745  38.216 -85.745  2.84
4 16  5.0 38.217 -85.745  38.217 -85.745  0.11
4 3  6.0 38.217 -85.745  38.217 -85.745  0.11
6 13  11.0 38.217 -85.745  38.217 -85.745  0.51
7 20  13.0 38.217 -85.745  38.217 -85.745  0.31
4 16  14.0 38.217 -85.745  38.217 -85.745  0.18
7 23  20.0 38.217 -85.745  38.217 -85.745  0.85
7 20  46.0 38.217 -85.745  38.217 -85.745  2.32
7 13  6.0 38.22 -85.748  38.215 -85.742  0.38
6 11  7.0 38.217 -85.746  38.218 -85.744  0.18
6 20  36.0 38.217 -85.746  38.218 -85.744  4.35
5 16  2.0 38.217 -85.747  38.219 -85.743  0.23
7 12  21.0 38.244 -85.746  38.214 -85.744  4.039
6 19  13.0 38.245 -85.746  38.214 -85.744  2.16
2 19  12.0 38.244 -85.747  38.216 -85.743  1.83
5 11  16.0 38.252 -85.746  38.215 -85.744  2.82
4 18  18.0 38.254 -85.747  38.217 -85.743  3.09
5 8  28.0 38.252 -85.746  38.261 -85.744  4.0
5 23  21.0 38.253 -85.749  38.261 -85.741  0.93
4 18  14.0 38.254 -85.749  38.261 -85.741  0.74
4 12  28.0 38.256 -85.748  38.261 -85.742  2.485
7 20  44.0 38.256 -85.749  38.261 -85.741  2.548
7 13  40.0 38.256 -85.749  38.262 -85.741  3.11
6 17  49.0 38.257 -85.748  38.261 -85.742  1.429
1 9  7.0 38.258 -85.745  38.261 -85.745  0.84
7 17  10.0 38.258 -85.749  38.261 -85.741  0.58
1 16  14.0 38.258 -85.745  38.261 -85.745  1.42
7 20  17.0 38.258 -85.746  38.261 -85.744  0.435
3 13  22.0 38.258 -85.745  38.261 -85.745  1.92
4 14  29.0 38.258 -85.745  38.261 -85.745  2.1
7 11  32.0 38.258 -85.746  38.261 -85.744  1.52
1 20  38.0 38.258 -85.745  38.261 -85.745  2.858
7 14  53.0 38.257 -85.748  38.262 -85.742  1.491
1 10  4.0 38.259 -85.748  38.261 -85.742  0.45
6 20  5.0 38.259 -85.745  38.261 -85.745  0.17
4 21  19.0 38.248 -85.749  38.272 -85.741  3.02
4 18  8.0 38.255 -85.747  38.266 -85.743  1.11
6 19  9.0 38.26 -85.749  38.261 -85.741  0.92
1 17  6.0 38.21 -85.744  38.209 -85.745  0.69
6 6  43.0 38.209 -85.745  38.211 -85.744  2.29
4 7  3.0 38.214 -85.746  38.207 -85.743  0.76
7 9  5.0 38.208 -85.748  38.215 -85.741  0.62
6 11  27.0 38.212 -85.744  38.211 -85.745  1.8
5 17  13.0 38.21 -85.747  38.214 -85.742  1.616
6 9  4.0 38.21 -85.747  38.215 -85.742  0.11
6 23  4.0 38.211 -85.746  38.215 -85.743  0.4
7 18  5.0 38.217 -85.745  38.209 -85.744  0.96
5 13  7.0 38.211 -85.747  38.215 -85.742  0.5
7 12  4.0 38.212 -85.747  38.216 -85.742  0.38
4 14  4.0 38.217 -85.747  38.211 -85.742  0.52
6 17  4.0 38.212 -85.748  38.216 -85.741  0.559
1 12  6.0 38.212 -85.745  38.216 -85.744  0.041
2 10  12.0 38.215 -85.745  38.213 -85.744  0.87
7 20  4.0 38.21 -85.747  38.219 -85.742  0.92
1 1  5.0 38.211 -85.744  38.218 -85.745  0.63
1 1  6.0 38.211 -85.744  38.218 -85.745  0.64
2 17  4.0 38.215 -85.747  38.215 -85.742  0.44
6 8  19.0 38.215 -85.744  38.215 -85.745  1.45
7 8  53.0 38.216 -85.747  38.214 -85.742  3.9
2 15  16.0 38.215 -85.744  38.216 -85.745  0.36
6 18  43.0 38.215 -85.748  38.216 -85.741  4.06
7 11  3.0 38.217 -85.746  38.215 -85.743  0.05
7 23  3.0 38.217 -85.746  38.215 -85.743  0.26
7 23  4.0 38.217 -85.746  38.215 -85.743  0.35
2 20  8.0 38.217 -85.746  38.215 -85.743  0.25
2 20  9.0 38.217 -85.746  38.215 -85.743  0.26
3 22  13.0 38.216 -85.744  38.216 -85.745  0.49
7 8  48.0 38.217 -85.746  38.215 -85.743  3.82
1 1  43.0 38.218 -85.746  38.215 -85.743  0.25
7 11  25.0 38.218 -85.746  38.216 -85.743  4.05
4 15  16.0 38.216 -85.745  38.219 -85.744  1.35
4 15  16.0 38.217 -85.745  38.219 -85.744  1.15
7 20  46.0 38.218 -85.745  38.219 -85.744  2.33
5 14  3.0 38.222 -85.748  38.216 -85.741  0.65
5 7  4.0 38.223 -85.744  38.217 -85.745  0.8
1 16  38.0 38.232 -85.746  38.21 -85.743  2.237
2 12  11.0 38.229 -85.747  38.215 -85.742  2.032
6 11  26.0 38.247 -85.747  38.212 -85.742  3.48
6 22  12.0 38.246 -85.745  38.215 -85.744  2.24
6 22  17.0 38.246 -85.745  38.216 -85.744  2.237
5 22  20.0 38.252 -85.747  38.261 -85.742  0.994
7 19  11.0 38.254 -85.748  38.261 -85.741  0.684
1 12  55.0 38.255 -85.745  38.261 -85.744  3.169
7 17  12.0 38.256 -85.747  38.261 -85.742  1.64
7 19  21.0 38.256 -85.748  38.261 -85.741  1.243
6 11  21.0 38.256 -85.747  38.261 -85.742  1.48
6 9  11.0 38.258 -85.745  38.261 -85.744  0.621
4 1  18.0 38.258 -85.745  38.261 -85.744  0.44
2 18  18.0 38.258 -85.747  38.261 -85.742  1.28
1 14  25.0 38.258 -85.747  38.261 -85.742  2.1
3 14  25.0 38.247 -85.744  38.272 -85.745  3.47
2 13  30.0 38.258 -85.745  38.261 -85.744  3.355
1 14  34.0 38.258 -85.745  38.261 -85.744  2.87
7 9  37.0 38.258 -85.745  38.261 -85.744  2.36
1 16  49.0 38.258 -85.745  38.261 -85.744  2.17
4 20  5.0 38.258 -85.745  38.262 -85.744  0.249
3 12  24.0 38.258 -85.747  38.262 -85.742  2.64
7 14  8.0 38.259 -85.748  38.262 -85.741  1.09
7 16  7.0 38.21 -85.743  38.209 -85.745  0.27
6 7  8.0 38.21 -85.745  38.21 -85.743  0.58
5 12  11.0 38.21 -85.744  38.21 -85.744  0.17
7 16  6.0 38.217 -85.744  38.21 -85.744  0.49
4 21  16.0 38.213 -85.744  38.214 -85.744  0.621
6 20  5.0 38.213 -85.746  38.215 -85.742  0.08
7 17  5.0 38.216 -85.744  38.212 -85.744  0.559
2 10  8.0 38.214 -85.744  38.214 -85.744  0.4
7 12  3.0 38.216 -85.747  38.213 -85.741  0.32
2 10  4.0 38.214 -85.744  38.215 -85.744  0.51
6 10  3.0 38.215 -85.744  38.215 -85.744  0.1
3 13  4.0 38.215 -85.744  38.215 -85.744  0.51
1 2  5.0 38.215 -85.745  38.215 -85.743  0.26
2 11  14.0 38.215 -85.744  38.215 -85.744  1.72
4 19  15.0 38.214 -85.743  38.216 -85.745  0.25
2 16  16.0 38.215 -85.744  38.215 -85.744  0.22
2 10  16.0 38.215 -85.744  38.215 -85.744  1.17
2 9  21.0 38.215 -85.743  38.215 -85.745  0.98
6 20  29.0 38.215 -85.744  38.215 -85.744  1.18
7 7  49.0 38.214 -85.743  38.216 -85.745  0.59
6 19  2.0 38.217 -85.746  38.214 -85.742  0.4
4 17  11.0 38.214 -85.743  38.217 -85.745  1.65
6 3  5.0 38.213 -85.747  38.219 -85.741  0.73
6 20  48.0 38.216 -85.745  38.216 -85.743  3.04
7 13  6.0 38.218 -85.746  38.215 -85.742  0.36
7 18  6.0 38.218 -85.746  38.215 -85.742  0.55
7 18  6.0 38.219 -85.746  38.215 -85.742  0.52
7 14  13.0 38.218 -85.747  38.216 -85.741  1.71
6 17  7.0 38.222 -85.743  38.213 -85.745  0.9
6 7  23.0 38.22 -85.746  38.215 -85.742  3.0
7 15  6.0 38.22 -85.747  38.216 -85.741  0.57
6 21  7.0 38.217 -85.746  38.219 -85.742  0.32
6 10  16.0 38.217 -85.744  38.219 -85.744  2.72
6 21  9.0 38.218 -85.746  38.219 -85.742  0.4
3 9  4.0 38.22 -85.745  38.218 -85.743  0.124
4 16  7.0 38.219 -85.744  38.219 -85.744  0.41
5 1  7.0 38.225 -85.746  38.213 -85.742  1.0
6 16  9.0 38.225 -85.743  38.216 -85.745  1.1
6 16  9.0 38.225 -85.743  38.216 -85.745  1.12
6 16  10.0 38.225 -85.743  38.216 -85.745  1.06
5 12  19.0 38.232 -85.747  38.262 -85.741  2.27
4 19  18.0 38.236 -85.747  38.27 -85.741  2.548
4 17  25.0 38.255 -85.745  38.261 -85.743  1.84
5 14  8.0 38.256 -85.746  38.261 -85.742  0.52
6 12  15.0 38.256 -85.747  38.261 -85.741  1.118
1 11  39.0 38.255 -85.743  38.262 -85.745  4.61
1 17  3.0 38.257 -85.747  38.261 -85.741  0.31
4 18  9.0 38.256 -85.747  38.262 -85.741  0.808
4 18  7.0 38.258 -85.747  38.261 -85.741  0.5
6 18  9.0 38.258 -85.747  38.261 -85.741  0.58
2 16  12.0 38.258 -85.746  38.261 -85.742  0.88
7 11  14.0 38.258 -85.746  38.261 -85.742  1.41
7 11  16.0 38.258 -85.746  38.261 -85.742  0.26
3 13  20.0 38.258 -85.745  38.261 -85.743  3.37
3 13  20.0 38.258 -85.745  38.261 -85.743  3.58
7 20  21.0 38.258 -85.746  38.261 -85.742  1.54
1 18  26.0 38.258 -85.746  38.261 -85.742  3.08
2 21  30.0 38.258 -85.746  38.261 -85.742  2.44
1 15  30.0 38.258 -85.745  38.261 -85.743  3.9
1 16  36.0 38.258 -85.746  38.261 -85.742  2.299
7 13  40.0 38.257 -85.746  38.262 -85.742  3.34
1 14  44.0 38.258 -85.746  38.261 -85.742  2.57
4 16  44.0 38.258 -85.745  38.261 -85.743  3.4
4 16  46.0 38.256 -85.747  38.263 -85.741  3.88
7 14  51.0 38.257 -85.746  38.262 -85.742  1.28
7 16  4.0 38.259 -85.746  38.261 -85.742  0.39
6 8  5.0 38.259 -85.746  38.261 -85.742  0.75
6 17  15.0 38.258 -85.746  38.262 -85.742  1.18
4 14  6.0 38.259 -85.745  38.262 -85.743  0.684
6 17  12.0 38.26 -85.746  38.261 -85.742  1.05
2 13  4.0 38.21 -85.745  38.215 -85.742  0.35
5 14  4.0 38.214 -85.745  38.211 -85.742  0.373
2 14  5.0 38.215 -85.742  38.21 -85.745  0.13
7 22  6.0 38.217 -85.743  38.208 -85.744  0.55
1 12  26.0 38.21 -85.743  38.215 -85.744  1.82
2 10  4.0 38.213 -85.743  38.215 -85.744  0.35
7 8  5.0 38.214 -85.743  38.214 -85.744  0.15
5 13  7.0 38.213 -85.745  38.216 -85.742  0.28
7 18  3.0 38.217 -85.745  38.213 -85.742  0.32
3 13  13.0 38.215 -85.743  38.215 -85.744  0.33
4 15  25.0 38.214 -85.743  38.216 -85.744  3.07
2 10  29.0 38.215 -85.744  38.215 -85.743  1.34
7 8  41.0 38.215 -85.744  38.215 -85.743  3.45
3 19  3.0 38.213 -85.743  38.218 -85.744  0.249
7 20  3.0 38.217 -85.746  38.214 -85.741  0.5
1 1  5.0 38.217 -85.746  38.214 -85.741  0.45
2 17  6.0 38.216 -85.742  38.215 -85.745  0.79
6 0  14.0 38.215 -85.743  38.216 -85.744  1.01
6 20  19.0 38.216 -85.743  38.215 -85.744  0.99
2 12  26.0 38.216 -85.743  38.215 -85.744  2.03
7 11  3.0 38.216 -85.743  38.216 -85.744  0.127
6 20  6.0 38.22 -85.743  38.212 -85.744  0.684
3 20  10.0 38.217 -85.743  38.215 -85.744  0.373
1 7  11.0 38.213 -85.745  38.219 -85.742  0.76
4 16  42.0 38.215 -85.742  38.217 -85.745  2.49
3 18  4.0 38.217 -85.745  38.216 -85.742  0.24
7 22  30.0 38.217 -85.744  38.216 -85.743  0.39
2 20  3.0 38.218 -85.742  38.216 -85.745  0.36
4 20  5.0 38.222 -85.743  38.213 -85.744  0.65
7 7  6.0 38.218 -85.743  38.217 -85.744  0.249
2 6  5.0 38.22 -85.745  38.216 -85.742  0.48
4 16  4.0 38.219 -85.743  38.219 -85.744  0.14
7 23  5.0 38.219 -85.745  38.219 -85.742  0.49
2 16  20.0 38.219 -85.743  38.219 -85.744  2.29
5 11  16.0 38.251 -85.743  38.261 -85.744  2.39
1 19  20.0 38.252 -85.744  38.261 -85.743  0.91
4 10  5.0 38.253 -85.746  38.261 -85.741  0.83
5 20  43.0 38.254 -85.746  38.261 -85.741  4.13
2 19  14.0 38.255 -85.746  38.261 -85.741  1.056
1 16  23.0 38.255 -85.742  38.261 -85.745  0.661
1 14  52.0 38.255 -85.746  38.261 -85.741  0.58
7 20  4.0 38.256 -85.746  38.261 -85.741  0.49
7 18  6.0 38.256 -85.746  38.261 -85.741  0.503
7 20  6.0 38.256 -85.746  38.261 -85.741  0.52
2 14  31.0 38.256 -85.743  38.261 -85.744  2.63
6 17  3.0 38.257 -85.745  38.261 -85.742  0.44
7 16  11.0 38.257 -85.746  38.261 -85.741  0.497
2 14  37.0 38.257 -85.745  38.261 -85.742  3.49
2 14  41.0 38.257 -85.745  38.261 -85.742  3.52
3 19  4.0 38.258 -85.745  38.261 -85.742  0.39
1 11  4.0 38.258 -85.745  38.261 -85.742  0.44
7 6  4.0 38.258 -85.745  38.261 -85.742  0.53
7 11  6.0 38.258 -85.746  38.261 -85.741  0.21
7 11  9.0 38.258 -85.746  38.261 -85.741  0.36
6 17  9.0 38.258 -85.745  38.261 -85.742  0.43
4 21  9.0 38.258 -85.745  38.261 -85.742  0.79
6 18  10.0 38.258 -85.746  38.261 -85.741  0.81
7 8  11.0 38.258 -85.745  38.261 -85.742  0.66
3 17  14.0 38.258 -85.745  38.261 -85.742  0.88
3 16  14.0 38.258 -85.746  38.261 -85.741  1.46
7 8  18.0 38.258 -85.745  38.261 -85.742  0.78
1 12  19.0 38.258 -85.745  38.261 -85.742  3.84
1 12  21.0 38.258 -85.745  38.261 -85.742  3.07
1 18  22.0 38.258 -85.745  38.261 -85.742  0.13
1 15  23.0 38.258 -85.745  38.261 -85.742  0.55
1 13  27.0 38.258 -85.745  38.261 -85.742  1.81
1 10  30.0 38.258 -85.746  38.261 -85.741  1.57
1 12  31.0 38.258 -85.745  38.261 -85.742  4.1
7 17  36.0 38.258 -85.746  38.261 -85.741  1.57
7 17  36.0 38.258 -85.746  38.261 -85.741  1.83
7 17  39.0 38.258 -85.745  38.261 -85.742  1.64
2 15  40.0 38.258 -85.745  38.261 -85.742  1.57
1 11  42.0 38.258 -85.745  38.261 -85.742  4.26
1 14  44.0 38.258 -85.746  38.261 -85.741  2.59
6 14  47.0 38.258 -85.745  38.261 -85.742  4.163
5 21  6.0 38.259 -85.746  38.261 -85.741  0.34
6 17  8.0 38.259 -85.745  38.261 -85.742  0.96
6 17  10.0 38.258 -85.745  38.262 -85.742  1.0
6 17  12.0 38.258 -85.745  38.262 -85.742  0.49
6 16  17.0 38.259 -85.745  38.261 -85.742  0.87
6 15  21.0 38.259 -85.742  38.261 -85.745  0.24
5 17  27.0 38.259 -85.745  38.261 -85.742  3.72
1 14  32.0 38.258 -85.745  38.262 -85.742  2.05
7 15  35.0 38.258 -85.745  38.262 -85.742  0.31
7 11  35.0 38.258 -85.746  38.262 -85.741  2.69
7 16  36.0 38.258 -85.745  38.262 -85.742  2.42
1 8  38.0 38.258 -85.745  38.262 -85.742  2.68
7 13  40.0 38.258 -85.745  38.262 -85.742  3.26
4 14  55.0 38.258 -85.745  38.262 -85.742  2.41
4 16  3.0 38.26 -85.746  38.261 -85.741  0.39
7 21  6.0 38.26 -85.743  38.261 -85.744  0.23
1 13  12.0 38.253 -85.742  38.268 -85.745  1.988
5 18  14.0 38.213 -85.741  38.208 -85.745  0.67
3 16  24.0 38.211 -85.745  38.211 -85.741  0.38
6 16  5.0 38.209 -85.744  38.216 -85.742  0.62
7 11  52.0 38.213 -85.743  38.213 -85.743  0.57
7 20  15.0 38.217 -85.741  38.21 -85.745  0.69
6 8  3.0 38.214 -85.743  38.214 -85.743  0.54
5 15  7.0 38.215 -85.744  38.213 -85.742  0.92
6 1  12.0 38.214 -85.743  38.214 -85.743  1.14
6 1  12.0 38.214 -85.743  38.214 -85.743  1.17
6 1  12.0 38.214 -85.743  38.214 -85.743  1.3
3 1  43.0 38.214 -85.743  38.214 -85.743  4.55
3 1  44.0 38.214 -85.743  38.214 -85.743  4.51
2 10  2.0 38.214 -85.743  38.215 -85.743  0.34
2 10  9.0 38.215 -85.743  38.214 -85.743  0.41
4 19  26.0 38.214 -85.743  38.215 -85.743  2.84
4 9  3.0 38.215 -85.743  38.215 -85.743  0.09
5 22  3.0 38.215 -85.743  38.215 -85.743  0.373
4 22  6.0 38.215 -85.743  38.215 -85.743  0.06
1 0  6.0 38.215 -85.743  38.215 -85.743  0.311
6 13  6.0 38.214 -85.741  38.216 -85.745  0.59
1 14  11.0 38.215 -85.743  38.215 -85.743  0.3
6 14  13.0 38.215 -85.743  38.215 -85.743  1.33
7 23  32.0 38.215 -85.743  38.215 -85.743  3.83
1 14  6.0 38.216 -85.744  38.215 -85.742  0.11
4 11  6.0 38.214 -85.741  38.217 -85.745  0.68
4 15  8.0 38.216 -85.744  38.215 -85.742  0.186
5 7  17.0 38.213 -85.742  38.218 -85.744  0.35
5 17  30.0 38.215 -85.743  38.216 -85.743  1.39
3 8  9.0 38.216 -85.743  38.216 -85.743  0.33
7 18  10.0 38.216 -85.743  38.216 -85.743  0.97
3 19  3.0 38.218 -85.744  38.217 -85.742  0.05
7 12  14.0 38.218 -85.743  38.217 -85.743  0.932
2 20  14.0 38.226 -85.741  38.21 -85.745  1.429
4 20  16.0 38.218 -85.742  38.219 -85.744  1.75
7 20  4.0 38.22 -85.742  38.219 -85.744  0.124
7 11  9.0 38.225 -85.743  38.216 -85.743  0.72
5 21  18.0 38.225 -85.741  38.216 -85.745  2.237
3 14  13.0 38.228 -85.743  38.215 -85.743  1.34
3 16  4.0 38.228 -85.742  38.219 -85.744  0.76
6 17  20.0 38.23 -85.742  38.218 -85.744  1.61
5 17  9.0 38.239 -85.741  38.215 -85.745  1.54
2 13  35.0 38.257 -85.741  38.202 -85.745  4.43
7 8  40.0 38.256 -85.743  38.215 -85.743  4.81
4 15  19.0 38.23 -85.745  38.261 -85.741  3.0
5 21  14.0 38.248 -85.745  38.261 -85.741  0.92
5 17  12.0 38.25 -85.745  38.261 -85.741  1.32
3 13  19.0 38.255 -85.745  38.261 -85.741  2.18
1 19  20.0 38.255 -85.745  38.261 -85.741  1.74
3 17  22.0 38.255 -85.745  38.261 -85.741  2.61
3 13  42.0 38.255 -85.745  38.261 -85.741  4.09
6 4  16.0 38.256 -85.745  38.261 -85.741  1.11
4 19  20.0 38.256 -85.741  38.261 -85.745  1.678
1 0  6.0 38.257 -85.745  38.261 -85.741  0.35
1 0  6.0 38.257 -85.745  38.261 -85.741  0.37
1 16  6.0 38.257 -85.745  38.261 -85.741  0.41
7 20  8.0 38.257 -85.745  38.261 -85.741  0.66
1 14  9.0 38.257 -85.745  38.261 -85.741  0.7
5 21  4.0 38.258 -85.745  38.261 -85.741  0.38
6 20  4.0 38.258 -85.745  38.261 -85.741  0.4
4 10  4.0 38.258 -85.745  38.261 -85.741  0.6
6 19  5.0 38.258 -85.745  38.261 -85.741  0.33
6 20  5.0 38.258 -85.745  38.261 -85.741  0.36
6 20  5.0 38.258 -85.745  38.261 -85.741  0.37
6 19  5.0 38.258 -85.745  38.261 -85.741  0.39
6 19  6.0 38.258 -85.745  38.261 -85.741  0.39
4 18  6.0 38.258 -85.745  38.261 -85.741  0.41
6 17  6.0 38.258 -85.745  38.261 -85.741  0.48
5 21  7.0 38.258 -85.745  38.261 -85.741  0.37
7 12  7.0 38.258 -85.745  38.261 -85.741  0.44
7 15  8.0 38.258 -85.744  38.261 -85.742  0.51
1 18  9.0 38.258 -85.745  38.261 -85.741  0.57
4 11  9.0 38.258 -85.745  38.261 -85.741  0.85
7 20  10.0 38.258 -85.745  38.261 -85.741  0.78
5 15  11.0 38.258 -85.745  38.261 -85.741  1.34
2 19  12.0 38.258 -85.745  38.261 -85.741  0.72
7 20  14.0 38.258 -85.745  38.261 -85.741  0.81
3 16  14.0 38.258 -85.745  38.261 -85.741  1.37
2 12  15.0 38.257 -85.745  38.262 -85.741  1.22
2 14  15.0 38.257 -85.745  38.262 -85.741  1.5
1 14  21.0 38.258 -85.745  38.261 -85.741  1.33
4 17  22.0 38.258 -85.745  38.261 -85.741  2.15
1 10  25.0 38.258 -85.745  38.261 -85.741  3.02
1 14  26.0 38.258 -85.745  38.261 -85.741  1.22
3 14  26.0 38.258 -85.745  38.261 -85.741  2.81
3 14  26.0 38.258 -85.745  38.261 -85.741  3.2
4 18  31.0 38.249 -85.744  38.27 -85.742  3.604
6 12  34.0 38.258 -85.745  38.261 -85.741  3.31
6 18  38.0 38.258 -85.745  38.261 -85.741  2.69
1 15  40.0 38.258 -85.745  38.261 -85.741  5.0
3 13  42.0 38.258 -85.745  38.261 -85.741  4.68
5 15  42.0 38.258 -85.745  38.261 -85.741  4.83
3 13  43.0 38.258 -85.745  38.261 -85.741  3.94
4 15  49.0 38.258 -85.745  38.261 -85.741  4.49
7 14  52.0 38.257 -85.745  38.262 -85.741  3.65
1 17  55.0 38.258 -85.745  38.261 -85.741  3.33
7 21  4.0 38.259 -85.742  38.261 -85.744  0.08
4 16  4.0 38.259 -85.745  38.261 -85.741  0.19
2 14  15.0 38.258 -85.745  38.262 -85.741  1.47
4 18  32.0 38.258 -85.745  38.262 -85.741  3.63
7 16  35.0 38.258 -85.745  38.262 -85.741  2.41
7 11  37.0 38.258 -85.745  38.262 -85.741  2.93
5 17  3.0 38.26 -85.743  38.261 -85.743  0.09
6 19  5.0 38.208 -85.743  38.215 -85.742  0.52
6 15  3.0 38.211 -85.741  38.213 -85.744  0.25
2 14  8.0 38.213 -85.743  38.213 -85.742  0.86
2 10  31.0 38.214 -85.743  38.213 -85.742  1.4
1 17  34.0 38.211 -85.744  38.216 -85.741  2.705
2 20  5.0 38.213 -85.741  38.215 -85.744  0.27
7 19  3.0 38.214 -85.744  38.215 -85.741  0.25
5 17  27.0 38.214 -85.742  38.215 -85.743  1.03
6 18  53.0 38.213 -85.744  38.216 -85.741  4.49
3 23  34.0 38.214 -85.742  38.216 -85.743  0.61
6 12  21.0 38.215 -85.74  38.216 -85.745  0.81
5 13  26.0 38.217 -85.742  38.215 -85.743  0.78
7 21  27.0 38.216 -85.742  38.216 -85.743  0.42
7 14  18.0 38.217 -85.742  38.216 -85.743  2.175
4 15  23.0 38.217 -85.741  38.216 -85.744  1.81
1 6  2.0 38.218 -85.741  38.218 -85.744  0.2
3 22  8.0 38.219 -85.741  38.217 -85.744  0.186
3 20  6.0 38.219 -85.743  38.218 -85.742  0.25
6 15  9.0 38.223 -85.741  38.214 -85.744  0.82
5 17  10.0 38.228 -85.74  38.209 -85.745  1.55
7 0  3.0 38.226 -85.742  38.215 -85.743  0.74
4 17  5.0 38.225 -85.743  38.217 -85.742  0.61
5 8  20.0 38.226 -85.741  38.216 -85.744  1.68
7 7  6.0 38.226 -85.742  38.217 -85.743  0.68
1 21  5.0 38.228 -85.74  38.216 -85.745  1.21
7 0  17.0 38.249 -85.744  38.213 -85.741  2.7
5 19  21.0 38.256 -85.744  38.216 -85.741  3.72
1 18  20.0 38.245 -85.741  38.265 -85.744  2.45
7 22  19.0 38.253 -85.744  38.261 -85.741  1.17
4 15  24.0 38.254 -85.744  38.261 -85.741  2.48
1 11  15.0 38.254 -85.744  38.262 -85.741  0.57
7 13  25.0 38.255 -85.744  38.261 -85.741  1.367
7 13  28.0 38.255 -85.744  38.261 -85.741  1.45
3 20  25.0 38.256 -85.743  38.261 -85.742  1.56
5 13  44.0 38.258 -85.743  38.261 -85.742  1.24
4 20  4.0 38.26 -85.744  38.261 -85.741  0.21
7 9  9.0 38.26 -85.744  38.261 -85.741  0.21
4 13  12.0 38.26 -85.744  38.261 -85.741  0.73
6 21  13.0 38.26 -85.744  38.261 -85.741  0.67
6 10  8.0 38.211 -85.742  38.209 -85.742  0.78
2 14  5.0 38.209 -85.741  38.215 -85.743  0.373
1 20  26.0 38.212 -85.742  38.213 -85.742  1.6
2 10  12.0 38.212 -85.743  38.214 -85.741  1.47
5 12  10.0 38.212 -85.742  38.215 -85.742  1.25
1 20  17.0 38.213 -85.74  38.214 -85.744  1.16
2 15  3.0 38.214 -85.742  38.214 -85.742  0.05
4 9  3.0 38.214 -85.742  38.214 -85.742  0.07
4 15  4.0 38.214 -85.742  38.214 -85.742  0.05
6 21  4.0 38.214 -85.742  38.214 -85.742  0.746
2 6  11.0 38.214 -85.742  38.214 -85.742  0.17
3 14  12.0 38.214 -85.742  38.214 -85.742  1.25
5 15  16.0 38.214 -85.742  38.214 -85.742  0.3
4 23  17.0 38.213 -85.741  38.215 -85.743  3.62
5 11  20.0 38.214 -85.742  38.214 -85.742  3.13
1 16  50.0 38.214 -85.742  38.214 -85.742  2.0
1 20  3.0 38.215 -85.739  38.214 -85.745  0.47
5 12  10.0 38.214 -85.742  38.215 -85.742  1.54
6 18  4.0 38.215 -85.741  38.215 -85.743  0.24
6 17  5.0 38.215 -85.742  38.215 -85.742  0.28
6 10  7.0 38.215 -85.742  38.215 -85.742  0.124
4 20  7.0 38.215 -85.742  38.215 -85.742  0.497
3 16  26.0 38.215 -85.742  38.215 -85.742  2.03
7 17  5.0 38.215 -85.743  38.216 -85.741  0.186
1 14  6.0 38.215 -85.743  38.216 -85.741  0.2
5 23  16.0 38.216 -85.74  38.216 -85.744  1.73
6 16  21.0 38.216 -85.74  38.216 -85.744  0.66
1 16  45.0 38.217 -85.743  38.216 -85.741  1.77
7 17  3.0 38.219 -85.742  38.215 -85.742  0.39
4 11  6.0 38.22 -85.741  38.214 -85.743  0.5
6 15  9.0 38.217 -85.742  38.217 -85.742  0.29
1 13  24.0 38.217 -85.739  38.217 -85.745  4.5
3 16  4.0 38.217 -85.742  38.218 -85.742  0.28
6 21  9.0 38.216 -85.742  38.219 -85.742  0.65
4 9  4.0 38.218 -85.742  38.218 -85.742  0.07
7 19  3.0 38.219 -85.742  38.219 -85.742  0.55
3 22  4.0 38.223 -85.743  38.215 -85.741  0.34
1 15  7.0 38.219 -85.742  38.219 -85.742  0.497
7 18  8.0 38.219 -85.742  38.219 -85.742  0.83
7 19  12.0 38.219 -85.742  38.219 -85.742  0.3
6 23  14.0 38.219 -85.742  38.219 -85.742  1.12
7 17  17.0 38.219 -85.742  38.219 -85.742  0.8
6 23  17.0 38.219 -85.742  38.219 -85.742  0.82
7 17  17.0 38.219 -85.742  38.219 -85.742  0.83
1 17  9.0 38.224 -85.741  38.215 -85.743  0.9
7 20  9.0 38.223 -85.741  38.217 -85.743  0.8
1 8  5.0 38.224 -85.739  38.218 -85.745  0.9
3 17  27.0 38.253 -85.74  38.216 -85.744  2.72
6 22  27.0 38.253 -85.739  38.218 -85.745  1.305
7 12  2.0 38.256 -85.743  38.261 -85.741  0.31
7 13  13.0 38.256 -85.739  38.261 -85.745  1.24
7 15  29.0 38.257 -85.741  38.261 -85.743  1.22
2 11  22.0 38.257 -85.741  38.263 -85.743  0.79
4 20  5.0 38.26 -85.743  38.261 -85.741  0.17
2 8  4.0 38.212 -85.739  38.213 -85.744  0.32
2 14  5.0 38.215 -85.74  38.21 -85.743  0.51
6 13  12.0 38.213 -85.742  38.212 -85.741  1.5
7 14  5.0 38.212 -85.74  38.214 -85.743  0.74
4 18  6.0 38.212 -85.739  38.215 -85.744  0.39
5 10  3.0 38.215 -85.742  38.213 -85.741  0.11
4 18  33.0 38.214 -85.741  38.214 -85.742  4.47
7 17  16.0 38.216 -85.742  38.213 -85.741  0.621
7 20  15.0 38.22 -85.738  38.21 -85.745  0.78
6 4  13.0 38.215 -85.742  38.216 -85.741  1.45
4 14  37.0 38.215 -85.742  38.216 -85.741  4.6
6 20  31.0 38.216 -85.741  38.216 -85.742  1.16
5 19  3.0 38.215 -85.74  38.219 -85.743  0.23
4 9  4.0 38.219 -85.739  38.215 -85.744  0.22
7 21  15.0 38.217 -85.738  38.217 -85.745  0.67
6 21  12.0 38.217 -85.741  38.219 -85.742  0.7
5 17  12.0 38.228 -85.738  38.21 -85.745  1.69
1 23  5.0 38.223 -85.742  38.217 -85.741  0.6
2 11  5.0 38.224 -85.74  38.216 -85.743  0.78
6 13  6.0 38.225 -85.741  38.216 -85.742  0.85
7 13  6.0 38.224 -85.738  38.218 -85.745  0.74
1 13  9.0 38.228 -85.738  38.214 -85.745  1.24
4 11  13.0 38.242 -85.742  38.213 -85.741  2.34
7 12  24.0 38.252 -85.739  38.218 -85.744  3.231
3 16  34.0 38.253 -85.74  38.219 -85.743  3.71
6 23  7.0 38.253 -85.742  38.261 -85.741  0.97
1 14  13.0 38.254 -85.741  38.261 -85.742  0.65
7 8  8.0 38.255 -85.741  38.261 -85.742  0.7
4 3  12.0 38.249 -85.74  38.268 -85.743  1.47
5 15  18.0 38.257 -85.739  38.261 -85.744  2.08
4 15  6.0 38.26 -85.741  38.261 -85.742  0.23
4 21  10.0 38.207 -85.737  38.217 -85.745  0.88
7 15  5.0 38.213 -85.741  38.213 -85.741  0.25
7 12  5.0 38.213 -85.741  38.213 -85.741  0.42
5 11  9.0 38.213 -85.741  38.213 -85.741  0.13
1 12  3.0 38.214 -85.741  38.214 -85.741  0.13
7 17  4.0 38.213 -85.739  38.215 -85.743  0.18
3 6  8.0 38.213 -85.74  38.215 -85.742  0.47
1 14  12.0 38.214 -85.741  38.216 -85.741  0.64
5 22  3.0 38.214 -85.74  38.217 -85.742  0.47
6 17  3.0 38.217 -85.741  38.217 -85.741  0.08
4 17  38.0 38.217 -85.741  38.217 -85.741  3.2
4 17  38.0 38.217 -85.741  38.217 -85.741  3.34
4 17  39.0 38.217 -85.741  38.217 -85.741  3.18
7 18  3.0 38.217 -85.739  38.218 -85.743  0.311
6 21  7.0 38.218 -85.741  38.219 -85.741  0.5
1 10  7.0 38.223 -85.739  38.215 -85.743  0.81
1 14  10.0 38.219 -85.741  38.219 -85.741  0.21
7 19  3.0 38.222 -85.741  38.217 -85.741  0.31
7 2  8.0 38.224 -85.739  38.215 -85.743  0.95
7 14  46.0 38.222 -85.737  38.217 -85.745  2.36
3 18  9.0 38.229 -85.738  38.213 -85.744  1.45
5 17  8.0 38.229 -85.74  38.214 -85.742  1.21
5 18  25.0 38.229 -85.738  38.217 -85.744  2.25
6 22  5.0 38.232 -85.739  38.215 -85.743  1.08
7 16  23.0 38.242 -85.741  38.21 -85.741  3.43
3 17  25.0 38.252 -85.739  38.215 -85.743  2.73
1 12  13.0 38.253 -85.739  38.261 -85.743  1.14
2 17  13.0 38.255 -85.741  38.261 -85.741  1.28
2 18  16.0 38.255 -85.74  38.261 -85.742  1.16
2 18  15.0 38.255 -85.74  38.262 -85.742  0.84
2 15  34.0 38.257 -85.741  38.261 -85.741  3.46
2 14  30.0 38.259 -85.741  38.261 -85.741  3.915
6 8  4.0 38.214 -85.74  38.206 -85.741  0.71
1 12  7.0 38.207 -85.74  38.214 -85.741  0.5
4 14  6.0 38.204 -85.736  38.218 -85.745  1.26
5 9  4.0 38.209 -85.739  38.215 -85.742  0.07
1 12  5.0 38.216 -85.74  38.211 -85.741  0.54
1 17  7.0 38.215 -85.736  38.212 -85.745  0.621
5 16  21.0 38.213 -85.739  38.215 -85.742  0.65
2 20  4.0 38.216 -85.738  38.215 -85.743  0.33
4 13  5.0 38.215 -85.739  38.216 -85.742  0.79
2 17  48.0 38.216 -85.74  38.215 -85.741  2.97
7 19  49.0 38.216 -85.738  38.215 -85.743  5.07
7 17  2.0 38.216 -85.74  38.216 -85.741  0.28
5 16  5.0 38.215 -85.74  38.217 -85.741  0.36
7 19  45.0 38.217 -85.737  38.215 -85.744  4.52
7 19  49.0 38.217 -85.738  38.215 -85.743  5.06
6 22  4.0 38.219 -85.736  38.214 -85.745  0.2
6 20  9.0 38.214 -85.737  38.219 -85.744  0.68
1 14  40.0 38.217 -85.74  38.216 -85.741  2.35
7 11  26.0 38.217 -85.739  38.218 -85.742  0.497
3 16  35.0 38.217 -85.74  38.219 -85.741  1.61
7 9  10.0 38.222 -85.736  38.215 -85.745  0.92
7 16  13.0 38.222 -85.739  38.218 -85.742  0.92
2 11  13.0 38.228 -85.736  38.213 -85.745  1.553
7 5  22.0 38.241 -85.739  38.219 -85.742  1.864
2 11  14.0 38.249 -85.739  38.213 -85.742  2.58
7 22  27.0 38.253 -85.74  38.261 -85.741  1.79
7 22  30.0 38.253 -85.74  38.261 -85.741  1.83
1 20  34.0 38.254 -85.738  38.261 -85.743  0.87
6 22  12.0 38.248 -85.739  38.268 -85.742  2.113
5 15  14.0 38.255 -85.74  38.261 -85.741  1.97
5 17  6.0 38.258 -85.74  38.261 -85.741  0.63
6 11  10.0 38.25 -85.739  38.27 -85.742  1.94
1 13  20.0 38.205 -85.737  38.216 -85.743  1.55
1 14  4.0 38.217 -85.738  38.215 -85.742  0.52
1 12  6.0 38.217 -85.738  38.215 -85.742  0.23
5 23  6.0 38.217 -85.738  38.215 -85.742  0.68
1 15  8.0 38.216 -85.738  38.216 -85.742  0.4
4 2  12.0 38.217 -85.738  38.215 -85.742  0.66
2 14  24.0 38.217 -85.738  38.215 -85.742  1.17
4 7  5.0 38.222 -85.736  38.217 -85.744  0.561
7 10  8.0 38.221 -85.735  38.219 -85.745  0.58
4 13  9.0 38.224 -85.738  38.216 -85.742  0.76
7 10  16.0 38.226 -85.735  38.217 -85.745  1.28
7 13  13.0 38.235 -85.739  38.215 -85.741  2.548
7 12  18.0 38.25 -85.737  38.215 -85.743  2.51
5 7  25.0 38.252 -85.739  38.261 -85.741  1.6
1 12  15.0 38.253 -85.739  38.261 -85.741  1.46
5 12  21.0 38.252 -85.737  38.262 -85.743  3.0
2 20  42.0 38.254 -85.737  38.261 -85.743  1.367
1 13  38.0 38.249 -85.739  38.268 -85.741  2.41
5 11  11.0 38.257 -85.737  38.262 -85.743  1.367
4 17  4.0 38.259 -85.738  38.261 -85.742  0.08
7 13  6.0 38.26 -85.739  38.261 -85.741  0.19
7 16  11.0 38.26 -85.738  38.261 -85.742  0.29
6 21  13.0 38.26 -85.739  38.261 -85.741  0.81
5 17  20.0 38.206 -85.735  38.219 -85.744  1.988
5 9  5.0 38.216 -85.738  38.213 -85.741  0.36
1 14  5.0 38.215 -85.738  38.216 -85.741  0.07
5 22  22.0 38.217 -85.738  38.215 -85.741  1.181
7 6 