5 7  13.0 38.215 -85.771  38.223 -85.738  2.44
4 17  47.0 38.225 -85.77  38.223 -85.739  2.051
1 22  11.0 38.223 -85.768  38.222 -85.74  1.802
7 16  10.0 38.213 -85.764  38.221 -85.74  2.09
7 20  12.0 38.223 -85.764  38.223 -85.74  0.559
6 7  9.0 38.216 -85.763  38.223 -85.74  1.36
4 16  8.0 38.227 -85.764  38.223 -85.739  1.491
3 19  16.0 38.23 -85.763  38.222 -85.74  1.16
7 5  21.0 38.199 -85.763  38.223 -85.739  3.23
6 11  15.0 38.226 -85.763  38.223 -85.739  1.54
5 18  10.0 38.235 -85.762  38.223 -85.74  0.186
6 17  32.0 38.205 -85.763  38.222 -85.738  4.101
7 8  9.0 38.219 -85.762  38.223 -85.739  1.31
6 16  14.0 38.219 -85.762  38.223 -85.739  1.32
3 18  13.0 38.22 -85.762  38.223 -85.739  1.7
7 17  12.0 38.221 -85.761  38.223 -85.74  1.48
7 12  9.0 38.224 -85.761  38.223 -85.74  0.559
6 21  8.0 38.225 -85.762  38.223 -85.739  1.491
3 15  14.0 38.225 -85.762  38.223 -85.739  1.29
4 13  12.0 38.205 -85.761  38.223 -85.739  2.02
4 7  12.0 38.208 -85.763  38.221 -85.737  2.04
6 15  26.0 38.209 -85.761  38.223 -85.739  2.35
6 11  13.0 38.226 -85.761  38.223 -85.739  1.59
7 11  11.0 38.219 -85.761  38.222 -85.738  1.74
7 23  12.0 38.221 -85.763  38.22 -85.736  2.423
7 17  21.0 38.224 -85.761  38.222 -85.738  1.8
7 10  15.0 38.25 -85.759  38.223 -85.74  2.96
4 8  18.0 38.214 -85.761  38.221 -85.737  3.19
4 12  21.0 38.213 -85.759  38.223 -85.739  1.74
1 18  17.0 38.226 -85.759  38.223 -85.739  1.491
2 12  11.0 38.216 -85.761  38.221 -85.736  1.49
1 14  18.0 38.227 -85.758  38.221 -85.739  1.93
6 10  23.0 38.234 -85.758  38.223 -85.739  2.82
6 10  9.0 38.215 -85.757  38.223 -85.739  1.48
6 20  14.0 38.216 -85.757  38.222 -85.739  1.8
4 14  19.0 38.221 -85.756  38.223 -85.739  2.08
5 10  6.0 38.225 -85.757  38.222 -85.738  1.03
1 12  6.0 38.225 -85.756  38.223 -85.739  0.88
4 13  9.0 38.213 -85.757  38.22 -85.737  1.34
7 18  44.0 38.248 -85.756  38.222 -85.738  3.83
6 21  7.0 38.215 -85.755  38.221 -85.738  1.367
1 5  6.0 38.214 -85.755  38.223 -85.738  1.0
5 4  6.0 38.218 -85.754  38.222 -85.739  1.29
6 12  8.0 38.218 -85.754  38.223 -85.739  1.08
5 13  8.0 38.219 -85.754  38.223 -85.739  1.3
2 17  9.0 38.224 -85.755  38.221 -85.738  1.01
3 14  9.0 38.226 -85.755  38.223 -85.738  1.07
3 8  10.0 38.227 -85.754  38.223 -85.739  1.29
3 14  25.0 38.246 -85.754  38.223 -85.739  2.79
3 14  25.0 38.247 -85.754  38.223 -85.739  2.48
4 17  34.0 38.248 -85.754  38.222 -85.739  3.42
5 20  9.0 38.216 -85.754  38.222 -85.738  1.243
3 11  9.0 38.217 -85.753  38.223 -85.739  1.2
2 9  18.0 38.237 -85.754  38.223 -85.738  2.175
3 6  7.0 38.214 -85.752  38.223 -85.739  0.84
4 5  7.0 38.214 -85.752  38.223 -85.739  0.9
6 6  8.0 38.214 -85.752  38.223 -85.739  0.86
6 5  10.0 38.214 -85.752  38.223 -85.739  0.96
7 11  38.0 38.254 -85.754  38.223 -85.737  3.77
7 11  6.0 38.213 -85.75  38.222 -85.74  0.82
5 13  10.0 38.219 -85.752  38.223 -85.738  0.58
6 20  13.0 38.219 -85.753  38.223 -85.737  2.12
7 15  8.0 38.226 -85.75  38.223 -85.74  0.94
7 14  6.0 38.211 -85.75  38.222 -85.739  1.03
6 14  20.0 38.213 -85.751  38.222 -85.738  1.37
6 5  5.0 38.215 -85.749  38.223 -85.74  0.74
7 10  28.0 38.226 -85.75  38.221 -85.738  2.2
6 19  11.0 38.231 -85.751  38.221 -85.737  1.839
5 19  30.0 38.254 -85.749  38.223 -85.739  2.87
1 13  12.0 38.206 -85.747  38.22 -85.74  1.27
6 13  10.0 38.212 -85.751  38.221 -85.736  1.37
4 6  7.0 38.213 -85.748  38.221 -85.739  0.82
3 11  5.0 38.215 -85.748  38.223 -85.739  0.6
6 22  6.0 38.216 -85.747  38.222 -85.74  0.684
7 17  12.0 38.215 -85.749  38.223 -85.738  1.12
2 6  5.0 38.216 -85.748  38.223 -85.739  0.76
4 5  6.0 38.216 -85.748  38.223 -85.739  0.71
7 5  6.0 38.216 -85.748  38.223 -85.739  0.76
3 10  7.0 38.216 -85.748  38.223 -85.739  0.65
3 8  8.0 38.216 -85.748  38.223 -85.739  0.64
3 16  7.0 38.218 -85.748  38.223 -85.739  0.65
5 14  16.0 38.252 -85.75  38.221 -85.737  2.71
5 12  6.0 38.213 -85.747  38.223 -85.739  0.81
7 15  12.0 38.213 -85.747  38.223 -85.739  0.249
5 6  5.0 38.216 -85.748  38.223 -85.738  0.5
7 23  20.0 38.216 -85.747  38.223 -85.739  0.621
7 23  24.0 38.228 -85.747  38.223 -85.739  0.684
3 17  19.0 38.258 -85.75  38.22 -85.736  3.77
3 12  6.0 38.21 -85.745  38.221 -85.74  1.07
5 13  7.0 38.213 -85.747  38.22 -85.738  0.83
7 14  13.0 38.213 -85.747  38.223 -85.738  1.61
7 10  5.0 38.217 -85.746  38.223 -85.739  0.49
6 23  4.0 38.218 -85.746  38.223 -85.739  0.621
7 23  11.0 38.219 -85.747  38.222 -85.738  1.802
1 16  6.0 38.22 -85.748  38.223 -85.737  0.618
6 4  6.0 38.232 -85.746  38.221 -85.739  1.02
3 16  14.0 38.246 -85.745  38.222 -85.74  2.17
7 11  9.0 38.211 -85.746  38.222 -85.738  0.99
7 24  5.0 38.214 -85.748  38.22 -85.736  0.7
7 19  16.0 38.213 -85.747  38.222 -85.737  1.616
2 14  20.0 38.214 -85.745  38.221 -85.739  1.29
7 15  13.0 38.213 -85.746  38.223 -85.738  0.684
3 15  30.0 38.216 -85.744  38.222 -85.74  1.88
6 5  4.0 38.217 -85.745  38.223 -85.739  0.53
1 11  5.0 38.217 -85.745  38.223 -85.739  0.56
6 5  11.0 38.217 -85.745  38.223 -85.739  0.98
3 15  32.0 38.219 -85.744  38.221 -85.74  2.31
4 20  6.0 38.221 -85.745  38.221 -85.739  0.357
2 10  23.0 38.252 -85.747  38.223 -85.737  2.92
1 11  4.0 38.215 -85.743  38.222 -85.74  0.43
3 13  27.0 38.215 -85.743  38.222 -85.74  2.01
3 13  27.0 38.215 -85.743  38.222 -85.74  2.01
7 11  8.0 38.217 -85.745  38.222 -85.738  0.994
6 15  13.0 38.219 -85.743  38.221 -85.74  1.34
4 17  21.0 38.221 -85.744  38.222 -85.739  1.94
2 12  5.0 38.213 -85.743  38.221 -85.739  0.83
5 19  7.0 38.212 -85.744  38.222 -85.738  0.88
1 10  4.0 38.212 -85.743  38.223 -85.739  0.14
3 12  6.0 38.214 -85.743  38.223 -85.739  0.93
4 15  5.0 38.218 -85.746  38.22 -85.736  0.8
2 17  14.0 38.22 -85.742  38.22 -85.74  1.7
2 15  5.0 38.22 -85.744  38.222 -85.738  0.68
7 13  10.0 38.219 -85.742  38.223 -85.74  0.56
7 10  9.0 38.223 -85.743  38.223 -85.739  1.22
2 13  4.0 38.214 -85.743  38.221 -85.738  0.22
7 17  4.0 38.216 -85.741  38.221 -85.74  0.28
3 21  4.0 38.217 -85.745  38.22 -85.736  0.47
4 14  12.0 38.214 -85.742  38.223 -85.739  0.93
6 18  4.0 38.217 -85.743  38.222 -85.738  0.373
1 15  7.0 38.221 -85.741  38.221 -85.74  0.7
7 22  24.0 38.223 -85.742  38.22 -85.739  4.474
7 19  4.0 38.222 -85.741  38.222 -85.74  0.124
2 14  4.0 38.225 -85.741  38.223 -85.74  0.152
6 20  20.0 38.247 -85.742  38.221 -85.739  2.67
3 14  22.0 38.245 -85.745  38.223 -85.736  1.99
1 18  16.0 38.253 -85.743  38.221 -85.738  2.734
3 7  3.0 38.218 -85.744  38.221 -85.736  0.54
7 15  8.0 38.216 -85.741  38.223 -85.739  0.45
7 11  10.0 38.22 -85.74  38.22 -85.74  1.07
6 19  25.0 38.22 -85.742  38.22 -85.738  3.22
4 9  28.0 38.217 -85.741  38.223 -85.739  0.78
4 13  7.0 38.222 -85.74  38.222 -85.74  1.305
7 10  9.0 38.221 -85.741  38.223 -85.739  1.23
2 14  41.0 38.222 -85.74  38.222 -85.74  3.59
7 21  9.0 38.224 -85.74  38.222 -85.74  1.678
1 9  48.0 38.226 -85.742  38.223 -85.738  2.1
6 8  5.0 38.235 -85.741  38.223 -85.739  1.243
3 20  3.0 38.213 -85.74  38.222 -85.739  0.59
1 13  6.0 38.214 -85.743  38.221 -85.736  0.67
6 19  5.0 38.216 -85.743  38.222 -85.736  0.53
6 18  4.0 38.218 -85.743  38.221 -85.736  0.44
7 9  28.0 38.218 -85.74  38.223 -85.739  0.88
2 12  17.0 38.223 -85.74  38.22 -85.739  2.73
5 17  3.0 38.221 -85.742  38.223 -85.737  0.46
3 14  2.0 38.222 -85.74  38.223 -85.739  0.87
7 9  2.0 38.224 -85.739  38.223 -85.74  0.26
6 7  6.0 38.224 -85.74  38.223 -85.739  0.48
7 14  9.0 38.226 -85.74  38.222 -85.739  0.81
1 11  6.0 38.235 -85.739  38.223 -85.74  1.118
3 14  10.0 38.243 -85.74  38.223 -85.739  1.21
7 9  8.0 38.207 -85.738  38.222 -85.74  1.41
4 1  9.0 38.212 -85.742  38.22 -85.736  1.1
6 10  3.0 38.215 -85.742  38.22 -85.736  0.52
7 16  27.0 38.22 -85.739  38.22 -85.739  0.58
7 18  5.0 38.222 -85.739  38.222 -85.739  0.15
1 13  11.0 38.223 -85.739  38.221 -85.739  0.49
7 0  6.0 38.223 -85.739  38.222 -85.739  0.23
7 9  45.0 38.223 -85.738  38.222 -85.74  0.34
5 14  2.0 38.223 -85.739  38.223 -85.739  1.802
6 11  3.0 38.223 -85.739  38.223 -85.739  0.05
3 6  3.0 38.223 -85.739  38.223 -85.739  0.21
1 10  4.0 38.223 -85.739  38.223 -85.739  0.32
5 21  4.0 38.223 -85.739  38.223 -85.739  0.435
6 16  5.0 38.223 -85.739  38.223 -85.739  0.51
3 16  5.0 38.223 -85.739  