6 21  15.0 38.219 -85.766  38.232 -85.735  3.045
1 17  11.0 38.224 -85.764  38.229 -85.735  1.78
6 16  16.0 38.226 -85.768  38.233 -85.731  2.51
3 11  13.0 38.214 -85.764  38.229 -85.734  2.56
2 6  13.0 38.223 -85.764  38.231 -85.734  2.06
2 18  15.0 38.223 -85.764  38.231 -85.734  2.61
2 18  8.0 38.231 -85.763  38.229 -85.735  1.8
6 16  33.0 38.258 -85.763  38.229 -85.735  3.44
2 15  21.0 38.211 -85.764  38.229 -85.733  3.17
7 15  16.0 38.223 -85.763  38.23 -85.734  2.0
3 17  9.0 38.236 -85.762  38.23 -85.735  1.62
6 15  17.0 38.215 -85.761  38.229 -85.735  2.54
7 7  12.0 38.225 -85.762  38.233 -85.734  2.19
1 13  10.0 38.232 -85.761  38.231 -85.735  0.12
5 10  13.0 38.216 -85.762  38.23 -85.733  2.27
3 12  13.0 38.219 -85.761  38.232 -85.734  2.53
4 15  15.0 38.22 -85.76  38.233 -85.735  1.94
3 6  11.0 38.223 -85.761  38.231 -85.734  1.98
7 18  13.0 38.225 -85.762  38.229 -85.733  1.62
7 13  16.0 38.223 -85.761  38.231 -85.734  2.796
6 6  13.0 38.225 -85.761  38.231 -85.734  1.87
6 18  18.0 38.227 -85.761  38.229 -85.734  1.6
1 12  11.0 38.233 -85.76  38.23 -85.735  1.678
6 11  11.0 38.235 -85.76  38.23 -85.735  1.6
6 14  7.0 38.235 -85.76  38.233 -85.735  1.37
5 16  13.0 38.244 -85.762  38.229 -85.733  2.71
6 22  21.0 38.245 -85.76  38.229 -85.735  2.734
7 18  15.0 38.251 -85.761  38.232 -85.734  2.92
2 10  18.0 38.207 -85.763  38.229 -85.731  3.14
4 11  11.0 38.233 -85.759  38.23 -85.735  1.54
7 14  4.0 38.233 -85.759  38.233 -85.735  0.36
3 14  13.0 38.233 -85.759  38.233 -85.735  1.44
6 22  22.0 38.247 -85.759  38.23 -85.735  2.61
4 10  17.0 38.217 -85.759  38.231 -85.734  1.71
2 15  9.0 38.219 -85.758  38.231 -85.735  1.96
7 15  11.0 38.223 -85.762  38.229 -85.731  2.208
7 18  8.0 38.224 -85.758  38.23 -85.735  1.34
1 9  9.0 38.227 -85.759  38.233 -85.734  1.56
7 18  7.0 38.234 -85.758  38.232 -85.735  1.429
6 17  12.0 38.235 -85.759  38.231 -85.734  1.99
3 11  10.0 38.215 -85.758  38.23 -85.734  2.21
3 16  23.0 38.214 -85.761  38.233 -85.731  2.92
4 18  11.0 38.219 -85.757  38.23 -85.735  1.99
5 11  13.0 38.225 -85.757  38.233 -85.735  2.11
6 16  10.0 38.233 -85.758  38.231 -85.734  1.926
1 13  15.0 38.233 -85.758  38.231 -85.734  2.54
7 21  21.0 38.25 -85.757  38.23 -85.735  1.844
7 12  23.0 38.253 -85.757  38.233 -85.735  3.46
7 18  34.0 38.221 -85.756  38.23 -85.735  2.46
6 10  13.0 38.229 -85.757  38.232 -85.734  2.03
3 14  17.0 38.233 -85.759  38.23 -85.732  2.49
6 17  10.0 38.234 -85.759  38.232 -85.732  1.62
7 14  12.0 38.238 -85.76  38.233 -85.731  1.93
7 16  28.0 38.214 -85.757  38.231 -85.733  2.61
2 15  14.0 38.248 -85.759  38.232 -85.731  2.07
6 13  32.0 38.257 -85.758  38.23 -85.732  3.73
3 19  7.0 38.228 -85.754  38.23 -85.735  1.73
1 16  13.0 38.226 -85.755  38.233 -85.734  1.29
3 17  7.0 38.233 -85.755  38.232 -85.734  1.26
7 21  9.0 38.233 -85.754  38.232 -85.735  1.644
4 14  11.0 38.239 -85.757  38.233 -85.732  1.71
7 12  23.0 38.248 -85.758  38.229 -85.731  3.2
5 12  20.0 38.247 -85.754  38.232 -85.735  2.02
7 12  17.0 38.252 -85.754  38.23 -85.735  2.57
7 16  23.0 38.254 -85.757  38.23 -85.732  3.293
7 13  11.0 38.231 -85.754  38.233 -85.734  1.367
3 13  14.0 38.234 -85.757  38.233 -85.731  1.42
6 11  9.0 38.237 -85.754  38.231 -85.734  1.43
1 16  18.0 38.249 -85.757  38.229 -85.731  2.77
5 22  16.0 38.25 -85.753  38.231 -85.735  2.17
4 11  10.0 38.218 -85.753  38.231 -85.734  1.65
4 10  10.0 38.218 -85.752  38.233 -85.735  1.61
7 15  7.0 38.229 -85.753  38.233 -85.734  1.11
6 22  20.0 38.248 -85.754  38.232 -85.733  0.373
5 5  13.0 38.249 -85.755  38.233 -85.732  2.5
1 20  12.0 38.224 -85.752  38.229 -85.734  1.27
5 16  16.0 38.231 -85.752  38.231 -85.734  1.864
1 17  9.0 38.248 -85.752  38.23 -85.734  1.86
4 13  12.0 38.252 -85.753  38.23 -85.733  2.46
6 20  12.0 38.251 -85.752  38.231 -85.734  2.55
1 14  17.0 38.212 -85.751  38.229 -85.734  2.08
4 6  17.0 38.213 -85.753  38.23 -85.732  2.02
6 15  51.0 38.227 -85.751  38.229 -85.734  4.67
7 11  11.0 38.234 -85.754  38.229 -85.731  1.864
1 15  9.0 38.233 -85.753  38.232 -85.732  0.78
2 13  14.0 38.232 -85.75  38.233 -85.735  1.208
2 11  7.0 38.235 -85.75  38.231 -85.735  1.118
7 16  20.0 38.215 -85.75  38.229 -85.734  2.113
5 16  12.0 38.239 -85.75  38.231 -85.734  1.68
6 22  19.0 38.251 -85.751  38.23 -85.733  2.672
7 15  26.0 38.211 -85.752  38.229 -85.731  2.54
4 16  11.0 38.213 -85.748  38.232 -85.735  2.39
4 20  7.0 38.234 -85.752  38.23 -85.731  1.429
6 9  14.0 38.215 -85.749  38.229 -85.733  1.6
4 11  12.0 38.219 -85.75  38.232 -85.732  1.77
6 10  7.0 38.23 -85.747  38.23 -85.735  0.808
6 9  11.0 38.244 -85.747  38.233 -85.735  1.68
3 18  19.0 38.245 -85.747  38.233 -85.735  1.93
7 19  24.0 38.256 -85.748  38.233 -85.734  0.559
5 14  20.0 38.208 -85.747  38.229 -85.734  2.34
4 16  11.0 38.213 -85.747  38.232 -85.734  2.39
2 15  12.0 38.243 -85.746  38.233 -85.735  1.93
6 16  14.0 38.253 -85.746  38.232 -85.735  2.29
7 13  15.0 38.255 -85.746  38.231 -85.735  2.51
4 20  17.0 38.256 -85.75  38.233 -85.731  2.016
7 18  24.0 38.259 -85.746  38.232 -85.735  3.78
7 19  17.0 38.211 -85.745  38.231 -85.735  1.988
4 17  19.0 38.212 -85.749  38.231 -85.731  1.68
6 8  10.0 38.216 -85.749  38.23 -85.731  1.319
2 12  55.0 38.257 -85.749  38.23 -85.731  4.66
6 15  24.0 38.212 -85.748  38.23 -85.731  2.12
5 6  12.0 38.214 -85.748  38.23 -85.731  1.69
1 21  16.0 38.216 -85.744  38.232 -85.735  1.43
7 7  9.0 38.236 -85.746  38.232 -85.733  0.87
1 20  14.0 38.21 -85.745  38.23 -85.733  2.113
2 1  12.0 38.23 -85.743  38.23 -85.735  0.63
7 14  4.0 38.232 -85.744  38.232 -85.734  0.06
3 15  4.0 38.232 -85.743  38.233 -85.735  0.5
3 24  16.0 38.255 -85.746  38.233 -85.732  2.79
6 15  12.0 38.209 -85.746  38.23 -85.731  2.31
1 9  9.0 38.212 -85.743  38.23 -85.734  1.75
7 21  10.0 38.212 -85.742  38.23 -85.735  1.864
2 18  14.0 38.218 -85.746  38.231 -85.731  1.67
4 11  7.0 38.22 -85.742  38.233 -85.735  1.07
3 3  14.0 38.224 -85.744  38.229 -85.733  1.12
7 17  5.0 38.226 -85.742  38.232 -85.735  0.75
4 11  7.0 38.233 -85.742  38.233 -85.735  0.73
2 18  41.0 38.243 -85.745  38.233 -85.732  3.98
7 15  19.0 38.255 -85.744  38.233 -85.733  2.44
4 7  12.0 38.212 -85.745  38.229 -85.731  1.402
6 10  8.0 38.214 -85.741  38.229 -85.735  1.19
4 15  10.0 38.215 -85.742  38.231 -85.734  1.39
1 11  22.0 38.226 -85.741  38.229 -85.735  1.18
3 21  26.0 38.234 -85.742  38.23 -85.734  0.68
4 15  14.0 38.232 -85.741  38.233 -85.735  1.51
1 7  15.0 38.255 -85.742  38.229 -85.734  1.91
1 12  24.0 38.252 -85.745  38.233 -85.731  2.62
2 14  11.0 38.217 -85.741  38.231 -85.734  0.83
3 14  2.0 38.224 -85.74  38.23 -85.735  0.19
3 6  9.0 38.227 -85.74  38.231 -85.735  0.56
2 9  12.0 38.213 -85.742  38.229 -85.732  1.94
1 13  8.0 38.213 -85.739  38.23 -85.735  1.31
3 10  15.0 38.216 -85.743  38.23 -85.731  1.31
1 6  6.0 38.22 -85.743  38.229 -85.731  1.72
4 16  8.0 38.221 -85.739  38.229 -85.735  0.55
2 14  11.0 38.22 -85.74  38.231 -85.734  1.02
1 15  54.0 38.224 -85.741  38.231 -85.733  1.97
5 20  2.0 38.232 -85.739  38.232 -85.735  0.36
4 18  10.0 38.237 -85.741  38.229 -85.733  0.85
4 15  14.0 38.234 -85.739  38.233 -85.735  1.53
4 15  15.0 38.234 -85.739  38.233 -85.735  1.56
6 18  28.0 38.248 -85.743  38.232 -85.731  2.09
4 15  10.0 38.207 -85.738  38.23 -85.735  1.76
2 14  20.0 38.227 -85.741  38.23 -85.732  1.43
5 20  5.0 38.232 -85.738  38.23 -85.735  0.35
2 16  7.0 38.234 -85.742  38.23 -85.731  0.86
1 18  16.0 38.255 -85.738  38.23 -85.735  1.97
5 11  4.0 38.224 -85.737  38.23 -85.735  0.44
2 16  12.0 38.225 -85.737  38.23 -85.735  0.34
5 14  6.0 38.223 -85.738  38.233 -85.734  0.76
4 23  41.0 38.228 -85.738  38.23 -85.734  1.11
4 23  3.0 38.229 -85.739  38.23 -85.733  0.31
1 16  3.0 38.227 -85.737  38.233 -85.735  0.57
1 19  5.0 38.229 -85.737  38.231 -85.735  0.21
3 15  9.0 38.23 -85.738  38.231 -85.734  0.4
3 15  4.0 38.233 -85.737  38.23 -85.735  0.27
4 10  10.0 38.233 -85.737  38.232 -85.735  0.71
7 24  3.0 38.235 -85.737  38.231 -85.735  0.062
7 13  7.0 38.236 -85.737  38.23 -85.735  0.559
6 18  8.0 38.233 -85.737  38.233 -85.735  1.678
2 14  9.0 38.233 -85.737  38.233 -85.735  0.85
6 18  16.0 38.233 -85.737  38.233 -85.735  1.74
1 9  41.0 38.233 -85.737  38.233 -85.735  2.33
2 12  4.0 38.235 -85.738  38.232 -85.734  0.37
7 17  52.0 38.261 -85.737  38.23 -85.735  3.64
5 15  10.0 38.209 -85.737  38.229 -85.734  0.21
4 15  10.0 38.213 -85.737  38.231 -85.734  1.37
5 15  26.0 38.214 -85.74  38.233 -85.731  3.24
7 22  8.0 38.219 -85.739  38.231 -85.732  0.99
1 8  6.0 38.221 -85.736  38.23 -85.735  1.19
4 16  5.0 38.221 -85.736  38.231 -85.735  0.66
1 11  20.0 38.224 -85.739  38.229 -85.732  1.16
1 18  24.0 38.222 -85.739  38.233 -85.732  2.34
3 7  6.0 38.227 -85.739  38.229 -85.732  0.67
2 16  3.0 38.228 -85.738  38.229 -85.733  0.26
7 15  2.0 38.228 -85.738  38.23 -85.733  0.25
1 19  4.0 38.23 -85.736  38.231 -85.735  0.24
6 1  20.0 38.232 -85.736  38.23 -85.735  1.55
6 12  4.0 38.233 -85.736  38.23 -85.735  0.44
3 19  3.0 38.235 -85.736  38.231 -85.735  0.07
5 17  11.0 38.233 -85.737  38.233 -85.734  0.373
4 20  16.0 38.236 -85.737  38.232 -85.734  0.83
5 22  11.0 38.241 -85.739  38.231 -85.732  1.118
3 8  12.0 38.25 -85.74  38.231 -85.731  2.18
4 20  12.0 38.252 -85.737  38.232 -85.734  1.74
2 10  12.0 38.252 -85.736  38.233 -85.735  1.87
7 21  36.0 38.257 -85.738  38.229 -85.733  2.237
1 16  13.0 38.261 -85.736  38.232 -85.735  2.49
5 17  13.0 38.226 -85.735  38.229 -85.735  0.87
4 21  6.0 38.225 -85.739  38.231 -85.731  0.65
2 14  9.0 38.225 -85.739  38.231 -85.731  0.73
3 19  3.0 38.228 -85.735  38.229 -85.735  0.249
6 23  3.0 38.226 -85.736  38.231 -85.734  3.418
1 17  4.0 38.227 -85.735  38.23 -85.735  0.55
3 19  5.0 38.225 -85.737  38.232 -85.733  0.66
6 15  5.0 38.224 -85.736  38.233 -85.734  0.85
4 17  8.0 38.226 -85.739  38.231 -85.731  0.92
3 2  3.0 38.229 -85.735  38.229 -85.735  0.17
5 15  6.0 38.226 -85.736  38.233 -85.734  1.118
3 14  7.0 38.226 -85.736  38.233 -85.734  0.746
3 20  2.0 38.23 -85.735  38.23 -85.735  0.22
7 18  4.0 38.229 -85.736  38.231 -85.734  0.29
2 15  4.0 38.232 -85.735  38.229 -85.735  0.51
5 14  4.0 38.231 -85.735  38.231 -85.735  0.094
5 22  6.0 38.231 -85.735  38.231 -85.735  0.38
4 11  20.0 38.231 -85.735  38.231 -85.735  4.18
7 13  4.0 38.232 -85.739  38.231 -85.731  0.78
5 18  21.0 38.234 -85.737  38.23 -85.733  1.38
5 23  3.0 38.233 -85.735  38.233 -85.735  0.497
6 16  8.0 38.233 -85.735  38.233 -85.735  1.11
5 20  10.0 38.234 -85.736  38.232 -85.734  0.75
1 19  14.0 38.233 -85.736  38.233 -85.734  1.81
4 22  3.0 38.234 -85.736  38.233 -85.734  0.2
2 16  7.0 38.237 -85.739  38.23 -85.731  1.04
5 12  12.0 38.245 -85.735  38.233 -85.735  1.28
6 16  16.0 38.252 -85.739  38.231 -85.731  3.03
6 22  5.0 38.222 -85.734  38.229 -85.735  0.39
5 15  19.0 38.219 -85.735  38.233 -85.734  1.58
6 15  4.0 38.225 -85.738  38.229 -85.731  0.68
4 16  30.0 38.223 -85.735  38.231 -85.734  2.17
3 15  5.0 38.224 -85.738  38.231 -85.731  0.72
5 16  5.0 38.224 -85.738  38.231 -85.731  0.84
6 9  14.0 38.224 -85.738  38.231 -85.731  2.37
5 11  2.0 38.226 -85.734  38.23 -85.735  0.31
6 9  9.0 38.225 -85.738  38.231 -85.731  1.08
6 11  5.0 38.224 -85.737  38.233 -85.732  0.58
1 18  3.0 38.229 -85.736  38.229 -85.733  0.155
5 18  4.0 38.226 -85.735  38.232 -85.734  0.66
2 15  7.0 38.229 -85.736  38.229 -85.733  0.17
4 19  4.0 38.227 -85.735  38.232 -85.734  0.47
7 15  23.0 38.229 -85.734  38.23 -85.735  0.88
2 14  5.0 38.23 -85.734  38.23 -85.735  0.49
7 16  2.0 38.229 -85.736  38.232 -85.733  0.4
4 11  6.0 38.232 -85.737  38.23 -85.732  0.621
6 23  4.0 38.231 -85.734  38.232 -85.735  0.186
3 19  7.0 38.231 -85.735  38.233 -85.734  0.248
4 15  7.0 38.234 -85.734  38.23 -85.735  0.69
6 20  17.0 38.233 -85.735  38.231 -85.734  1.07
3 16  2.0 38.233 -85.735  38.233 -85.734  0.311
6 19  7.0 38.233 -85.735  38.233 -85.734  0.09
4 15  7.0 38.235 -85.735  38.232 -85.734  0.68
3 16  2.0 38.235 -85.737  38.233 -85.732  0.39
5 14  19.0 38.236 -85.734  38.233 -85.735  1.6
2 17  9.0 38.239 -85.735  38.233 -85.734  0.59
7 14  13.0 38.249 -85.734  38.23 -85.735  2.2
7 15  26.0 38.251 -85.736  38.231 -85.733  2.22
4 15  14.0 38.259 -85.734  38.233 -85.735  2.23
5 21  6.0 38.224 -85.737  38.231 -85.731  0.6
7 10  14.0 38.224 -85.737  38.231 -85.731  2.6
6 13  19.0 38.228 -85.736  38.229 -85.732  2.0
3 18  21.0 38.229 -85.733  38.23 -85.735  0.95
6 14  9.0 38.23 -85.734  38.23 -85.734  0.8
6 21  14.0 38.231 -85.734  38.231 -85.734  1.84
6 18  16.0 38.233 -85.735  38.229 -85.733  0.83
6 17  20.0 38.231 -85.734  38.231 -85.734  1.63
4 14  33.0 38.231 -85.734  38.231 -85.734  3.34
4 14  33.0 38.231 -85.734  38.231 -85.734  3.57
6 20  5.0 38.232 -85.736  38.231 -85.732  0.22
2 15  6.0 38.23 -85.733  38.233 -85.735  0.27
1 16  10.0 38.232 -85.735  38.231 -85.733  0.5
6 23  4.0 38.233 -85.737  38.231 -85.731  0.497
4 15  5.0 38.232 -85.734  38.232 -85.734  0.55
3 12  7.0 38.232 -85.737  38.232 -85.731  0.33
7 21  8.0 38.232 -85.734  38.232 -85.734  0.23
7 11  10.0 38.232 -85.733  38.232 -85.735  0.93
6 20  11.0 38.233 -85.734  38.231 -85.734  0.85
4 21  15.0 38.232 -85.734  38.232 -85.734  1.06
1 2  16.0 38.232 -85.734  38.232 -85.734  1.41
4 18  10.0 38.233 -85.735  38.232 -85.733  0.61
2 17  3.0 38.233 -85.733  38.233 -85.735  0.186
1 14  14.0 38.235 -85.736  38.231 -85.732  0.37
4 18  4.0 38.235 -85.734  38.233 -85.734  0.18
6 19  22.0 38.236 -85.736  38.232 -85.732  0.78
4 15  6.0 38.238 -85.735  38.231 -85.733  0.64
6 19  18.0 38.236 -85.734  38.233 -85.734  3.15
6 10  8.0 38.241 -85.737  38.231 -85.731  1.34
3 16  7.0 38.243 -85.737  38.23 -85.731  1.4
6 7  10.0 38.219 -85.736  38.231 -85.731  1.16
2 9  4.0 38.226 -85.734  38.229 -85.733  0.206
6 23  4.0 38.225 -85.732  38.23 -85.735  0.38
6 21  2.0 38.227 -85.732  38.229 -85.735  0.311
5 13  15.0 38.225 -85.732  38.231 -85.735  0.45
4 15  28.0 38.226 -85.736  38.23 -85.731  3.169
6 19  3.0 38.226 -85.734  38.232 -85.733  0.13
1 17  4.0 38.227 -85.736  38.231 -85.731  0.36
2 6  3.0 38.23 -85.734  38.229 -85.733  0.2
2 6  3.0 38.231 -85.734  38.23 -85.733  0.2
1 18  6.0 38.23 -85.733  38.232 -85.734  0.35
3 16  3.0 38.235 -85.735  38.23 -85.732  0.15
6 8  8.0 38.232 -85.735  38.233 -85.732  0.64
4 20  6.0 38.237 -85.734  38.229 -85.733  0.67
3 16  4.0 38.236 -85.736  38.231 -85.731  0.32
6 13  4.0 38.235 -85.732  38.233 -85.735  0.35
7 17  11.0 38.253 -85.736  38.232 -85.731  1.92
7 14  37.0 38.254 -85.732  38.231 -85.735  2.67
2 15  3.0 38.226 -85.731  38.229 -85.735  0.6
7 15  6.0 38.222 -85.735  38.233 -85.731  0.79
7 9  17.0 38.225 -85.734  38.23 -85.732  0.68
7 17  38.0 38.226 -85.733  38.229 -85.733  3.09
2 16  2.0 38.226 -85.733  38.23 -85.733  0.23
1 8  10.0 38.226 -85.734  38.23 -85.732  1.48
6 8  2.0 38.228 -85.731  38.229 -85.735  0.24
2 17  4.0 38.226 -85.732  38.231 -85.734  0.35
4 13  14.0 38.226 -85.732  38.231 -85.734  0.39
4 16  3.0 38.226 -85.731  38.232 -85.735  0.37
2 20  3.0 38.23 -85.732  38.229 -85.734  0.062
6 12  6.0 38.226 -85.731  38.233 -85.735  0.547
6 11  15.0 38.226 -85.731  38.233 -85.735  1.36
5 20  8.0 38.23 -85.733  38.23 -85.733  0.31
7 19  15.0 38.23 -85.733  38.23 -85.733  2.27
4 19  4.0 38.231 -85.734  38.231 -85.732  0.12
6 12  5.0 38.231 -85.733  38.231 -85.733  0.28
7 18  21.0 38.232 -85.733  38.23 -85.733  2.36
1 19  4.0 38.236 -85.732  38.229 -85.734  0.44
2 19  8.0 38.237 -85.731  38.233 -85.735  0.559
4 13  6.0 38.242 -85.732  38.23 -85.734  1.18
3 16  15.0 38.251 -85.734  38.233 -85.732  1.79
7 12  6.0 38.217 -85.734  38.231 -85.731  0.82
7 22  13.0 38.224 -85.732  38.229 -85.733  1.305
6 14  4.0 38.226 -85.73  38.23 -85.735  0.59
2 14  2.0 38.227 -85.731  38.23 -85.734  0.621
4 17  7.0 38.226 -85.731  38.231 -85.734  0.59
3 15  9.0 38.226 -85.731  38.231 -85.734  1.37
3 14  6.0 38.227 -85.731  38.231 -85.734  0.71
6 14  6.0 38.225 -85.731  38.233 -85.734  0.746
7 8  3.0 38.228 -85.73  38.232 -85.735  0.3
1 17  4.0 38.23 -85.731  38.23 -85.734  0.22
7 10  4.0 38.229 -85.73  38.232 -85.735  0.43
1 9  15.0 38.231 -85.732  38.23 -85.733  1.96
7 18  3.0 38.232 -85.732  38.23 -85.733  0.1
5 21  11.0 38.232 -85.734  38.231 -85.731  0.34
2 6  17.0 38.232 -85.734  38.231 -85.731  3.02
6 18  2.0 38.233 -85.731  38.231 -85.734  0.25
4 18  3.0 38.231 -85.731  38.233 -85.734  0.28
7 20  5.0 38.234 -85.732  38.232 -85.733  0.06
3 10  3.0 38.236 -85.734  38.232 -85.731  0.286
1 10  16.0 38.243 -85.73  38.229 -85.735  2.72
2 15  23.0 38