7 10  21.0 38.265 -85.785  38.252 -85.734  3.31
5 6  22.0 38.212 -85.768  38.253 -85.735  3.97
1 10  11.0 38.257 -85.765  38.255 -85.735  1.68
4 20  15.0 38.257 -85.765  38.255 -85.735  1.305
6 6  7.0 38.256 -85.764  38.254 -85.735  1.71
1 10  51.0 38.257 -85.764  38.253 -85.735  2.59
7 11  23.0 38.257 -85.764  38.254 -85.735  1.7
7 11  23.0 38.258 -85.764  38.254 -85.735  1.78
7 11  23.0 38.258 -85.764  38.254 -85.735  1.81
4 19  12.0 38.259 -85.765  38.254 -85.734  1.88
4 8  27.0 38.258 -85.765  38.255 -85.734  2.32
1 15  23.0 38.222 -85.764  38.252 -85.734  4.039
7 13  18.0 38.235 -85.764  38.253 -85.734  0.746
4 17  24.0 38.236 -85.765  38.252 -85.733  2.79
1 14  38.0 38.256 -85.763  38.253 -85.735  2.485
1 10  54.0 38.257 -85.763  38.253 -85.735  2.31
7 18  14.0 38.257 -85.763  38.254 -85.735  1.43
7 11  23.0 38.205 -85.764  38.253 -85.733  4.6
7 11  23.0 38.205 -85.764  38.253 -85.733  4.61
7 11  24.0 38.205 -85.764  38.253 -85.733  4.63
7 11  24.0 38.205 -85.764  38.253 -85.733  4.63
7 11  24.0 38.205 -85.764  38.253 -85.733  4.64
6 19  23.0 38.209 -85.765  38.253 -85.732  4.847
6 11  39.0 38.218 -85.763  38.252 -85.734  4.26
7 16  40.0 38.221 -85.764  38.254 -85.733  3.53
7 11  35.0 38.234 -85.764  38.253 -85.733  3.542
7 11  35.0 38.235 -85.764  38.253 -85.733  3.542
5 7  9.0 38.257 -85.762  38.253 -85.735  1.49
7 11  23.0 38.256 -85.762  38.254 -85.735  1.86
3 9  9.0 38.257 -85.763  38.254 -85.734  1.88
7 10  14.0 38.256 -85.763  38.255 -85.734  1.81
1 22  15.0 38.256 -85.762  38.255 -85.735  1.6
7 15  19.0 38.257 -85.762  38.254 -85.735  1.71
6 15  22.0 38.257 -85.762  38.254 -85.735  3.79
7 10  18.0 38.257 -85.763  38.255 -85.734  1.9
6 17  18.0 38.259 -85.762  38.254 -85.735  1.48
3 7  30.0 38.214 -85.761  38.253 -85.735  4.41
2 12  15.0 38.247 -85.761  38.253 -85.735  1.67
7 8  20.0 38.254 -85.763  38.252 -85.733  1.78
5 14  9.0 38.255 -85.763  38.252 -85.733  1.65
5 19  12.0 38.256 -85.761  38.253 -85.735  1.4
3 14  14.0 38.256 -85.762  38.253 -85.734  1.762
7 15  25.0 38.257 -85.763  38.254 -85.733  1.68
7 15  26.0 38.257 -85.763  38.254 -85.733  0.373
1 21  31.0 38.257 -85.762  38.254 -85.734  3.418
7 10  16.0 38.257 -85.763  38.255 -85.733  1.92
7 20  23.0 38.231 -85.761  38.255 -85.734  3.231
3 12  13.0 38.254 -85.76  38.254 -85.735  0.808
1 10  52.0 38.255 -85.76  38.253 -85.735  2.79
6 17  13.0 38.254 -85.76  38.255 -85.735  1.45
5 13  14.0 38.256 -85.76  38.255 -85.735  1.616
1 10  15.0 38.259 -85.761  38.252 -85.734  2.11
1 11  16.0 38.257 -85.761  38.255 -85.734  1.988
1 12  26.0 38.258 -85.763  38.255 -85.732  1.864
3 17  31.0 38.208 -85.763  38.254 -85.731  4.91
7 16  25.0 38.219 -85.759  38.255 -85.735  3.6
7 16  28.0 38.22 -85.759  38.255 -85.735  3.61
2 8  12.0 38.234 -85.762  38.252 -85.732  2.38
4 13  15.0 38.245 -85.76  38.255 -85.734  2.02
4 15  11.0 38.255 -85.761  38.252 -85.733  1.48
6 19  13.0 38.255 -85.761  38.252 -85.733  1.745
7 11  20.0 38.256 -85.759  38.252 -85.735  0.435
4 17  43.0 38.255 -85.76  38.253 -85.734  3.48
4 11  17.0 38.256 -85.759  38.253 -85.735  1.17
1 13  42.0 38.256 -85.759  38.254 -85.735  1.367
1 14  55.0 38.257 -85.759  38.253 -85.735  2.08
6 17  13.0 38.257 -85.759  38.255 -85.735  1.46
1 12  29.0 38.26 -85.761  38.254 -85.733  2.423
4 8  16.0 38.223 -85.758  38.255 -85.735  3.15
1 13  31.0 38.228 -85.759  38.254 -85.734  3.14
7 18  15.0 38.234 -85.761  38.253 -85.732  1.875
7 14  21.0 38.236 -85.758  38.255 -85.735  2.61
6 13  31.0 38.239 -85.759  38.253 -85.734  3.36
6 21  28.0 38.243 -85.758  38.252 -85.735  1.243
2 12  16.0 38.248 -85.758  38.253 -85.735  1.58
1 14  21.0 38.249 -85.758  38.252 -85.735  1.85
7 12  32.0 38.249 -85.759  38.252 -85.734  1.76
6 17  34.0 38.248 -85.762  38.253 -85.731  3.355
7 9  14.0 38.249 -85.758  38.253 -85.735  1.44
5 13  11.0 38.25 -85.759  38.253 -85.734  1.74
7 15  28.0 38.251 -85.759  38.253 -85.734  4.163
4 17  16.0 38.25 -85.758  38.255 -85.735  1.58
7 10  18.0 38.25 -85.759  38.255 -85.734  2.1
1 9  26.0 38.25 -85.759  38.255 -85.734  1.96
3 13  9.0 38.253 -85.759  38.253 -85.734  1.34
7 20  12.0 38.251 -85.758  38.255 -85.735  1.56
7 15  14.0 38.252 -85.758  38.254 -85.735  1.6
7 12  14.0 38.252 -85.758  38.255 -85.735  2.175
7 13  19.0 38.253 -85.758  38.254 -85.735  1.93
1 11  16.0 38.255 -85.76  38.253 -85.733  1.49
4 12  12.0 38.257 -85.758  38.254 -85.735  1.61
3 19  12.0 38.256 -85.759  38.255 -85.734  1.802
7 17  15.0 38.258 -85.758  38.253 -85.735  0.311
1 20  15.0 38.257 -85.759  38.254 -85.734  1.45
7 15  25.0 38.257 -85.759  38.254 -85.734  1.678
1 20  15.0 38.257 -85.759  38.255 -85.734  1.51
7 8  24.0 38.225 -85.759  38.252 -85.733  3.14
6 14  21.0 38.232 -85.757  38.255 -85.735  2.89
5 5  9.0 38.246 -85.758  38.252 -85.734  1.41
7 12  16.0 38.244 -85.759  38.254 -85.733  1.96
7 5  18.0 38.246 -85.757  38.254 -85.735  2.08
7 14  19.0 38.249 -85.758  38.253 -85.734  1.66
6 12  21.0 38.25 -85.758  38.252 -85.734  1.64
7 16  13.0 38.252 -85.759  38.252 -85.733  1.51
2 18  17.0 38.249 -85.76  38.255 -85.732  2.051
7 12  17.0 38.252 -85.757  38.253 -85.735  1.429
7 8  18.0 38.251 -85.757  38.254 -85.735  2.4
2 15  37.0 38.252 -85.759  38.253 -85.733  2.41
6 8  9.0 38.254 -85.757  38.253 -85.735  1.35
1 9  10.0 38.254 -85.757  38.253 -85.735  1.3
1 12  18.0 38.255 -85.761  38.252 -85.731  1.74
4 15  11.0 38.255 -85.757  38.253 -85.735  1.45
2 17  11.0 38.253 -85.757  38.255 -85.735  1.57
7 19  12.0 38.256 -85.759  38.252 -85.733  1.56
5 16  19.0 38.255 -85.757  38.253 -85.735  1.52
6 12  21.0 38.254 -85.759  38.254 -85.733  1.77
1 13  9.0 38.254 -85.757  38.255 -85.735  1.31
7 16  12.0 38.256 -85.757  38.253 -85.735  1.34
7 16  25.0 38.255 -85.757  38.254 -85.735  1.95
6 4  10.0 38.255 -85.758  38.255 -85.734  1.45
2 12  12.0 38.255 -85.758  38.255 -85.734  1.491
6 17  14.0 38.257 -85.758  38.253 -85.734  1.57
6 19  15.0 38.257 -85.758  38.253 -85.734  1.4
6 20  18.0 38.257 -85.757  38.253 -85.735  1.45
6 12  24.0 38.255 -85.758  38.255 -85.734  1.44
5 16  24.0 38.257 -85.757  38.253 -85.735  1.6
7 14  9.0 38.258 -85.759  38.253 -85.733  1.57
6 17  11.0 38.256 -85.757  38.255 -85.735  1.38
7 11  14.0 38.256 -85.76  38.255 -85.732  1.98
1 18  16.0 38.258 -85.76  38.253 -85.732  1.522
7 14  17.0 38.258 -85.757  38.253 -85.735  1.5
7 21  19.0 38.257 -85.759  38.255 -85.733  2.051
1 11  21.0 38.258 -85.758  38.254 -85.734  2.113
7 3  27.0 38.226 -85.759  38.254 -85.732  2.75
6 14  19.0 38.23 -85.756  38.253 -85.735  2.62
5 12  14.0 38.236 -85.757  38.253 -85.734  2.44
6 19  11.0 38.247 -85.756  38.252 -85.735  1.305
7 21  23.0 38.249 -85.756  38.253 -85.735  1.64
6 12  47.0 38.248 -85.76  38.254 -85.731  2.361
3 17  16.0 38.249 -85.757  38.254 -85.734  1.262
7 14  26.0 38.249 -85.758  38.255 -85.733  2.04
2 17  11.0 38.252 -85.756  38.253 -85.735  1.25
1 17  12.0 38.251 -85.757  38.254 -85.734  1.553
1 14  24.0 38.252 -85.758  38.253 -85.733  1.988
4 3  7.0 38.253 -85.757  38.253 -85.734  1.37
7 15  29.0 38.252 -85.758  38.254 -85.733  4.287
5 16  12.0 38.253 -85.757  38.254 -85.734  1.52
3 10  13.0 38.253 -85.76  38.254 -85.731  2.423
6 23  16.0 38.253 -85.757  38.254 -85.734  1.565
1 14  22.0 38.252 -85.757  38.255 -85.734  1.55
6 23  16.0 38.253 -85.757  38.255 -85.734  2.051
5 16  19.0 38.255 -85.756  38.253 -85.735  1.9
3 14  7.0 38.255 -85.758  38.254 -85.733  1.491
4 13  8.0 38.254 -85.756  38.255 -85.735  1.23
5 11  10.0 38.256 -85.757  38.253 -85.734  1.34
2 8  10.0 38.256 -85.756  38.253 -85.735  1.45
4 13  12.0 38.255 -85.757  38.254 -85.734  3.169
7 13  17.0 38.255 -85.756  38.254 -85.735  1.4
7 16  17.0 38.256 -85.758  38.253 -85.733  1.44
6 12  21.0 38.255 -85.758  38.254 -85.733  1.49
4 13  21.0 38.256 -85.757  38.253 -85.734  2.051
6 12  22.0 38.255 -85.758  38.254 -85.733  1.76
2 12  10.0 38.255 -85.756  38.255 -85.735  1.62
6 21  12.0 38.256 -85.758  38.254 -85.733  0.497
6 11  12.0 38.257 -85.756  38.253 -85.735  1.31
7 18  22.0 38.257 -85.756  38.253 -85.735  1.616
5 16  25.0 38.257 -85.756  38.253 -85.735  1.74
4 12  11.0 38.257 -85.757  38.254 -85.734  1.251
2 16  14.0 38.256 -85.757  38.255 -85.734  1.74
4 16  29.0 38.258 -85.758  38.253 -85.733  2.43
4 15  14.0 38.258 -85.757  38.254 -85.734  1.988
6 3  7.0 38.262 -85.757  38.253 -85.734  1.15
7 16  26.0 38.219 -85.755  38.255 -85.735  3.68
4 13  28.0 38.226 -85.757  38.253 -85.733  2.87
6 5  8.0 38.249 -85.756  38.252 -85.734  1.09
6 7  12.0 38.252 -85.756  38.252 -85.734  1.56
1 21  8.0 38.252 -85.755  38.253 -85.735  1.16
4 12  13.0 38.253 -85.757  38.252 -85.733  0.932
4 20  15.0 38.253 -85.755  38.252 -85.735  1.56
7 13  16.0 38.253 -85.757  38.252 -85.733  1.45
6 16  17.0 38.253 -85.757  38.252 -85.733  1.63
4 19  19.0 38.251 -85.758  38.254 -85.732  1.68
7 21  19.0 38.251 -85.758  38.254 -85.732  2.237
4 22  7.0 38.253 -85.755  38.253 -85.735  0.97
3 18  10.0 38.253 -85.755  38.253 -85.735  1.418
7 13  15.0 38.253 -85.757  38.253 -85.733  1.43
2 20  24.0 38.253 -85.757  38.253 -85.733  2.051
3 8  8.0 38.254 -85.756  38.253 -85.734  1.3
1 13  21.0 38.255 -85.755  38.252 -85.735  2.74
1 8  8.0 38.255 -85.756  38.253 -85.734  1.325
4 12  11.0 38.256 -85.756  38.252 -85.734  1.39
7 16  37.0 38.253 -85.756  38.255 -85.734  1.43
4 12  12.0 38.255 -85.756  38.254 -85.734  1.678
4 8  14.0 38.257 -85.755  38.252 -85.735  1.64
7 16  20.0 38.256 -85.758  38.253 -85.732  1.43
6 14  8.0 38.257 -85.756  38.253 -85.734  1.27
6 11  9.0 38.257 -85.756  38.253 -85.734  0.186
4 13  10.0 38.255 -85.758  38.255 -85.732  1.5
7 17  13.0 38.256 -85.755  38.255 -85.735  1.25
6 12  20.0 38.257 -85.757  38.254 -85.733  1.61
3 19  36.0 38.256 -85.756  38.255 -85.734  2.42
3 11  45.0 38.257 -85.757  38.254 -85.733  1.61
5 7  8.0 38.257 -85.755  38.255 -85.735  1.12
4 14  9.0 38.257 -85.755  38.255 -85.735  1.12
4 4  9.0 38.258 -85.757  38.254 -85.733  1.35
7 19  21.0 38.259 -85.755  38.253 -85.735  1.58
3 13  12.0 38.259 -85.756  38.255 -85.734  1.38
7 16  39.0 38.218 -85.754  38.255 -85.735  3.93
1 16  30.0 38.235 -85.755  38.255 -85.734  3.08
4 17  22.0 38.242 -85.754  38.255 -85.735  2.951
4 18  17.0 38.246 -85.755  38.253 -85.734  1.47
1 16  11.0 38.248 -85.755  38.252 -85.734  1.553
2 15  11.0 38.249 -85.754  38.252 -85.735  1.52
1 17  16.0 38.248 -85.755  38.254 -85.734  1.429
4 10  7.0 38.251 -85.754  38.252 -85.735  1.367
1 22  11.0 38.252 -85.754  38.253 -85.735  1.25
7 12  14.0 38.252 -85.754  38.253 -85.735  1.63
5 18  21.0 38.252 -85.754  38.253 -85.735  1.14
4 17  10.0 38.252 -85.754  38.254 -85.735  1.34
2 15  16.0 38.254 -85.756  38.252 -85.733  1.802
5 8  24.0 38.252 -85.756  38.254 -85.733  1.64
5 20  12.0 38.253 -85.755  38.254 -85.734  0.994
6 15  18.0 38.254 -85.755  38.253 -85.734  2.051
6 11  40.0 38.253 -85.754  38.254 -85.735  3.62
1 17  43.0 38.253 -85.755  38.254 -85.734  0.33
3 12  11.0 38.256 -85.755  38.252 -85.734  1.55
1 15  32.0 38.256 -85.754  38.253 -85.735  3.231
2 1  7.0 38.255 -85.755  38.255 -85.734  1.28
5 11  9.0 38.257 -85.757  38.253 -85.732  0.57
6 19  15.0 38.257 -85.756  38.253 -85.733  1.41
7 14  14.0 38.258 -85.756  38.253 -85.733  1.305
7 18  29.0 38.256 -85.754  38.255 -85.735  2.92
3 15  12.0 38.258 -85.755  38.255 -85.734  1.46
5 3  19.0 38.215 -85.754  38.252 -85.734  3.21
7 16  36.0 38.218 -85.755  38.255 -85.733  4.01
3 14  18.0 38.227 -85.756  38.254 -85.732  2.94
7 16  54.0 38.248 -85.755  38.254 -85.733  2.33
5 9  15.0 38.25 -85.756  38.254 -85.732  1.46
1 10  20.0 38.251 -85.753  38.253 -85.735  2.22
7 6  22.0 38.25 -85.755  38.254 -85.733  1.55
4 16  12.0 38.252 -85.756  38.253 -85.732  1.28
3 17  10.0 38.254 -85.754  38.252 -85.734  1.179
7 19  16.0 38.253 -85.754  38.253 -85.734  1.3
4 20  29.0 38.253 -85.753  38.253 -85.735  2.49
1 19  10.0 38.254 -85.753  38.253 -85.735  1.39
7 6  20.0 38.253 -85.755  38.254 -85.733  1.55
6 10  22.0 38.254 -85.755  38.253 -85.733  2.175
7 13  18.0 38.253 -85.755  38.255 -85.733  1.43
7 15  11.0 38.256 -85.753  38.253 -85.735  1.01
1 12  13.0 38.254 -85.754  38.255 -85.734  1.616
1 10  9.0 38.256 -85.753  38.254 -85.735  1.0
7 9  33.0 38.256 -85.755  38.254 -85.733  1.94
3 15  7.0 38.256 -85.753  38.255 -85.735  1.2
4 18  8.0 38.256 -85.753  38.255 -85.735  1.29
5 16  9.0 38.256 -85.753  38.255 -85.735  1.284
1 6  9.0 38.256 -85.756  38.255 -85.732  1.46
5 15  14.0 38.256 -85.753  38.255 -85.735  1.181
7 9  19.0 38.256 -85.754  38.255 -85.734  1.0
3 18  6.0 38.257 -85.753  38.255 -85.735  1.2
7 16  11.0 38.259 -85.753  38.253 -85.735  1.19
6 21  13.0 38.258 -85.755  38.254 -85.733  1.491
6 19  14.0 38.259 -85.754  38.255 -85.734  2.08
2 13  14.0 38.235 -85.753  38.252 -85.734  2.361
4 14  15.0 38.235 -85.754  38.254 -85.733  2.27
4 13  15.0 38.236 -85.754  38.254 -85.733  2.14
1 11  14.0 38.25 -85.752  38.252 -85.735  1.305
3 12  9.0 38.252 -85.753  38.252 -85.734  1.24
6 10  20.0 38.251 -85.754  38.253 -85.733  1.553
6 11  12.0 38.252 -85.753  38.253 -85.734  1.27
5 16  20.0 38.252 -85.752  38.253 -85.735  2.01
1 17  34.0 38.251 -85.755  38.254 -85.732  3.44
2 14  12.0 38.253 -85.752  38.253 -85.735  1.15
3 19  8.0 38.254 -85.752  38.253 -85.735  1.056
7 16  30.0 38.252 -85.755  38.255 -85.732  2.858
4 7  7.0 38.255 -85.753  38.253 -85.734  1.06
1 17  13.0 38.254 -85.753  38.254 -85.734  1.12
1 11  18.0 38.254 -85.755  38.254 -85.732  1.802
7 16  23.0 38.255 -85.752  38.253 -85.735  2.61
1 6  25.0 38.254 -85.752  38.254 -85.735  1.21
7 15  31.0 38.255 -85.752  38.253 -85.735  2.37
3 2  6.0 38.257 -85.753  38.252 -85.734  0.97
4 8  10.0 38.256 -85.753  38.253 -85.734  1.18
7 16  11.0 38.256 -85.753  38.253 -85.734  1.22
7 11  12.0 38.256 -85.752  38.253 -85.735  0.994
6 13  12.0 38.257 -85.754  38.252 -85.733  1.181
1 17  17.0 38.256 -85.752  38.253 -85.735  2.16
7 19  33.0 38.256 -85.753  38.253 -85.734  4.847
3 11  7.0 38.255 -85.752  38.255 -85.735  1.35
4 13  9.0 38.257 -85.753  38.253 -85.734  1.09
4 13  10.0 38.257 -85.753  38.253 -85.734  1.09
3 18  6.0 38.256 -85.752  38.255 -85.735  0.96
2 14  8.0 38.256 -85.753  38.255 -85.734  1.01
4 13  8.0 38.256 -85.753  38.255 -85.734  1.37
7 16  12.0 38.259 -85.753  38.255 -85.734  0.97
7 7  15.0 38.233 -85.752  38.254 -85.734  2.38
4 18  14.0 38.235 -85.754  38.253 -85.732  2.36
5 5  7.0 38.245 -85.752  38.252 -85.734  1.16
4 5  7.0 38.246 -85.752  38.252 -85.734  1.0
4 11  9.0 38.247 -85.752  38.252 -85.734  1.26
3 14  15.0 38.247 -85.751  38.253 -85.735  1.32
7 9  14.0 38.25 -85.754  38.252 -85.732  1.26
7 21  19.0 38.249 -85.754  38.254 -85.732  2.237
1 6  9.0 38.252 -85.753  38.252 -85.733  1.37
3 17  23.0 38.252 -85.753  38.252 -85.733  1.616
3 15  7.0 38.252 -85.751  38.253 -85.735  0.89
1 12  21.0 38.253 -85.752  38.252 -85.734  3.39
2 19  12.0 38.253 -85.751  38.253 -85.735  1.181
2 20  15.0 38.251 -85.752  38.255 -85.734  0.746
2 13  22.0 38.252 -85.753  38.254 -85.733  0.11
5 10  8.0 38.255 -85.751  38.252 -85.735  0.859
3 14  49.0 38.254 -85.755  38.253 -85.731  3.11
4 8  7.0 38.256 -85.753  38.252 -85.733  1.3
5 7  10.0 38.256 -85.753  38.252 -85.733  1.3
6 20  12.0 38.256 -85.752  38.252 -85.734  1.1
2 11  13.0 38.255 -85.754  38.253 -85.732  1.243
7 10  14.0 38.253 -85.752  38.255 -85.734  1.243
2 19  14.0 38.256 -85.753  38.252 -85.733  1.616
7 18  20.0 38.255 -85.754  38.253 -85.732  2.672
5 7  7.0 38.256 -85.753  38.253 -85.733  1.24
4 8  8.0 38.256 -85.753  38.253 -85.733  1.3
3 6  9.0 38.256 -85.752  38.253 -85.734  1.12
5 13  9.0 38.255 -85.755  38.254 -85.731  1.22
4 8  9.0 38.256 -85.753  38.253 -85.733  1.27
6 23  16.0 38.254 -85.753  38.255 -85.733  1.305
7 20  16.0 38.255 -85.751  38.254 -85.735  1.491
3 16  50.0 38.255 -85.751  38.254 -85.735  3.7
5 20  6.0 38.256 -85.751  38.254 -85.735  0.64
2 11  7.0 38.256 -85.753  38.254 -85.733  1.54
3 8  8.0 38.256 -85.753  38.254 -85.733  1.46
2 11  8.0 38.256 -85.753  38.254 -85.733  1.53
6 11  8.0 38.256 -85.753  38.254 -85.733  1.55
2 11  9.0 38.256 -85.753  38.254 -85.733  1.5
6 11  9.0 38.256 -85.753  38.254 -85.733  1.5
2 11  15.0 38.255 -85.753  38.255 -85.733  2.74
6 20  7.0 38.256 -85.751  38.255 -85.735  0.95
5 11  7.0 38.257 -85.753  38.254 -85.733  1.17
4 7  7.0 38.257 -85.753  38.254 -85.733  1.37
6 20  8.0 38.256 -85.751  38.255 -85.735  0.92
6 20  8.0 38.256 -85.751  38.255 -85.735  0.95
6 20  8.0 38.256 -85.751  38.255 -85.735  0.97
4 7  9.0 38.257 -85.753  38.254 -85.733  1.43
6 20  10.0 38.256 -85.751  38.255 -85.735  0.94
7 11  11.0 38.257 -85.753  38.254 -85.733  1.135
6 17  12.0 38.256 -85.752  38.255 -85.734  1.37
4 19  14.0 38.256 -85.755  38.255 -85.731  1.54
7 14  10.0 38.257 -85.754  38.255 -85.732  1.21
5 18  12.0 38.258 -85.755  38.254 -85.731  2.361
6 19  13.0 38.257 -85.753  38.255 -85.733  1.91
7 17  8.0 38.258 -85.752  38.255 -85.734  1.73
6 19  14.0 38.259 -85.754  38.255 -85.732  1.33
5 12  13.0 38.23 -85.751  38.253 -85.734  1.86
1 12  13.0 38.232 -85.751  38.253 -85.734  2.29
1 15  41.0 38.232 -85.752  38.253 -85.733  2.9
7 16  18.0 38.236 -85.752  38.254 -85.733  2.13
2 9  13.0 38.242 -85.751  38.252 -85.734  1.62
7 17  19.0 38.244 -85.75  38.254 -85.735  2.21
4 1  11.0 38.247 -85.751  38.255 -85.734  1.19
5 16  13.0 38.251 -85.752  38.253 -85.733  1.32
2 5  9.0 38.252 -85.753  38.253 -85.732  1.5
6 12  12.0 38.25 -85.753  38.255 -85.732  1.58
6 23  14.0 38.252 -85.751  38.254 -85.734  1.056
2 15  44.0 38.253 -85.751  38.253 -85.734  4.89
7 19  27.0 38.252 -85.751  38.255 -85.734  1.83
2 17  5.0 38.254 -85.75  38.254 -85.735  0.684
6 12  6.0 38.254 -85.75  38.254 -85.735  0.932
5 20  7.0 38.255 -85.75  38.253 -85.735  1.09
4 8  8.0 38.256 -85.753  38.252 -85.732  1.43
4 7  10.0 38.256 -85.753  38.252 -85.732  1.34
7 14  22.0 38.256 -85.75  38.252 -85.735  2.02
1 19  8.0 38.256 -85.751  38.253 -85.734  1.24
4 8  10.0 38.256 -85.752  38.253 -85.733  1.3
4 20  14.0 38.257 -85.751  38.252 -85.734  1.31
4 16  31.0 38.255 -85.75  38.254 -85.735  2.46
5 11  6.0 38.256 -85.752  38.254 -85.733  1.29
7 20  14.0 38.258 -85.753  38.252 -85.732  1.69
7 16  21.0 38.255 -85.751  38.255 -85.734  2.73
5 17  29.0 38.257 -85.75  38.253 -85.735  1.51
5 11  6.0 38.256 -85.75  38.255 -85.735  1.0
3 5  13.0 38.256 -85.752  38.255 -85.733  0.249
5 11  6.0 38.26 -85.752  38.254 -85.733  1.29
6 15  27.0 38.261 -85.75  38.255 -85.735  1.864
6 5  12.0 38.241 -85.752  38.254 -85.732  2.05
4 5  6.0 38.247 -85.75  38.254 -85.734  1.06
1 11  26.0 38.249 -85.753  38.252 -85.731  2.46
1 13  14.0 38.25 -85.75  38.253 -85.734  1.56
2 19  13.0 38.252 -85.75  38.252 -85.734  1.243
2 14  9.0 38.252 -85.751  38.253 -85.733  1.0
7 16  10.0 38.253 -85.751  38.252 -85.733  0.684
6 16  6.0 38.254 -85.75  38.252 -85.734  0.87
4 10  7.0 38.254 -85.75  38.252 -85.734  1.12
6 18  7.0 38.254 -85.75  38.253 -85.734  0.932
7 13  7.0 38.253 -85.75  38.254 -85.734  1.056
5 13  6.0 38.254 -85.75  38.254 -85.734  0.9
5 13  6.0 38.254 -85.751  38.254 -85.733  1.056
3 19  9.0 38.254 -85.75  38.254 -85.734  0.98
4 5  9.0 38.256 -85.752  38.252 -85.732  1.16
4 9  9.0 38.256 -85.752  38.252 -85.732  1.39
3 11  15.0 38.253 -85.751  38.255 -85.733  1.86
2 13  22.0 38.253 -85.75  38.255 -85.734  1.243
4 12  6.0 38.255 -85.749  38.254 -85.735  0.84
7 11  11.0 38.255 -85.752  38.254 -85.732  1.22
7 16  13.0 38.257 -85.751  38.252 -85.733  1.32
3 18  5.0 38.256 -85.751  38.254 -85.733  1.07
7 16  6.0 38.255 -85.75  38.255 -85.734  0.81
6 17  6.0 38.256 -85.75  38.254 -85.734  0.87
2 17  7.0 38.256 -85.752  38.255 -85.732  1.19
2 19  14.0 38.256 -85.75  38.255 -85.734  0.85
6 20  34.0 38.256 -85.75  38.255 -85.734  4.09
4 16  7.0 38.257 -85.75  38.255 -85.734  0.84
1 15  8.0 38.258 -85.749  38.255 -85.735  1.243
1 16  30.0 38.235 -85.752  38.255 -85.731  3.19
2 13  17.0 38.244 -85.748  38.252 -85.735  0.808
4 14  12.0 38.247 -85.748  38.253 -85.735  1.27
6 22  14.0 38.251 -85.749  38.252 -85.734  1.616
2 19  9.0 38.253 -85.749  38.252 -85.734  0.92
2 17  9.0 38.252 -85.75  38.253 -85.733  1.243
6 11  8.0 38.254 -85.749  38.253 -85.734  0.96
3 12  23.0 38.254 -85.748  38.253 -85.735  1.72
6 17  7.0 38.254 -85.749  38.254 -85.734  0.84
1 14  9.0 38.254 -85.748  38.254 -85.735  0.81
4 18  10.0 38.255 -85.748  38.253 -85.735  1.01
7 16  37.0 38.253 -85.75  38.255 -85.733  1.49
4 3  6.0 38.256 -85.752  38.253 -85.731  1.27
1 7  7.0 38.255 -85.749  38.255 -85.734  0.91
4 11  13.0 38.256 -85.75  38.254 -85.733  1.41
3 9  6.0 38.256 -85.75  38.255 -85.733  1.1
6 8  7.0 38.257 -85.751  38.254 -85.732  1.27
6 21  35.0 38.257 -85.752  38.254 -85.731  1.926
3 7  6.0 38.247 -85.747  38.252 -85.735  0.8
1 5  6.0 38.253 -85.751  38.252 -85.731  1.0
2 14  11.0 38.251 -85.751  38.254 -85.731  1.429
4 21  24.0 38.253 -85.751  38.253 -85.731  2.175
3 11  4.0 38.254 -85.748  38.253 -85.734  0.75
4 18  5.0 38.254 -85.747  38.253 -85.735  0.51
7 13  6.0 38.254 -85.748  38.253 -85.734  0.808
6 0  7.0 38.253 -85.749  38.254 -85.733  1.02
6 11  11.0 38.253 -85.749  38.254 -85.733  1.27
6 22  14.0 38.252 -85.749  38.255 -85.733  1.367
4 9  45.0 38.254 -85.747  38.253 -85.735  3.17
6 19  7.0 38.254 -85.748  38.254 -85.734  0.808
1 18  13.0 38.255 -85.747  38.253 -85.735  1.76
7 10  16.0 38.254 -85.747  38.254 -85.735  1.491
5 13  5.0 38.254 -85.749  38.255 -85.733  0.8
1 15  7.0 38.256 -85.747  38.253 -85.735  0.86
3 12  7.0 38.254 -85.748  38.255 -85.734  1.18
4 18  7.0 38.256 -85.748  38.254 -85.734  0.746
7 10  8.0 38.257 -85.748  38.253 -85.734  1.05
7 10  9.0 38.257 -85.748  38.253 -85.734  0.96
5 19  12.0 38.258 -85.75  38.252 -85.732  1.243
7 20  19.0 38.258 -85.747  38.252 -85.735  2.175
6 21  18.0 38.259 -85.748  38.252 -85.734  1.367
5 21  49.0 38.256 -85.748  38.255 -85.734  1.26
6 16  17.0 38.257 -85.747  38.255 -85.735  0.8
1 8  6.0 38.259 -85.748  38.255 -85.734  1.05
7 18  16.0 38.23 -85.748  38.255 -85.733  2.49
7 14  8.0 38.243 -85.75  38.254 -85.731  1.39
7 13  18.0 38.244 -85.746  38.253 -85.735  1.5
4 20  7.0 38.248 -85.747  38.253 -85.734  0.93
4 11  10.0 38.249 -85.746  38.252 -85.735  0.915
3 11  7.0 38.249 -85.747  38.253 -85.734  0.81
3 11  7.0 38.248 -85.747  38.254 -85.734  0.836
7 9  5.0 38.25 -85.746  38.253 -85.735  0.88
5 11  7.0 38.249 -85.746  38.254 -85.735  0.95
3 9  6.0 38.249 -85.747  38.255 -85.734  1.2
4 11  8.0 38.251 -85.747  38.253 -85.734  1.12
6 18  8.0 38.251 -85.747  38.254 -85.734  1.07
6 17  7.0 38.254 -85.749  38.252 -85.732  1.12
5 12  5.0 38.254 -85.746  38.253 -85.735  0.621
7 13  5.0 38.254 -85.746  38.253 -85.735  0.67
4 19  6.0 38.254 -85.746  38.253 -85.735  0.7
3 11  7.0 38.254 -85.75  38.253 -85.731  1.44
5 23  16.0 38.254 -85.748  38.253 -85.733  2.858
2 15  4.0 38.255 -85.746  38.253 -85.735  0.63
6 16  6.0 38.254 -85.747  38.254 -85.734  0.7
4 15  7.0 38.254 -85.748  38.254 -85.733  1.11
7 7  5.0 38.255 -85.746  38.254 -85.735  0.6
7 13  6.0 38.255 -85.747  38.254 -85.734  1.181
2 17  8.0 38.256 -85.746  38.253 -85.735  0.5
6 19  8.0 38.255 -85.747  38.254 -85.734  0.746
5 23  11.0 38.257 -85.747  38.252 -85.734  0.808
4 15  7.0 38.255 -85.746  38.255 -85.735  0.66
4 20  7.0 38.255 -85.747  38.255 -85.734  0.98
1 15  12.0 38.256 -85.747  38.254 -85.734  0.72
7 18  25.0 38.258 -85.747  38.252 -85.734  4.16
3 16  8.0 38.256 -85.748  38.255 -85.733  0.994
7 11  18.0 38.259 -85.748  38.254 -85.733  0.88
5 16  46.0 38.259 -85.748  38.254 -85.733  0.69
7 13  7.0 38.247 -85.746  38.253 -85.734  0.741
3 20  31.0 38.248 -85.746  38.252 -85.734  2.91
4 7  4.0 38.248 -85.745  38.253 -85.735  0.63
6 12  8.0 38.248 -85.746  38.254 -85.734  1.293
5 7  5.0 38.249 -85.746  38.254 -85.734  0.75
2 8  6.0 38.251 -85.746  38.252 -85.734  0.87
4 12  10.0 38.248 -85.746  38.255 -85.734  1.13
3 11  9.0 38.25 -85.747  38.254 -85.733  1.48
6 14  6.0 38.252 -85.746  38.253 -85.734  0.87
1 15  18.0 38.252 -85.747  38.254 -85.733  2.73
7 17  9.0 38.252 -85.745  38.255 -85.735  0.311
5 14  11.0 38.252 -85.749  38.255 -85.731  1.305
5 17  15.0 38.255 -85.746  38.252 -85.734  1.13
6 11  16.0 38.253 -85.747  38.254 -85.733  1.66
6 12  42.0 38.254 -85.747  38.253 -85.733  1.05
2 13  4.0 38.254 -85.747  38.254 -85.733  0.64
2 18  6.0 38.255 -85.746  38.253 -85.734  0.746
7 21  7.0 38.255 -85.745  38.253 -85.735  0.6
5 7  7.0 38.253 -85.747  38.255 -85.733  1.0
6 15  8.0 38.256 -85.746  38.252 -85.734  0.72
3 17  10.0 38.254 -85.747  38.254 -85.733  0.83
2 9  15.0 38.254 -85.745  38.254 -85.735  0.87
2 8  15.0 38.253 -85.746  38.255 -85.734  1.88
5 13  18.0 38.257 -85.747  38.252 -85.733  1.118
4 15  48.0 38.255 -85.747  38.254 -85.733  4.48
7 14  5.0 38.255 -85.746  38.255 -85.734  0.68
4 17  8.0 38.255 -85.745  38.255 -85.735  0.496
3 18  12.0 38.255 -85.749  38.255 -85.731  1.74
7 17  16.0 38.258 -85.745  38.252 -85.735  0.98
7 20  17.0 38.255 -85.747  38.255 -85.733  1.589
1 10  18.0 38.256 -85.745  38.254 -85.735  1.69
7 12  8.0 38.258 -85.745  38.253 -85.735  0.77
2 9  8.0 38.258 -85.745  38.253 -85.735  0.82
5 19  23.0 38.258 -85.745  38.253 -85.735  2.28
2 10  44.0 38.258 -85.745  38.253 -85.735  3.56
4 6  5.0 38.258 -85.745  38.254 -85.735  0.58
6 20  13.0 38.258 -85.749  38.254 -85.731  1.11
4 15  39.0 38.258 -85.745  38.255 -85.735  4.02
6 12  17.0 38.259 -85.746  38.255 -85.734  1.33
6 11  7.0 38.245 -85.744  38.252 -85.735  1.02
2 13  8.0 38.246 -85.745  38.255 -85.734  1.18
4 10  6.0 38.249 -85.746  38.253 -85.733  1.08
5 13  12.0 38.249 -85.746  38.253 -85.733  1.243
5 11  7.0 38.249 -85.745  38.254 -85.734  0.88
5 7  7.0 38.249 -85.745  38.254 -85.734  0.96
3 6  7.0 38.249 -85.746  38.254 -85.733  0.99
2 13  9.0 38.249 -85.748  38.254 -85.731  0.962
6 9  4.0 38.25 -85.744  38.255 -85.735  0.82
2 10  5.0 38.252 -85.748  38.253 -85.731  0.88
7 12  4.0 38.252 -85.744  38.254 -85.735  0.21
6 13  4.0 38.254 -85.744  38.252 -85.735  0.61
6 15  6.0 38.252 -85.745  38.254 -85.734  0.74
3 7  6.0 38.253 -85.746  38.253 -85.733  0.85
7 13  8.0 38.254 -85.746  38.252 -85.733  0.77
6 21  9.0 38.254 -85.747  38.253 -85.732  0.85
7 20  10.0 38.253 -85.747  38.254 -85.732  1.181
7 12  5.0 38.255 -85.744  38.253 -85.735  0.42
6 8  5.0 38.255 -85.744  38.253 -85.735  0.84
5 13  6.0 38.255 -85.744  38.253 -85.735  0.37
7 21  7.0 38.255 -85.744  38.253 -85.735  0.6
2 8  8.0 38.255 -85.744  38.253 -85.735  1.07
3 12  9.0 38.255 -85.744  38.253 -85.735  0.57
7 14  9.0 38.255 -85.744  38.253 -85.735  0.808
2 18  9.0 38.255 -85.744  38.253 -85.735  1.0
3 12  9.0 38.255 -85.744  38.253 -85.735  1.04
3 12  10.0 38.255 -85.744  38.253 -85.735  0.53
3 12  11.0 38.255 -85.744  38.253 -85.735  0.56
6 16  12.0 38.255 -85.744  38.253 -85.735  1.68
6 16  12.0 38.255 -85.744  38.253 -85.735  1.7
1 15  26.0 38.255 -85.744  38.253 -85.735  1.99
3 8  3.0 38.255 -85.744  38.254 -85.735  0.54
4 1  7.0 38.254 -85.747  38.255 -85.732  0.97
3 13  6.0 38.256 -85.748  38.254 -85.731  1.65
7 14  11.0 38.256 -85.745  38.254 -85.734  0.46
2 13  15.0 38.256 -85.744  38.254 -85.735  0.75
7 20  15.0 38.255 -85.744  38.255 -85.735  1.62
6 15  7.0 38.259 -85.745  38.252 -85.734  0.74
1 7  10.0 38.256 -85.745  38.255 -85.734  0.75
7 10  14.0 38.256 -85.744  38.255 -85.735  0.77
5 11  17.0 38.258 -85.745  38.253 -85.734  1.737
7 20  22.0 38.258 -85.745  38.253 -85.734  2.71
3 14  39.0 38.257 -85.747  38.255 -85.732  2.32
4 22  6.0 38.259 -85.744  38.254 -85.735  0.746
6 10  13.0 38.258 -85.745  38.255 -85.734  1.1
1 15  15.0 38.258 -85.745  38.255 -85.734  0.86
1 11  16.0 38.258 -85.745  38.255 -85.734  0.87
4 20  24.0 38.258 -85.745  38.255 -85.734  1.98
4 21  26.0 38.258 -85.745  38.255 -85.734  1.27
4 21  32.0 38.258 -85.745  38.255 -85.734  1.4
6 15  19.0 38.268 -85.744  38.252 -85.735  1.802
5 11  5.0 38.246 -85.743  38.252 -85.735  0.8
3 18  9.0 38.247 -85.745  38.252 -85.733  1.243
3 6  6.0 38.248 -85.745  38.254 -85.733  1.07
3 11  6.0 38.249 -85.745  38.254 -85.733  0.86
7 15  5.0 38.252 -85.744  38.252 -85.734  0.8
3 10  6.0 38.252 -85.745  38.254 -85.733  1.01
1 12  11.0 38.254 -85.743  38.253 -85.735  0.67
7 13  12.0 38.254 -85.745  38.253 -85.733  0.684
5 16  14.0 38.255 -85.744  38.252 -85.734  1.56
7 18  16.0 38.253 -85.747  38.254 -85.731  1.553
5 16  18.0 38.255 -85.744  38.252 -85.734  1.56
2 7  5.0 38.255 -85.743  38.253 -85.735  0.43
7 12  5.0 38.255 -85.744  38.253 -85.734  0.75
7 15  12.0 38.255 -85.744  38.253 -85.734  1.056
7 16  45.0 38.255 -85.743  38.253 -85.735  1.47
6 9  3.0 38.255 -85.743  38.254 -85.735  0.4
5 15  6.0 38.255 -85.744  38.254 -85.734  0.559
3 1  6.0 38.254 -85.744  38.255 -85.734  0.95
7 6  9.0 38.255 -85.745  38.254 -85.733  0.8
1 18  9.0 38.257 -85.745  38.252 -85.733  1.86
4 18  10.0 38.255 -85.745  38.254 -85.733  0.72
4 17  11.0 38.255 -85.744  38.254 -85.734  1.181
7 19  19.0 38.255 -85.743  38.254 -85.735  1.39
1 10  4.0 38.255 -85.744  38.255 -85.734  0.59
1 10  4.0 38.255 -85.744  38.255 -85.734  0.59
1 8  7.0 38.256 -85.743  38.254 -85.735  0.55
7 17  9.0 38.255 -85.744  38.255 -85.734  0.621
3 15  9.0 38.255 -85.745  38.255 -85.733  1.18
5 7  10.0 38.255 -85.744  38.255 -85.734  0.81
7 17  10.0 38.255 -85.744  38.255 -85.734  1.1
1 14  20.0 38.255 -85.744  38.255 -85.734  2.72
5 15  12.0 38.258 -85.743  38.254 -85.735  0.66
6 17  23.0 38.258 -85.746  38.254 -85.732  1.51
2 19  31.0 38.258 -85.745  38.254 -85.733  3.107
7 20  35.0 38.257 -85.745  38.255 -85.733  3.74
2 19  36.0 38.258 -85.745  38.254 -85.733  3.107
6 14  6.0 38.258 -85.745  38.255 -85.733  0.88
7 16  12.0 38.258 -85.745  38.255 -85.733  1.05
6 10  17.0 38.258 -85.745  38.255 -85.733  0.91
7 20  34.0 38.258 -85.745  38.255 -85.733  3.84
6 9  7.0 38.249 -85.743  38.254 -85.734  0.78
7 13  27.0 38.251 -85.743  38.252 -85.734  1.57
5 18  5.0 38.251 -85.742  38.253 -85.735  0.43
6 14  6.0 38.252 -85.744  38.253 -85.733  0.808
6 14  23.0 38.252 -85.744  38.253 -85.733  2.5
1 13  2.0 38.254 -85.743  38.252 -85.734  0.39
7 14  5.0 38.254 -85.744  38.252 -85.733  0.64
7 18  18.0 38.254 -85.744  38.252 -85.733  1.64
1 19  4.0 38.255 -85.744  38.252 -85.733  0.82
5 20  6.0 38.255 -85.744  38.252 -85.733  0.75
7 6  8.0 38.254 -85.744  38.253 -85.733  0.83
1 15  10.0 38.254 -85.742  38.253 -85.735  0.46
3 15  11.0 38.254 -85.742  38.253 -85.735  0.8
7 11  10.0 38.255 -85.742  38.253 -85.735  0.42
6 16  10.0 38.255 -85.744  38.253 -85.733  0.738
6 15  10.0 38.255 -85.744  38.253 -85.733  1.553
1 19  11.0 38.256 -85.743  38.252 -85.734  1.53
5 7  4.0 38.255 -85.744  38.254 -85.733  0.36
6 9  4.0 38.255 -85.744  38.254 -85.733  0.47
3 11  4.0 38.254 -85.743  38.255 -85.734  0.53
5 14  4.0 38.255 -85.744  38.254 -85.733  0.65
6 12  5.0 38.255 -85.744  38.254 -85.733  0.7
6 15  10.0 38.255 -85.744  38.254 -85.733  0.186
2 9  15.0 38.255 -85.742  38.254 -85.735  0.99
4 15  5.0 38.255 -85.744  38.255 -85.733  0.5
7 20  5.0 38.255 -85.744  38.255 -85.733  0.5
2 15  8.0 38.256 -85.745  38.254 -85.732  0.82
5 7  9.0 38.255 -85.744  38.255 -85.733  0.89
5 7  13.0 38.255 -85.744  38.255 -85.733  0.86
2 19  29.0 38.256 -85.744  38.254 -85.733  0.994
7 10  12.0 38.257 -85.744  38.254 -85.733  0.71
1 18  16.0 38.258 -85.745  38.253 -85.732  0.38
7 13  19.0 38.258 -85.744  38.253 -85.733  0.99
6 14  6.0 38.258 -85.742  38.255 -85.735  0.61
4 15  5.0 38.259 -85.746  38.255 -85.731  1.01
7 11  9.0 38.234 -85.741  38.253 -85.735  1.58
6 18  13.0 38.246 -85.743  38.253 -85.733  0.932
5 12  5.0 38.248 -85.741  38.252 -85.735  0.61
1 17  7.0 38.245 -85.743  38.255 -85.733  1.0
3 11  6.0 38.248 -85.743  38.254 -85.733  1.056
1 11  10.0 38.25 -85.742  38.252 -85.734  0.5
6 9  5.0 38.25 -85.742  38.253 -85.734  0.56
2 8  3.0 38.251 -85.742  38.254 -85.734  0.38
6 20  5.0 38.253 -85.743  38.253 -85.733  0.37
1 20  11.0 38.253 -85.743  38.253 -85.733  0.621
7 13  13.0 38.253 -85.743  38.253 -85.733  0.87
4 8  15.0 38.253 -85.741  38.253 -85.735  0.68
7 14  4.0 38.253 -85.741  38.255 -85.735  0.63
3 16  7.0 38.255 -85.741  38.253 -85.735  0.62
7 7  9.0 38.253 -85.741  38.255 -85.735  0.45
7 18  9.0 38.253 -85.742  38.255 -85.734  0.684
3 9  10.0 38.255 -85.741  38.253 -85.735  0.61
6 21  15.0 38.255 -85.743  38.253 -85.733  0.746
3 19  3.0 38.254 -85.743  38.255 -85.733  0.311
4 22  18.0 38.255 -85.744  38.254 -85.732  0.87
4 8  34.0 38.254 -85.741  38.255 -85.735  1.3
7 19  8.0 38.256 -85.742  38.254 -85.734  0.6
7 22  28.0 38.256 -85.742  38.255 -85.734  1.056
1 8  15.0 38.261 -85.741  38.254 -85.735  1.69
6 16  9.0 38.246 -85.744  38.252 -85.731  1.36
2 18  4.0 38.249 -85.74  38.253 -85.735  0.5
3 14  5.0 38.247 -85.742  38.255 -85.733  0.57
7 21  17.0 38.252 -85.74  38.253 -85.735  1.056
5 13  3.0 38.253 -85.74  38.253 -85.735  0.27
5 13  3.0 38.253 -85.74  38.253 -85.735  0.28
7 16  3.0 38.253 -85.74  38.253 -85.735  0.32
6 19  5.0 38.253 -85.74  38.253 -85.735  0.27
6 19  6.0 38.253 -85.74  38.253 -85.735  0.186
7 15  6.0 38.253 -85.74  38.253 -85.735  0.3
7 19  7.0 38.253 -85.74  38.253 -85.735  0.28
7 19  7.0 38.253 -85.74  38.253 -85.735  0.31
7 19  7.0 38.253 -85.74  38.253 -85.735  0.34
7 18  11.0 38.253 -85.74  38.253 -85.735  0.124
1 11  11.0 38.253 -85.741  38.253 -85.734  0.54
4 13  23.0 38.253 -85.741  38.253 -85.734  0.52
3 16  38.0 38.253 -85.74  38.253 -85.735  1.09
2 18  7.0 38.252 -85.744  38.255 -85.731  0.9
5 14  8.0 38.253 -85.742  38.254 -85.733  0.61
7 14  10.0 38.253 -85.74  38.254 -85.735  0.621
1 16  15.0 38.255 -85.74  38.252 -85.735  1.43
2 15  21.0 38.253 -85.742  38.254 -85.733  0.75
7 13  30.0 38.253 -85.74  38.254 -85.735  1.95
7 14  3.0 38.253 -85.74  38.255 -85.735  0.4
1 13  4.0 38.253 -85.74  38.255 -85.735  0.51
7 22  5.0 38.253 -85.74  38.255 -85.735  0.373
3 18  15.0 38.255 -85.74  38.253 -85.735  1.3
2 15  17.0 38.254 -85.742  38.254 -85.733  0.71
3 9  22.0 38.253 -85.74  38.255 -85.735  3.82
1 8  26.0 38.253 -85.74  38.255 -85.735  0.42
7 10  32.0 38.255 -85.74  38.253 -85.735  2.2
1 19  33.0 38.253 -85.743  38.255 -85.732  3.91
6 13  2.0 38.255 -85.74  38.254 -85.735  0.3
5 12  4.0 38.254 -85.74  38.255 -85.735  0.658
6 10  4.0 38.255 -85.74  38.255 -85.735  0.32
7 13  5.0 38.255 -85.742  38.255 -85.733  0.5
7 14  5.0 38.257 -85.742  38.253 -85.733  0.63
7 13  9.0 38.257 -85.741  38.253 -85.734  0.932
5 22  17.0 38.255 -85.741  38.255 -85.734  3.032
5 16  23.0 38.259 -85.744  38.254 -85.731  1.15
1 12  14.0 38.262 -85.74  38.254 -85.735  1.74
1 12  8.0 38.238 -85.739  38.254 -85.735  1.35
6 5  4.0 38.245 -85.74  38.253 -85.734  0.83
6 7  6.0 38.248 -85.742  38.252 -85.732  0.77
7 17  27.0 38.248 -85.739  38.254 -85.735  2.17
7 17  21.0 38.251 -85.74  38.252 -85.734  1.25
6 20  3.0 38.252 -85.739  38.252 -85.735  0.186
7 9  14.0 38.252 -85.741  38.252 -85.733  0.932
7 12  20.0 38.252 -85.739  38.252 -85.735  0.44
5 18  3.0 38.253 -85.74  38.252 -85.734  0.31
1 12  6.0 38.252 -85.741  38.253 -85.733  0.41
7 18  7.0 38.251 -85.74  38.254 -85.734  0.559
7 15  7.0 38.25 -85.741  38.255 -85.733  0.82
4 13  3.0 38.253 -85.739  38.253 -85.735  0.186
4 17  3.0 38.251 -85.739  38.255 -85.735  0.288
4 18  4.0 38.253 -85.739  38.253 -85.735  0.26
6 13  4.0 38.253 -85.74  38.253 -85.734  0.52
3 8  5.0 38.253 -85.74  38.253 -85.734  0.373
5 18  5.0 38.251 -85.741  38.255 -85.733  0.58
7 24  6.0 38.253 -85.74  38.253 -85.734  0.311
1 19  8.0 38.253 -85.739  38.253 -85.735  0.43
2 21  8.0 38.254 -85.741  38.252 -85.733  0.63
6 19  25.0 38.253 -85.739  38.253 -85.735  2.51
4 15  34.0 38.253 -85.739  38.253 -85.735  3.02
7 14  47.0 38.253 -85.739  38.253 -85.735  4.598
7 8  3.0 38.253 -85.739  38.254 -85.735  0.263
7 10  4.0 38.252 -85.739  38.255 -85.735  0.45
7 10  4.0 38.252 -85.739  38.255 -85.735  0.46
3 15  4.0 38.253 -85.741  38.254 -85.733  0.52
6 18  5.0 38.252 -85.74  38.255 -85.734  0.44
2 1  5.0 38.252 -85.739  38.255 -85.735  0.63
6 12  6.0 38.253 -85.739  38.254 -85.735  0.234
1 11  7.0 38.255 -85.74  38.252 -85.734  0.54
6 12  7.0 38.252 -85.743  38.255 -85.731  0.65
6 19  36.0 38.253 -85.739  38.254 -85.735  2.97
4 15  2.0 38.253 -85.739  38.255 -85.735  0.23
7 13  4.0 38.253 -85.74  38.255 -85.734  0.39
1 20  5.0 38.253 -85.74  38.255 -85.734  0.808
1 14  9.0 38.253 -85.74  38.255 -85.734  0.445
7 7  10.0 38.255 -85.74  38.253 -85.734  0.835
7 22  16.0 38.253 -85.74  38.255 -85.734  1.305
7 22  18.0 38.253 -85.74  38.255 -85.734  1.616
6 19  19.0 38.253 -85.74  38.255 -85.734  0.249
1 7  47.0 38.253 -85.74  38.255 -85.734  2.49
2 20  4.0 38.254 -85.74  38.255 -85.734  0.43
1 19  11.0 38.255 -85.74  38.254 -85.734  0.746
1 19  14.0 38.254 -85.74  38.255 -85.734  0.932
6 9  25.0 38.255 -85.74  38.254 -85.734  1.181
7 14  3.0 38.255 -85.74  38.255 -85.734  0.39
7 6  3.0 38.256 -85.741  38.254 -85.733  0.52
3 19  5.0 38.255 -85.74  38.255 -85.734  1.119
7 14  6.0 38.255 -85.74  38.255 -85.734  0.48
3 17  6.0 38.255 -85.742  38.255 -85.732  0.76
5 14  38.0 38.255 -85.74  38.255 -85.734  1.62
6 16  7.0 38.256 -85.741  38.255 -85.733  0.9
2 11  20.0 38.257 -85.741  38.255 -85.733  0.54
1 5  10.0 38.227 -85.739  38.255 -85.734  2.14
6 19  12.0 38.233 -85.738  38.253 -85.735  2.33
1 12  4.0 38.25 -85.738  38.253 -85.735  0.37
7 10  26.0 38.252 -85.739  38.252 -85.734  2.32
7 10  26.0 38.252 -85.739  38.252 -85.734  2.42
4 13  3.0 38.253 -85.739  38.252 -85.734  0.36
1 12  5.0 38.253 -85.739  38.252 -85.734  0.44
1 12  10.0 38.253 -85.74  38.252 -85.733  0.51
1 10  2.0 38.253 -85.738  38.253 -85.735  0.22
3 14  3.0 38.253 -85.739  38.253 -85.734  0.248
5 18  3.0 38.252 -85.739  38.254 -85.734  0.38
7 20  4.0 38.253 -85.738  38.253 -85.735  0.15
6 12  4.0 38.253 -85.739  38.253 -85.734  0.25
1 14  4.0 38.253 -85.738  38.253 -85.735  0.283
1 12  5.0 38.253 -85.74  38.253 -85.733  0.33
2 18  5.0 38.252 -85.74  38.254 -85.733  0.373
7 10  6.0 38.253 -85.739  38.253 -85.734  0.249
7 14  6.0 38.253 -85.74  38.253 -85.733  0.397
4 10  6.0 38.251 -85.74  38.255 -85.733  0.55
7 10  8.0 38.253 -85.739  38.253 -85.734  0.32
7 12  8.0 38.253 -85.739  38.253 -85.734  0.39
5 13  9.0 38.253 -85.738  38.253 -85.735  0.559
4 20  9.0 38.253 -85.739  38.253 -85.734  0.87
1 17  10.0 38.253 -85.739  38.253 -85.734  0.435
7 22  28.0 38.253 -85.739  38.253 -85.734  0.249
7 14  28.0 38.253 -85.739  38.253 -85.734  2.92
7 14  31.0 38.253 -85.739  38.253 -85.734  2.98
7 14  47.0 38.253 -85.739  38.253 -85.734  3.728
3 12  2.0 38.253 -85.738  38.254 -85.735  0.202
6 20  4.0 38.254 -85.738  38.253 -85.735  0.227
6 12  4.0 38.253 -85.738  38.254 -85.735  0.249
1 15  4.0 38.252 -85.739  38.255 -85.734  0.41
4 10  4.0 38.253 -85.738  38.254 -85.735  0.44
2 19  4.0 38.253 -85.74  38.254 -85.733  0.5
2 10  5.0 38.253 -85.738  38.254 -85.735  0.17
6 12  5.0 38.253 -85.739  38.254 -85.734  0.46
7 9  5.0 38.252 -85.742  38.255 -85.731  0.69
1 11  6.0 38.253 -85.738  38.254 -85.735  0.186
3 9  6.0 38.253 -85.739  38.254 -85.734  0.395
7 13  7.0 38.253 -85.739  38.254 -85.734  0.373
7 6  8.0 38.253 -85.741  38.254 -85.732  0.684
5 18  9.0 38.254 -85.741  38.253 -85.732  1.18
1 15  9.0 38.254 -85.742  38.253 -85.731  2.02
4 14  13.0 38.253 -85.74  38.254 -85.733  0.45
5 13  18.0 38.253 -85.739  38.254 -85.734  0.87
6 12  28.0 38.253 -85.738  38.254 -85.735  0.48
3 19  31.0 38.253 -85.74  38.254 -85.733  2.548
3 19  33.0 38.253 -85.74  38.254 -85.733  2.548
3 18  45.0 38.253 -85.738  38.254 -85.735  3.355
6 11  3.0 38.253 -85.738  38.255 -85.735  0.26
7 5  3.0 38.254 -85.739  38.254 -85.734  0.4
1 23  4.0 38.253 -85.738  38.255 -85.735  0.249
6 10  4.0 38.254 -85.739  38.254 -85.734  0.39
2 14  4.0 38.254 -85.74  38.254 -85.733  0.58
1 18  5.0 38.253 -85.738  38.255 -85.735  0.29
5 13  5.0 38.254 -85.741  38.254 -85.732  0.59
4 16  6.0 38.253 -85.739  38.255 -85.734  0.41
2 18  6.0 38.253 -85.74  38.255 -85.733  0.68
3 19  6.0 38.253 -85.738  38.255 -85.735  0.74
6 17  7.0 38.253 -85.738  38.255 -85.735  0.4
1 16  7.0 38.253 -85.741  38.255 -85.732  0.58
7 10  8.0 38.253 -85.739  38.255 -85.734  0.45
7 10  10.0 38.253 -85.739  38.255 -85.734  0.45
6 15  16.0 38.253 -85.74  38.255 -85.733  0.55
6 15  18.0 38.253 -85.74  38.255 -85.733  0.48
5 13  20.0 38.253 -85.739  38.255 -85.734  0.304
5 14  30.0 38.253 -85.738  38.255 -85.735  2.983
5 13  43.0 38.253 -85.739  38.255 -85.734  1.41
5 18  4.0 38.255 -85.74  38.254 -85.733  0.42
5 18  5.0 38.255 -85.74  38.254 -85.733  0.46
2 17  7.0 38.254 -85.74  38.255 -85.733  0.593
3 8  8.0 38.255 -85.739  38.254 -85.734  1.22
1 16  16.0 38.257 -85.739  38.252 -85.734  0.94
6 20  21.0 38.254 -85.74  38.255 -85.733  0.994
5 12  29.0 38.255 -85.74  38.254 -85.733  1.118
1 7  36.0 38.254 -85.74  38.255 -85.733  1.56
4 14  5.0 38.255 -85.74  38.255 -85.733  0.621
7 21  7.0 38.257 -85.74  38.253 -85.733  0.81
2 10  16.0 38.257 -85.738  38.253 -85.735  0.36
6 12  7.0 38.257 -85.742  38.255 -85.731  0.59
1 18  8.0 38.26 -85.738  38.252 -85.735  0.93
5 19  17.0 38.262 -85.74  38.253 -85.733  1.25
6 21  26.0 38.206 -85.737  38.255 -85.735  4.971
3 16  13.0 38.232 -85.739  38.254 -85.733  1.802
7 14  8.0 38.234 -85.741  38.255 -85.731  1.52
5 8  5.0 38.251 -85.741  38.252 -85.731  0.5
7 12  3.0 38.252 -85.737  38.252 -85.735  0.14
4 12  2.0 38.252 -85.738  38.253 -85.734  0.216
4 7  3.0 38.252 -85.739  38.253 -85.733  0.34
3 19  5.0 38.253 -85.738  38.252 -85.734  0.5
5 14  49.0 38.252 -85.738  38.253 -85.734  1.95
3 14  3.0 38.253 -85.737  38.253 -85.735  0.06
5 17  3.0 38.253 -85.737  38.253 -85.735  0.21
4 12  3.0 38.253 -85.739  38.253 -85.733  0.349
3 9  4.0 38.253 -85.738  38.253 -85.734  0.186
4 18  4.0 38.253 -85.739  38.253 -85.733  0.311
7 10  4.0 38.253 -85.739  38.253 -85.733  0.38
3 15  5.0 38.252 -85.74  38.254 -85.732  0.62
4 13  7.0 38.253 -85.739  38.253 -85.733  0.56
7 13  9.0 38.253 -85.738  38.253 -85.734  0.236
7 12  18.0 38.253 -85.738  38.253 -85.734  1.93
7 12  19.0 38.253 -85.738  38.253 -85.734  1.8
1 15  29.0 38.251 -85.741  38.255 -85.731  0.73
1 16  31.0 38.253 -85.737  38.253 -85.735  3.71
5 7  2.0 38.253 -85.738  38.254 -85.734  0.27
3 13  2.0 38.253 -85.738  38.254 -85.734  0.311
4 16  3.0 38.253 -85.739  38.254 -85.733  0.39
4 10  3.0 38.253 -85.739  38.254 -85.733  0.4
6 11  3.0 38.253 -85.739  38.254 -85.733  0.55
5 18  4.0 38.253 -85.738  38.254 -85.734  0.31
5 13  4.0 38.253 -85.738  38.254 -85.734  0.311
3 13  4.0 38.253 -85.738  38.254 -85.734  0.311
5 9  4.0 38.253 -85.739  38.254 -85.733  0.41
4 14  5.0 38.253 -85.739  38.254 -85.733  0.32
1 17  5.0 38.253 -85.738  38.254 -85.734  0.34
5 8  5.0 38.253 -85.739  38.254 -85.733  0.65
4 18  6.0 38.253 -85.738  38.254 -85.734  0.311
7 15  6.0 38.253 -85.738  38.254 -85.734  0.311
6 12  6.0 38.253 -85.739  38.254 -85.733  0.337
7 15  7.0 38.253 -85.738  38.254 -85.734  0.311
5 8  11.0 38.253 -85.739  38.254 -85.733  0.66
7 15  14.0 38.253 -85.738  38.254 -85.734  0.994
5 19  14.0 38.253 -85.738  38.254 -85.734  1.367
7 17  3.0 38.253 -85.738  38.255 -85.734  0.09
4 11  3.0 38.255 -85.737  38.253 -85.735  0.313
1 14  4.0 38.253 -85.738  38.255 -85.734  0.37
1 20  4.0 38.253 -85.738  38.255 -85.734  0.373
7 17  5.0 38.253 -85.738  38.255 -85.734  0.248
1 13  5.0 38.253 -85.738  38.255 -85.734  0.42
7 17  5.0 38.253 -85.738  38.255 -85.734  0.435
1 13  6.0 38.253 -85.738  38.255 -85.734  0.373
6 19  6.0 38.253 -85.739  38.255 -85.733  0.621
3 9  7.0 38.253 -85.739  38.255 -85.733  0.51
1 16  8.0 38.253 -85.74  38.255 -85.732  0.55
7 20  11.0 38.254 -85.738  38.254 -85.734  0.994
6 22  17.0 38.255 -85.74  38.253 -85.732  0.559
6 9  24.0 38.253 -85.738  38.255 -85.734  1.2
4 18  30.0 38.253 -85.739  38.255 -85.733  3.624
6 17  34.0 38.255 -85.737  38.253 -85.735  3.75
5 13  43.0 38.253 -85.738  38.255 -85.734  1.76
6 14  5.0 38.254 -85.738  38.255 -85.734  0.48
3 8  6.0 38.254 -85.737  38.255 -85.735  0.54
2 14  8.0 38.256 -85.739  38.253 -85.733  0.42
3 18  14.0 38.257 -85.737  38.252 -85.735  1.47
2 21  15.0 38.255 -85.74  38.254 -85.732  0.61
6 20  16.0 38.255 -85.739  38.254 -85.733  0.83
6 11  3.0 38.255 -85.738  38.255 -85.734  0.27
4 17  25.0 38.256 -85.74  38.255 -85.732  0.58
7 12  6.0 38.259 -85.741  38.254 -85.731  0.994
1 10  7.0 38.262 -85.737  38.253 -85.735  0.59
7 11  22.0 38.264 -85.739  38.252 -85.733  1.84
6 16  27.0 38.263 -85.74  38.253 -85.732  1.86
4 19  16.0 38.22 -85.736  38.255 -85.735  2.83
7 14  11.0 38.245 -85.736  38.252 -85.735  0.559
4 13  4.0 38.246 -85.737  38.252 -85.734  0.5
1 18  6.0 38.25 -85.74  38.254 -85.731  0.93
2 19  8.0 38.251 -85.738  38.253 -85.733  0.91
6 8  4.0 38.253 -85.739  38.252 -85.732  0.47
2 13  5.0 38.252 -85.737  38.253 -85.734  0.41
7 21  6.0 38.253 -85.737  38.252 -85.734  0.186
1 16  6.0 38.252 -85.737  38.253 -85.734  0.62
6 15  15.0 38.252 -85.738  38.253 -85.733  0.5
7 7  3.0 38.253 -85.736  38.253 -85.735  0.04
7 7  4.0 38.253 -85.736  38.253 -85.735  0.05
4 20  4.0 38.252 -85.737  38.254 -85.734  0.34
7 19  4.0 38.253 -85.736  38.253 -85.735  0.37
7 14  5.0 38.254 -85.736  38.252 -85.735  0.435
7 10  5.0 38.253 -85.738  38.253 -85.733  0.5
4 12  7.0 38.253 -85.738  38.253 -85.733  0.75
7 12  7.0 38.253 -85.736  38.253 -85.735  0.87
5 16  8.0 38.253 -85.736  38.253 -85.735  0.186
3 17  9.0 38.253 -85.736  38.253 -85.735  0.497
1 19  10.0 38.253 -85.736  38.253 -85.735  0.435
7 16  11.0 38.253 -85.736  38.253 -85.735  1.17
1 10  12.0 38.253 -85.736  38.253 -85.735  0.48
6 11  15.0 38.253 -85.738  38.253 -85.733  0.25
6 16  23.0 38.253 -85.736  38.253 -85.735  2.68
1 14  29.0 38.254 -85.738  38.252 -85.733  0.559
1 9  31.0 38.253 -85.736  38.253 -85.735  0.55
1 9  33.0 38.253 -85.736  38.253 -85.735  0.53
6 20  36.0 38.253 -85.736  38.253 -85.735  3.67
6 17  55.0 38.253 -85.736  38.253 -85.735  3.13
6 17  55.0 38.253 -85.736  38.253 -85.735  3.35
1 12  2.0 38.253 -85.737  38.254 -85.734  0.27
6 3  3.0 38.255 -85.739  38.252 -85.732  0.22
7 8  4.0 38.253 -85.736  38.254 -85.735  0.124
2 17  7.0 38.253 -85.736  38.254 -85.735  0.062
4 21  7.0 38.253 -85.74  38.254 -85.731  0.71
7 8  11.0 38.253 -85.737  38.254 -85.734  2.01
3 8  12.0 38.253 -85.737  38.254 -85.734  1.0
6 11  25.0 38.253 -85.739  38.254 -85.732  0.81
1 9  3.0 38.253 -85.736  38.255 -85.735  0.12
7 8  3.0 38.254 -85.736  38.254 -85.735  0.2
1 11  3.0 38.253 -85.738  38.255 -85.733  0.27
1 12  4.0 38.253 -85.736  38.255 -85.735  0.09
7 12  4.0 38.254 -85.736  38.254 -85.735  0.347
3 9  5.0 38.253 -85.738  38.255 -85.733  0.3
1 13  5.0 38.253 -85.738  38.255 -85.733  0.41
1 21  6.0 38.254 -85.739  38.254 -85.732  0.3
6 12  7.0 38.253 -85.739  38.255 -85.732  0.62
1 10  8.0 38.254 -85.736  38.254 -85.735  0.3
1 13  9.0 38.254 -85.736  38.254 -85.735  0.062
5 11  9.0 38.253 -85.738  38.255 -85.733  0.42
7 19  11.0 38.254 -85.736  38.254 -85.735  0.684
5 20  12.0 38.253 -85.738  38.255 -85.733  0.23
1 0  15.0 38.253 -85.738  38.255 -85.733  0.71
3 12  33.0 38.253 -85.736  38.255 -85.735  3.68
1 17  34.0 38.253 -85.738  38.255 -85.733  0.5
2 11  35.0 38.255 -85.738  38.253 -85.733  1.42
1 17  36.0 38.253 -85.738  38.255 -85.733  0.75
7 18  2.0 38.254 -85.736  38.255 -85.735  0.25
6 14  3.0 38.254 -85.737  38.255 -85.734  0.31
1 16  5.0 38.256 -85.736  38.253 -85.735  0.27
3 15  12.0 38.254 -85.736  38.255 -85.735  1.47
2 18  16.0 38.255 -85.737  38.254 -85.734  1.118
7 13  38.0 38.254 -85.736  38.255 -85.735  3.542
3 12  52.0 38.254 -85.736  38.255 -85.735  1.0
7 20  15.0 38.255 -85.736  38.255 -85.735  1.65
7 12  3.0 38.257 -85.736  38.254 -85.735  0.17
1 16  8.0 38.261 -85.738  38.253 -85.733  0.75
1 16  25.0 38.261 -85.736  38.253 -85.735  1.56
2 14  5.0 38.262 -85.737  38.253 -85.734  0.78
1 15  9.0 38.262 -85.737  38.253 -85.734  0.71
2 15  14.0 38.261 -85.737  38.254 -85.734  1.4
6 15  16.0 38.262 -85.737  38.253 -85.734  2.29
7 20  32.0 38.261 -85.737  38.254 -85.734  3.355
4 8  5.0 38.261 -85.739  38.255 -85.732  0.48
2 13  13.0 38.224 -85.736  38.255 -85.734  2.47
5 13  4.0 38.245 -85.736  38.254 -85.734  0.59
3 9  6.0 38.247 -85.735  38.252 -85.735  0.31
6 10  9.0 38.246 -85.735  38.255 -85.735  1.06
7 14  10.0 38.248 -85.736  38.253 -85.734  0.435
4 23  4.0 38.25 -85.736  38.252 -85.734  0.234
7 14  13.0 38.252 -85.736  38.252 -85.734  1.12
1 20  10.0 38.25 -85.736  38.255 -85.734  0.43
6 20  18.0 38.253 -85.736  38.252 -85.734  0.87
5 20  3.0 38.253 -85.735  38.253 -85.735  0.06
5 12  3.0 38.253 -85.735  38.253 -85.735  0.07
6 16  3.0 38.253 -85.735  38.253 -85.735  0.2
4 14  4.0 38.253 -85.735  38.253 -85.735  0.435
1 12  5.0 38.254 -85.736  38.252 -85.734  0.311
7 18  5.0 38.253 -85.735  38.253 -85.735  0.871
1 15  6.0 38.253 -85.736  38.253 -85.734  0.1
7 15  6.0 38.253 -85.735  38.253 -85.735  0.68
2 19  7.0 38.253 -85.735  38.253 -85.735  0.124
5 21  8.0 38.253 -85.735  38.253 -85.735  0.18
3 20  8.0 38.253 -85.735  38.253 -85.735  0.497
2 20  9.0 38.253 -85.735  38.253 -85.735  0.87
3 16  10.0 38.253 -85.735  38.253 -85.735  1.06
2 5  11.0 38.253 -85.735  38.253 -85.735  1.67
7 12  12.0 38.253 -85.735  38.253 -85.735  0.745
7 14  13.0 38.253 -85.735  38.253 -85.735  2.299
6 19  17.0 38.253 -85.735  38.253 -85.735  1.056
1 20  23.0 38.254 -85.736  38.252 -85.734  0.97
4 20  24.0 38.253 -85.735  38.253 -85.735  3.23
6 22  29.0 38.253 -85.735  38.253 -85.735  3.666
5 13  31.0 38.253 -85.736  38.253 -85.734  3.57
7 21  32.0 38.253 -85.735  38.253 -85.735  2.62
4 12  2.0 38.253 -85.737  38.254 -85.733  0.32
6 12  3.0 38.253 -85.736  38.254 -85.734  0.124
6 14  3.0 38.253 -85.736  38.254 -85.734  0.22
6 11  3.0 38.253 -85.737  38.254 -85.733  0.34
6 20  4.0 38.253 -85.739  38.254 -85.731  1.616
7 16  5.0 38.253 -85.736  38.254 -85.734  0.18
6 20  5.0 38.253 -85.736  38.254 -85.734  0.187
7 14  5.0 38.254 -85.736  38.253 -85.734  0.373
4 12  8.0 38.253 -85.739  38.254 -85.731  0.97
5 15  10.0 38.252 -85.739  38.255 -85.731  0.577
4 16  10.0 38.253 -85.735  38.254 -85.735  1.802
1 20  14.0 38.253 -85.736  38.254 -85.734  0.808
4 14  42.0 38.253 -85.739  38.254 -85.731  2.56
7 17  3.0 38.253 -85.736  38.255 -85.734  0.25
5 12  3.0 38.253 -85.736  38.255 -85.734  0.25
1 9  3.0 38.253 -85.736  38.255 -85.734  0.25
6 13  4.0 38.253 -85.736  38.255 -85.734  0.23
6 13  4.0 38.253 -85.736  38.255 -85.734  0.24
3 20  4.0 38.253 -85.736  38.255 -85.734  0.25
6 10  6.0 38.253 -85.736  38.255 -85.734  0.57
4 16  6.0 38.253 -85.736  38.255 -85.734  0.64
7 19  7.0 38.254 -85.735  38.254 -85.735  0.684
7 9  7.0 38.253 -85.737  38.255 -85.733  0.69
5 19  14.0 38.253 -85.736  38.255 -85.734  0.4
3 17  14.0 38.253 -85.736  38.255 -85.734  0.621
2 15  17.0 38.253 -85.737  38.255 -85.733  1.79
5 13  19.0 38.253 -85.736  38.255 -85.734  0.37
1 14  29.0 38.254 -85.735  38.254 -85.735  1.367
1 10  44.0 38.254 -85.735  38.254 -85.735  0.95
7 12  49.0 38.254 -85.735  38.254 -85.735  0.14
3 16  49.0 38.254 -85.735  38.254 -85.735  3.27
1 10  11.0 38.255 -85.736  38.254 -85.734  0.2
5 18  16.0 38.255 -85.738  38.254 -85.732  0.74
7 11  25.0 38.254 -85.736  38.255 -85.734  2.299
5 20  43.0 38.255 -85.738  38.254 -85.732  4.24
5 14  3.0 38.255 -85.735  38.255 -85.735  0.062
7 10  3.0 38.255 -85.735  38.255 -85.735  0.07
4 13  3.0 38.255 -85.735  38.255 -85.735  0.435
1 9  5.0 38.255 -85.735  38.255 -85.735  0.14
7 19  5.0 38.255 -85.735  38.255 -85.735  0.16
6 10  6.0 38.255 -85.735  38.255 -85.735  0.81
7 15  7.0 38.255 -85.735  38.255 -85.735  0.71
3 13  9.0 38.255 -85.735  38.255 -85.735  2.175
3 10  12.0 38.255 -85.735  38.255 -85.735  0.684
1 9  18.0 38.255 -85.735  38.255 -85.735  1.74
2 16  20.0 38.255 -85.735  38.255 -85.735  0.82
7 13  24.0 38.255 -85.735  38.255 -85.735  2.361
7 9  32.0 38.255 -85.735  38.255 -85.735  2.3
7 13  35.0 38.255 -85.735  38.255 -85.735  2.734
4 16  15.0 38.256 -85.735  38.255 -85.735  0.095
5 8  23.0 38.257 -85.736  38.254 -85.734  2.56
1 12  48.0 38.256 -85.737  38.255 -85.733  5.09
4 14  7.0 38.257 -85.737  38.255 -85.733  0.47
1 16  7.0 38.261 -85.736  38.252 -85.734  0.7
4 15  7.0 38.26 -85.736  38.255 -85.734  0.45
5 17  9.0 38.26 -85.737  38.255 -85.733  0.63
2 20  11.0 38.261 -85.735  38.254 -85.735  0.68
2 18  3.0 38.261 -85.737  38.255 -85.733  0.69
1 11  8.0 38.261 -85.737  38.255 -85.733  0.9
7 19  14.0 38.261 -85.737  38.255 -85.733  1.55
4 20  43.0 38.261 -85.737  38.255 -85.733  1.926
6 9  9.0 38.262 -85.737  38.255 -85.733  0.05
7 19  19.0 38.268 -85.735  38.252 -85.735  2.05
6 21  39.0 38.199 -85.734  38.255 -85.735  1.988
6 15  25.0 38.22 -85.736  38.255 -85.733  3.08
7 9  44.0 38.225 -85.736  38.252 -85.733  0.11
6 15  11.0 38.234 -85.736  38.254 -85.733  1.74
3 20  3.0 38.249 -85.735  38.253 -85.734  0.37
4 9  3.0 38.251 -85.737  38.252 -85.732  0.245
1 13  4.0 38.25 -85.738  38.253 -85.731  0.61
3 21  5.0 38.248 -85.738  38.255 -85.731  0.78
1 9  7.0 38.251 -85.738  38.252 -85.731  0.497
7 11  5.0 38.252 -85.734  38.253 -85.735  0.26
6 16  6.0 38.253 -85.735  38.252 -85.734  0.15
1 17  7.0 38.252 -85.734  38.253 -85.735  0.12
6 23  9.0 38.251 -85.737  38.254 -85.732  1.678
4 11  25.0 38.253 -85.737  38.252 -85.732  0.54
3 13  3.0 38.254 -85.735  38.252 -85.734  0.365
3 14  4.0 38.251 -85.735  38.255 -85.734  0.37
6 10  5.0 38.254 -85.737  38.252 -85.732  0.497
7 15  10.0 38.252 -85.737  38.254 -85.732  1.429
6 19  18.0 38.253 -85.734  38.253 -85.735  2.17
6 12  25.0 38.253 -85.735  38.253 -85.734  0.808
2 11  2.0 38.253 -85.736  38.254 -85.733  0.39
6 14  3.0 38.253 -85.736  38.254 -85.733  0.21
7 18  5.0 38.254 -85.737  38.253 -85.732  0.36
5 18  5.0 38.255 -85.738  38.252 -85.731  0.497
6 17  7.0 38.254 -85.736  38.253 -85.733  0.373
4 9  8.0 38.253 -85.736  38.254 -85.733  0.51
6 9  18.0 38.253 -85.736  38.254 -85.733  1.59
6 15  18.0 38.253 -85.736  38.254 -85.733  2.72
5 13  31.0 38.254 -85.738  38.253 -85.731  3.62
5 16  3.0 38.253 -85.736  38.255 -85.733  0.26
4 13  3.0 38.253 -85.736  38.255 -85.733  0.38
1 12  3.0 38.253 -85.736  38.255 -85.733  0.47
6 22  5.0 38.253 -85.736  38.255 -85.733  0.268
7 18  5.0 38.253 -85.736  38.255 -85.733  0.31
5 12  9.0 38.253 -85.738  38.255 -85.731  0.81
6 20  10.0 38.253 -85.736  38.255 -85.733  0.124
3 14  15.0 38.254 -85.735  38.254 -85.734  1.68
6 20  16.0 38.255 -85.735  38.253 -85.734  1.056
7 11  18.0 38.253 -85.736  38.255 -85.733  1.305
1 12  4.0 38.255 -85.737  38.254 -85.732  0.34
5 18  16.0 38.255 -85.734  38.254 -85.735  2.237
5 13  21.0 38.255 -85.736  38.254 -85.733  0.994
3 9  21.0 38.255 -85.735  38.254 -85.734  2.86
7 18  22.0 38.256 -85.736  38.253 -85.733  2.51
7 9  4.0 38.255 -85.735  38.255 -85.734  0.07
7 9  11.0 38.255 -85.734  38.255 -85.735  0.63
6 23  16.0 38.257 -85.735  38.253 -85.734  0.435
4 21  22.0 38.258 -85.736  38.252 -85.733  0.87
3 20  25.0 38.255 -85.734  38.255 -85.735  0.45
4 21  16.0 38.26 -85.734  38.253 -85.735  1.181
6 18  13.0 38.262 -85.736  38.252 -85.733  1.11
5 23  52.0 38.26 -85.737  38.254 -85.732  2.79
7 16  8.0 38.261 -85.736  38.255 -85.733  0.311
7 19  13.0 38.262 -85.735  38.254 -85.734  0.511
7 12  11.0 38.262 -85.735  38.255 -85.734  0.6
6 21  29.0 38.2 -85.733  38.255 -85.735  4.722
2 10  17.0 38.223 -85.734  38.253 -85.734  3.13
7 14  16.0 38.224 -85.737  38.254 -85.731  2.485
6 17  10.0 38.242 -85.734  38.252 -85.734  1.0
7 16  4.0 38.247 -85.736  38.252 -85.732  0.69
1 8  5.0 38.245 -85.736  38.254 -85.732  0.48
7 14  25.0 38.245 -85.733  38.254 -85.735  2.0
7 18  2.0 38.25 -85.736  38.252 -85.732  0.257
7 13  2.0 38.251 -85.736  38.252 -85.732  0.31
5 11  3.0 38.252 -85.734  38.252 -85.734  0.07
4 9  4.0 38.252 -85.734  38.252 -85.734  0.55
7 13  7.0 38.252 -85.734  38.252 -85.734  0.33
4 9  2.0 38.253 -85.736  38.252 -85.732  0.19
4 12  4.0 38.253 -85.736  38.252 -85.732  0.25
3 20  4.0 38.251 -85.736  38.254 -85.732  0.27
1 12  5.0 38.251 -85.736  38.254 -85.732  0.276
5 11  7.0 38.253 -85.734  38.252 -85.734  0.58
1 10  15.0 38.25 -85.735  38.255 -85.733  0.77
7 12  16.0 38.25 -85.734  38.255 -85.734  0.62
5 20  3.0 38.253 -85.734  38.253 -85.734  0.062
7 8  4.0 38.253 -85.734  38.253 -85.734  0.05
5 11  6.0 38.252 -85.734  38.254 -85.734  0.126
7 23  6.0 38.253 -85.734  38.253 -85.734  0.249
1 18  7.0 38.253 -85.734  38.253 -85.734  0.48
1 15  8.0 38.254 -85.734  38.252 -85.734  0.56
5 8  10.0 38.253 -85.734  38.253 -85.734  0.19
1 12  11.0 38.253 -85.734  38.253 -85.734  0.497
4 9  13.0 38.252 -85.737  38.254 -85.731  0.79
6 19  16.0 38.253 -85.734  38.253 -85.734  1.68
6 14  18.0 38.253 -85.734  38.253 -85.734  1.41
5 13  20.0 38.253 -85.736  38.254 -85.732  0.9
6 11  4.0 38.254 -85.734  38.254 -85.734  0.15
1 11  4.0 38.253 -85.736  38.255 -85.732  0.33
1 14  8.0 38.254 -85.734  38.254 -85.734  1.01
6 11  13.0 38.255 -85.736  38.253 -85.732  1.63
6 10  16.0 38.255 -85.735  38.253 -85.733  1.243
4 13  19.0 38.254 -85.733  38.254 -85.735  1.8
6 12  22.0 38.254 -85.734  38.254 -85.734  2.97
5 7  2.0 38.255 -85.733  38.254 -85.735  0.2
5 12  3.0 38.254 -85.733  38.255 -85.735  0.22
5 17  9.0 38.254 -85.733  38.255 -85.735  2.11
2 16  12.0 38.254 -85.734  38.255 -85.734  0.31
5 12  17.0 38.254 -85.733  38.255 -85.735  1.74
7 10  25.0 38.255 -85.734  38.254 -85.734  0.82
7 11  31.0 38.254 -85.735  38.255 -85.733  1.56
7 23  56.0 38.255 -85.734  38.254 -85.734  2.423
1 15  4.0 38.256 -85.736  38.254 -85.732  0.37
5 14  5.0 38.255 -85.734  38.255 -85.734  0.364
3 10  5.0 38.255 -85.734  38.255 -85.734  0.45
2 11  6.0 38.255 -85.734  38.255 -85.734  0.11
7 12  7.0 38.255 -85.734  38.255 -85.734  0.07
4 15  8.0 38.255 -85.734  38.255 -85.734  0.23
7 19  9.0 38.255 -85.734  38.255 -85.734  0.59
7 12  10.0 38.255 -85.734  38.255 -85.734  0.21
5 15  10.0 38.255 -85.734  38.255 -85.734  1.48
1 13  11.0 38.255 -85.734  38.255 -85.734  0.87
7 9  12.0 38.255 -85.734  38.255 -85.734  0.2
2 9  12.0 38.255 -85.735  38.255 -85.733  1.19
7 13  16.0 38.255 -85.734  38.255 -85.734  1.2
6 14  16.0 38.255 -85.734  38.255 -85.734  2.13
7 21  20.0 38.255 -85.734  38.255 -85.734  2.39
7 17  29.0 38.255 -85.734  38.255 -85.734  0.7
6 15  32.0 38.255 -85.734  38.255 -85.734  1.54
7 18  37.0 38.255 -85.734  38.255 -85.734  1.57
6 22  6.0 38.259 -85.733  38.252 -85.735  0.249
7 13  16.0 38.256 -85.735  38.255 -85.733  0.14
1 8  3.0 38.257 -85.734  38.255 -85.734  0.12
7 15  26.0 38.257 -85.737  38.255 -85.731  0.38
6 11  26.0 38.257 -85.734  38.255 -85.734  1.56
4 10  5.0 38.26 -85.733  38.254 -85.735  0.81
7 9  5.0 38.262 -85.733  38.253 -85.735  0.7
5 18  9.0 38.263 -85.735  38.255 -85.733  0.79
7 8  14.0 38.263 -85.736  38.255 -85.732  1.69
3 13  7.0 38.242 -85.736  38.253 -85.731  0.893
6 19  10.0 38.244 -85.733  38.253 -85.734  0.932
3 14  4.0 38.247 -85.736  38.252 -85.731  0.6
2 21  11.0 38.248 -85.734  38.252 -85.733  0.76
7 17  6.0 38.251 -85.735  38.253 -85.732  0.31
4 14  13.0 38.253 -85.735  38.252 -85.732  0.59
1 12  6.0 38.252 -85.735  38.254 -85.732  0.254
6 20  10.0 38.253 -85.734  38.253 -85.733  0.49
7 8  4.0 38.255 -85.733  38.252 -85.734  0.28
2 13  4.0 38.254 -85.733  38.253 -85.734  0.42
7 8  5.0 38.255 -85.733  38.252 -85.734  0.28
7 21  5.0 38.254 -85.733  38.253 -85.734  0.311
7 18  8.0 38.254 -85.732  38.253 -85.735  0.249
6 10  19.0 38.253 -85.733  38.254 -85.734  2.84
2 8  4.0 38.254 -85.734  38.254 -85.733  0.08
6 10  5.0 38.254 -85.733  38.254 -85.734  0.31
6 12  6.0 38.254 -85.733  38.254 -85.734  0.062
7 15  8.0 38.254 -85.733  38.254 -85.734  0.29
7 18  10.0 38.254 -85.733  38.254 -85.734  0.32
7 13  11.0 38.253 -85.734  38.255 -85.733  0.56
7 12  20.0 38.253 -85.733  38.255 -85.734  0.25
6 12  21.0 38.254 -85.733  38.254 -85.734  0.91
2 19  51.0 38.254 -85.733  38.254 -85.734  4.24
5 20  3.0 38.254 -85.733  38.255 -85.734  0.12
6 14  3.0 38.254 -85.733  38.255 -85.734  0.12
7 8  5.0 38.255 -85.734  38.254 -85.733  0.1
6 10  8.0 38.255 -85.734  38.254 -85.733  0.46
5 15  9.0 38.254 -85.733  38.255 -85.734  0.52
6 10  9.0 38.255 -85.734  38.254 -85.733  0.59
1 19  13.0 38.255 -85.735  38.254 -85.732  1.118
1 11  3.0 38.255 -85.734  38.255 -85.733  0.08
1 17  3.0 38.255 -85.734  38.255 -85.733  0.09
3 12  3.0 38.255 -85.733  38.255 -85.734  0.373
7 10  4.0 38.255 -85.733  38.255 -85.734  0.22
7 8  5.0 38.255 -85.733  38.255 -85.734  0.44
7 8  6.0 38.255 -85.733  38.255 -85.734  0.09
7 7  8.0 38.255 -85.733  38.255 -85.734  0.15
4 17  10.0 38.255 -85.733  38.255 -85.734  0.06
4 12  10.0 38.255 -85.735  38.255 -85.732  0.186
4 11  12.0 38.255 -85.733  38.255 -85.734  1.07
5 9  13.0 38.255 -85.733  38.255 -85.734  1.34
4 12  15.0 38.255 -85.733  38.255 -85.734  2.02
5 14  18.0 38.255 -85.733  38.255 -85.734  2.24
6 18  25.0 38.255 -85.733  38.255 -85.734  2.76
4 8  28.0 38.255 -85.733  38.255 -85.734  3.7
4 8  28.0 38.255 -85.733  38.255 -85.734  4.24
6 14  41.0 38.255 -85.733  38.255 -85.734  2.43
2 8  3.0 38.257 -85.732  38.254 -85.735  0.17
1 16  9.0 38.256 -85.733  38.255 -85.734  1.03
7 19  16.0 38.257 -85.735  38.254 -85.732  1.27
7 20  5.0 38.243 -85.731  38.252 -85.735  0.87
2 19  3.0 38.245 -85.734  38.253 -85.732  0.36
7 14  26.0 38.246 -85.734  38.252 -85.732  1.181
4 18  15.0 38.246 -85.733  38.254 -85.733  0.684
6 11  8.0 38.248 -85.731  38.253 -85.735  0.497
7 21  18.0 38.249 -85.732  38.252 -85.734  0.808
7 13  3.0 38.249 -85.731  38.253 -85.735  0.435
1 10  14.0 38.247 -85.733  38.255 -85.733  0.98
7 12  3.0 38.25 -85.731  38.253 -85.735  0.12
1 12  3.0 38.252 -85.733  38.252 -85.733  0.08
1 17  10.0 38.252 -85.733  38.253 -85.733  0.18
6 20  7.0 38.253 -85.733  38.253 -85.733  1.181
1 12  10.0 38.253 -85.733  38.253 -85.733  0.42
6 10  13.0 38.253 -85.733  38.253 -85.733  1.056
4 12  42.0 38.253 -85.732  38.253 -85.734  3.48
2 16  4.0 38.254 -85.733  38.254 -85.733  0.07
4 22  4.0 38.254 -85.734  38.254 -85.732  0.4
7 21  4.0 38.254 -85.733  38.254 -85.733  0.621
6 16  6.0 38.254 -85.733  38.254 -85.733  1.47
6 20  7.0 38.254 -85.733  38.254 -85.733  0.71
4 19  8.0 38.254 -85.733  38.254 -85.733  0.062
7 18  8.0 38.254 -85.733  38.254 -85.733  0.249
4 11  8.0 38.254 -85.733  38.254 -85.733  0.98
6 16  9.0 38.254 -85.733  38.254 -85.733  0.14
4 13  9.0 38.254 -85.733  38.254 -85.733  0.994
6 16  10.0 38.254 -85.733  38.254 -85.733  0.14
4 8  10.0 38.254 -85.731  38.254 -85.735  0.67
4 12  10.0 38.254 -85.733  38.254 -85.733  1.29
1 12  10.0 38.254 -85.733  38.254 -85.733  1.5
6 16  11.0 38.254 -85.733  38.254 -85.733  0.26
5 19  12.0 38.255 -85.732  38.253 -85.734  1.74
6 12  16.0 38.254 -85.733  38.254 -85.733  1.93
7 19  30.0 38.255 -85.733  38.253 -85.733  1.62
6 19  35.0 38.253 -85.733  38.255 -85.733  2.04
5 20  2.0 38.254 -85.734  38.255 -85.732  0.24
1 7  5.0 38.255 -85.733  38.254 -85.733  0.11
6 19  35.0 38.254 -85.733  38.255 -85.733  2.1
6 18  40.0 38.254 -85.732  38.255 -85.734  2.71
2 13  3.0 38.255 -85.733  38.255 -85.733  0.04
1 17  3.0 38.255 -85.733  38.255 -85.733  0.05
4 11  3.0 38.255 -85.733  38.255 -85.733  0.12
6 15  3.0 38.255 -85.734  38.255 -85.732  0.14
6 15  4.0 38.255 -85.733  38.255 -85.733  0.09
7 11  4.0 38.255 -85.733  38.255 -85.733  0.27
1 11  4.0 38.255 -85.733  38.255 -85.733  0.44
1 11  4.0 38.255 -85.733  38.255 -85.733  0.46
2 8  5.0 38.255 -85.733  38.255 -85.733  0.54
1 21  6.0 38.256 -85.732  38.254 -85.734  0.373
2 14  7.0 38.255 -85.733  38.255 -85.733  0.373
7 12  7.0 38.256 -85.731  38.254 -85.735  0.497
6 16  8.0 38.255 -85.733  38.255 -85.733  0.46
4 9  8.0 38.255 -85.733  38.255 -85.733  0.84
3 9  8.0 38.255 -85.733  38.255 -85.733  0.98
7 15  10.0 38.255 -85.733  38.255 -85.733  1.21
7 15  11.0 38.255 -85.733  38.255 -85.733  1.29
7 12  12.0 38.255 -85.733  38.255 -85.733  0.5
7 20  12.0 38.255 -85.734  38.255 -85.732  0.56
1 10  15.0 38.255 -85.733  38.255 -85.733  0.5
7 10  15.0 38.255 -85.733  38.255 -85.733  0.59
3 16  16.0 38.255 -85.733  38.255 -85.733  1.55
4 11  16.0 38.255 -85.733  38.255 -85.733  1.76
1 13  18.0 38.255 -85.733  38.255 -85.733  1.69
1 13  19.0 38.255 -85.733  38.255 -85.733  0.06
7 12  21.0 38.255 -85.733  38.255 -85.733  1.52
1 14  21.0 38.255 -85.733  38.255 -85.733  2.26
1 14  21.0 38.255 -85.733  38.255 -85.733  2.31
1 14  21.0 38.255 -85.733  38.255 -85.733  2.36
7 10  22.0 38.255 -85.733  38.255 -85.733  1.06
5 4  32.0 38.255 -85.733  38.255 -85.733  0.79
4 7  33.0 38.255 -85.733  38.255 -85.733  3.15
4 7  34.0 38.255 -85.733  38.255 -85.733  3.51
6 14  41.0 38.255 -85.733  38.255 -85.733  2.39
4 6  42.0 38.255 -85.733  38.255 -85.733  3.56
2 10  52.0 38.255 -85.733  38.255 -85.733  0.84
7 7  55.0 38.255 -85.733  38.255 -85.733  0.43
1 11  3.0 38.256 -85.731  38.255 -85.735  0.25
1 11  3.0 38.256 -85.731  38.255 -85.735  0.29
6 18  3.0 38.256 -85.731  38.255 -85.735  0.31
1 12  6.0 38.256 -85.731  38.255 -85.735  0.497
1 12  7.0 38.256 -85.731  38.255 -85.735  0.373
3 15  30.0 38.259 -85.734  38.252 -85.732  2.03
6 10  13.0 38.257 -85.733  38.255 -85.733  0.86
4 17  26.0 38.217 -85.732  38.253 -85.733  3.542
1 11  13.0 38.221 -85.732  38.255 -85.733  2.796
6 23  20.0 38.227 -85.734  38.253 -85.731  2.175
7 11  27.0 38.243 -85.73  38.252 -85.735  1.1
1 21  4.0 38.247 -85.732  38.252 -85.733  0.746
7 18  3.0 38.247 -85.73  38.253 -85.735  0.57
7 18  3.0 38.247 -85.73  38.253 -85.735  0.57
6 19  4.0 38.247 -85.73  38.253 -85.735  0.47
7 18  4.0 38.247 -85.73  38.253 -85.735  0.53
7 18  4.0 38.247 -85.73  38.253 -85.735  0.58
7 18  5.0 38.247 -85.73  38.253 -85.735  1.678
6 10  6.0 38.247 -85.732  38.253 -85.733  0.497
5 19  6.0 38.247 -85.73  38.253 -85.735  0.84
7 14  7.0 38.247 -85.73  38.253 -85.735  0.497
1 15  9.0 38.247 -85.73  38.253 -85.735  1.08
7 17  18.0 38.247 -85.73  38.253 -85.735  0.56
7 14  3.0 38.248 -85.731  38.253 -85.734  0.373
3 18  4.0 38.248 -85.73  38.253 -85.735  0.521
2 12  4.0 38.248 -85.73  38.253 -85.735  0.63
4 23  4.0 38.246 -85.731  38.255 -85.734  0.808
7 13  5.0 38.248 -85.73  38.253 -85.735  0.55
6 9  5.0 38.247 -85.73  38.254 -85.735  0.77
7 13  6.0 38.248 -85.73  38.253 -85.735  0.38
1 15  6.0 38.248 -85.73  38.253 -85.735  0.4
3 18  6.0 38.247 -85.73  38.254 -85.735  0.89
7 18  7.0 38.247 -85.73  38.254 -85.735  1.616
1 14  8.0 38.248 -85.73  38.253 -85.735  0.58
1 14  8.0 38.248 -85.73  38.253 -85.735  0.61
3 5  4.0 38.248 -85.73  38.254 -85.735  0.38
7 17  5.0 38.25 -85.732  38.252 -85.733  0.16
1 13  6.0 38.25 -85.733  38.252 -85.732  0.77
6 19  3.0 38.252 -85.733  38.252 -85.732  0.29
7 6  40.0 38.253 -85.732  38.252 -85.733  3.46
5 17  3.0 38.253 -85.734  38.253 -85.731  0.14
6 14  4.0 38.254 -85.733  38.252 -85.732  0.457
1 19  6.0 38.252 -85.734  38.254 -85.731  0.559
7 12  12.0 38.254 -85.73  38.253 -85.735  1.243
6 9  3.0 38.254 -85.731  38.254 -85.734  0.23
7 20  6.0 38.255 -85.732  38.253 -85.733  0.311
7 14  7.0 38.256 -85.732  38.252 -85.733  0.249
5 11  24.0 38.254 -85.734  38.254 -85.731  0.25
6 20  4.0 38.256 -85.733  38.253 -85.732  0.436
7 13  5.0 38.256 -85.731  38.253 -85.734  0.311
4 18  6.0 38.256 -85.731  38.253 -85.734  0.373
2 20  6.0 38.256 -85.732  38.253 -85.733  0.497
6 15  28.0 38.255 -85.732  38.254 -85.733  3.37
7 20  29.0 38.255 -85.733  38.255 -85.732  0.75
5 17  32.0 38.255 -85.733  38.255 -85.732  0.34
3 8  2.0 38.256 -85.731  38.255 -85.734  0.27
6 18  3.0 38.256 -85.731  38.255 -85.734  0.31
1 13  4.0 38.256 -85.731  38.255 -85.734  0.186
7 22  4.0 38.256 -85.731  38.255 -85.734  0.21
7 13  6.0 38.256 -85.731  38.255 -85.734  0.6
1 18  20.0 38.256 -85.731  38.255 -85.734  0.77
6 17  6.0 38.261 -85.733  38.255 -85.732  0.51
7 14  15.0 38.237 -85.729  38.253 -85.735  1.45
7 17  50.0 38.244 -85.729  38.253 -85.735  4.25
7 10  4.0 38.245 -85.731  38.253 -85.733  0.69
1 16  39.0 38.243 -85.731  38.255 -85.733  2.76
6 22  8.0 38.246 -85.729  38.253 -85.735  0.746
7 10  3.0 38.247 -85.73  38.253 -85.734  0.58
6 20  4.0 38.246 -85.73  38.254 -85.734  0.62
7 9  5.0 38.247 -85.73  38.253 -85.734  0.55
7 9  5.0 38.247 -85.73  38.253 -85.734  0.56
7 9  6.0 38.247 -85.73  38.253 -85.734  0.55
7 14  7.0 38.247 -85.73  38.253 -85.734  0.4
7 13  7.0 38.247 -85.73  38.253 -85.734  0.72
7 11  8.0 38.247 -85.729  38.253 -85.735  0.76
7 17  14.0 38.247 -85.73  38.253 -85.734  1.269
7 21  25.0 38.248 -85.729  38.252 -85.735  1.542
5 18  37.0 38.247 -85.73  38.253 -85.734  3.42
5 18  37.0 38.247 -85.73  38.253 -85.734  3.53
5 18  37.0 38.247 -85.73  38.253 -85.734  3.56
7 9  3.0 38.247 -85.729  38.254 -85.735  0.68
4 11  4.0 38.248 -85.731  38.253 -85.733  0.311
4 11  4.0 38.248 -85.731  38.253 -85.733  0.341
4 3  4.0 38.247 -85.73  38.254 -85.734  0.35
3 14  5.0 38.248 -85.731  38.253 -85.733  0.311
7 11  6.0 38.248 -85.73  38.253 -85.734  0.5
5 22  7.0 38.248 -85.73  38.253 -85.734  0.469
1 13  7.0 38.248 -85.731  38.253 -85.733  0.559
3 14  12.0 38.248 -85.731  38.253 -85.733  0.311
4 19  12.0 38.248 -85.731  38.253 -85.733  0.373
7 6  4.0 38.247 -85.73  38.255 -85.734  0.34
1 15  6.0 38.247 -85.73  38.255 -85.734  1.03
1 15  7.0 38.247 -85.73  38.255 -85.734  0.7
1 15  7.0 38.247 -85.73  38.255 -85.734  0.71
7 17  10.0 38.247 -85.732  38.255 -85.732  1.16
2 9  3.0 38.249 -85.73  38.255 -85.734  0.621
7 23  34.0 38.249 -85.732  38.255 -85.732  1.17
5 14  5.0 38.253 -85.73  38.254 -85.734  0.249
4 8  7.0 38.254 -85.732  38.253 -85.732  0.65
1 13  26.0 38.253 -85.732  38.254 -85.732  2.361
4 15  45.0 38.254 -85.732  38.253 -85.732  4.4
5 14  4.0 38.254 -85.732  38.254 -85.732  0.33
6 17  5.0 38.254 -85.732  38.254 -85.732  0.58
2 14  6.0 38.256 -85.731  38.252 -85.733  0.311
5 20  14.0 38.254 -85.732  38.254 -85.732  1.62
5 18  27.0 38.254 -85.732  38.254 -85.732  2.1
4 17  31.0 38.254 -85.731  38.254 -85.733  1.26
7 23  52.0 38.253 -85.729  38.255 -85.735  2.63
6 14  3.0 38.256 -85.73  38.253 -85.734  0.43
7 8  4.0 38.256 -85.73  38.253 -85.734  0.29
7 17  5.0 38.256 -85.729  38.253 -85.735  1.01
7 12  7.0 38.256 -85.73  38.253 -85.734  0.44
6 18  9.0 38.256 -85.73  38.253 -85.734  0.56
7 16  17.0 38.256 -85.73  38.253 -85.734  1.553
4 7  2.0 38.256 -85.731  38.254 -85.733  0.31
7 8  4.0 38.256 -85.73  38.254 -85.734  0.29
4 7  4.0 38.256 -85.731  38.254 -85.733  0.33
1 15  5.0 38.257 -85.73  38.253 -85.734  0.373
7 15  6.0 38.255 -85.73  38.255 -85.734  0.19
1 18  7.0 38.256 -85.731  38.254 -85.733  0.171
5 19  4.0 38.256 -85.729  38.255 -85.735  0.295
6 11  5.0 38.256 -85.73  38.255 -85.734  0.34
4 19  5.0 38.258 -85.733  38.253 -85.731  0.435
4 10  6.0 38.256 -85.731  38.255 -85.733  0.5
7 11  9.0 38.256 -85.731  38.255 -85.733  0.12
1 16  13.0 38.256 -85.731  38.255 -85.733  1.33
1 14  14.0 38.256 -85.731  38.255 -85.733  2.175
6 12  18.0 38.256 -85.73  38.255 -85.734  1.15
6 17  25.0 38.256 -85.731  38.255 -85.733  1.44
6 17  25.0 38.256 -85.731  38.255 -85.733  1.56
2 11  41.0 38.256 -85.731  38.255 -85.733  1.07
5 16  8.0 38.257 -85.73  38.255 -85.734  0.37
5 7  8.0 38.262 -85.732  38.255 -85.732  0.64
1 10  13.0 38.236 -85.73  38.255 -85.733  1.76
3 9  7.0 38.24 -85.728  38.252 -85.735  0.99
5 16  9.0 38.24 -85.728  38.255 -85.735  1.31
2 13  5.0 38.245 -85.729  38.253 -85.734  0.559
5 11  6.0 38.245 -85.729  38.253 -85.734  0.932
7 9  3.0 38.247 -85.73  38.252 -85.733  0.27
7 20  8.0 38.247 -85.73  38.252 -85.733  0.44
7 20  9.0 38.247 -85.73  38.252 -85.733  0.38
7 20  10.0 38.247 -85.73  38.252 -85.733  0.38
7 7  49.0 38.247 -85.73  38.252 -85.733  2.53
7 7  51.0 38.247 -85.73  38.252 -85.733  2.51
6 9  4.0 38.247 -85.729  38.253 -85.734  0.373
6 20  5.0 38.247 -85.73  38.253 -85.733  0.435
7 11  5.0 38.247 -85.73  38.253 -85.733  0.45
6 17  5.0 38.247 -85.73  38.253 -85.733  0.49
6 18  5.0 38.246 -85.728  38.254 -85.735  0.76
7 9  3.0 38.248 -85.73  38.253 -85.733  0.37
4 20  5.0 38.248 -85.731  38.253 -85.732  0.311
5 17  7.0 38.248 -85.73  38.253 -85.733  0.497
4 14  4.0 38.247 -85.73  38.255 -85.733  0.47
4 15  4.0 38.247 -85.73  38.255 -85.733  0.57
1 13  8.0 38.247 -85.73  38.255 -85.733  0.52
6 14  47.0 38.247 -85.73  38.255 -85.733  1.81
6 14  47.0 38.247 -85.73  38.255 -85.733  1.82
6 15  7.0 38.25 -85.731  38.253 -85.732  0.249
2 20  10.0 38.25 -85.729  38.253 -85.734  1.42
1 19  15.0 38.251 -85.728  38.254 -85.735  2.91
6 15  4.0 38.254 -85.729  38.253 -85.734  0.29
3 15  4.0 38.254 -85.729  38.253 -85.734  0.33
7 12  7.0 38.253 -85.73  38.254 -85.733  0.48
4 14  7.0 38.255 -85.728  38.252 -85.735  0.63
5 10  41.0 38.254 -85.732  38.253 -85.731  1.84
7 10  13.0 38.253 -85.73  38.255 -85.733  0.37
4 12  4.0 38.256 -85.729  38.254 -85.734  0.302
7 11  4.0 38.256 -85.73  38.254 -85.733  0.34
3 10  4.0 38.256 -85.728  38.254 -85.735  0.36
1 18  7.0 38.256 -85.731  38.254 -85.732  0.559
4 19  22.0 38.256 -85.731  38.254 -85.732  2.34
4 19  22.0 38.256 -85.731  38.254 -85.732  2.5
4 19  22.0 38.256 -85.731  38.254 -85.732  2.66
7 14  30.0 38.256 -85.73  38.254 -85.733  0.93
7 17  3.0 38.256 -85.73  38.255 -85.733  0.2
7 17  3.0 38.256 -85.73  38.255 -85.733  0.23
4 18  3.0 38.256 -85.728  38.255 -85.735  0.27
1 7  7.0 38.257 -85.73  38.254 -85.733  0.09
1 15  8.0 38.256 -85.73  38.255 -85.733  0.82
1 15  31.0 38.256 -85.731  38.255 -85.732  3.56
1 17  37.0 38.256 -85.731  38.255 -85.732  2.8
1 14  8.0 38.257 -85.73  38.255 -85.733  0.062
4 13  14.0 38.257 -85.73  38.255 -85.733  0.81
5 23  5.0 38.26 -85.731  38.253 -85.732  1.367
4 13  7.0 38.243 -85.727  38.254 -85.735  1.59
2 3  5.0 38.246 -85.728  38.253 -85.734  0.65
3 3  6.0 38.246 -85.728  38.253 -85.734  0.65
4 18  7.0 38.245 -85.728  38.254 -85.734  0.684
7 13  9.0 38.246 -85.728  38.253 -85.734  1.53
3 19  4.0 38.247 -85.731  38.255 -85.731  0.746
1 15  7.0 38.25 -85.728  38.253 -85.734  0.65
7 11  6.0 38.252 -85.728  38.253 -85.734  0.311
5 17  18.0 38.253 -85.731  38.252 -85.731  2.03
6 12  4.0 38.253 -85.73  38.254 -85.732  0.28
3 16  47.0 38.253 -85.731  38.254 -85.731  2.97
7 8  3.0 38.253 -85.728  38.255 -85.734  0.42
4 14  7.0 38.253 -85.73  38.255 -85.732  0.26
7 13  5.0 38.256 -85.729  38.253 -85.733  0.62
4 16  7.0 38.254 -85.727  38.255 -85.735  0.57
7 17  3.0 38.255 -85.729  38.255 -85.733  0.2
6 11  3.0 38.256 -85.728  38.254 -85.734  0.31
6 12  4.0 38.256 -85.728  38.254 -85.734  0.42
1 22  5.0 38.256 -85.728  38.254 -85.734  0.373
1 13  7.0 38.255 -85.73  38.255 -85.732  0.31
3 13  4.0 38.256 -85.728  38.255 -85.734  0.35
3 13  4.0 38.256 -85.728  38.255 -85.734  0.45
3 13  5.0 38.256 -85.728  38.255 -85.734  0.31
3 13  5.0 38.256 -85.728  38.255 -85.734  0.48
5 11  6.0 38.258 -85.729  38.254 -85.733  0.66
6 16  7.0 38.257 -85.727  38.255 -85.735  1.21
6 16  7.0 38.257 -85.727  38.255 -85.735 