4 17  15.0 38.237 -85.772  38.244 -85.737  2.55
6 11  13.0 38.246 -85.768  38.245 -85.74  1.44
7 7  10.0 38.25 -85.767  38.246 -85.74  1.47
6 22  12.0 38.254 -85.766  38.244 -85.74  1.78
5 13  52.0 38.255 -85.768  38.244 -85.737  3.355
4 16  15.0 38.233 -85.766  38.246 -85.738  2.56
7 22  11.0 38.253 -85.764  38.243 -85.74  2.0
2 13  13.0 38.255 -85.764  38.244 -85.74  1.988
7 14  8.0 38.247 -85.765  38.245 -85.738  1.678
4 10  11.0 38.256 -85.765  38.243 -85.737  1.96
2 4  18.0 38.23 -85.764  38.244 -85.737  2.32
6 14  26.0 38.231 -85.763  38.244 -85.738  3.04
7 23  8.0 38.248 -85.762  38.244 -85.738  1.49
6 11  11.0 38.247 -85.76  38.245 -85.74  1.05
3 5  7.0 38.248 -85.761  38.246 -85.739  0.88
7 10  10.0 38.249 -85.76  38.245 -85.74  1.237
2 18  12.0 38.259 -85.761  38.245 -85.739  2.33
6 22  26.0 38.22 -85.761  38.245 -85.738  2.68
3 17  32.0 38.219 -85.76  38.246 -85.739  3.169
6 22  31.0 38.223 -85.761  38.246 -85.738  3.57
7 16  12.0 38.244 -85.759  38.244 -85.74  1.25
5 15  20.0 38.247 -85.759  38.243 -85.74  1.926
6 17  14.0 38.246 -85.761  38.246 -85.738  1.54
5 14  15.0 38.249 -85.762  38.246 -85.737  2.19
3 13  18.0 38.22 -85.758  38.246 -85.74  2.18
6 22  14.0 38.251 -85.758  38.245 -85.74  1.926
7 11  17.0 38.251 -85.758  38.245 -85.74  1.68
3 12  14.0 38.254 -85.759  38.244 -85.739  1.92
5 18  21.0 38.252 -85.758  38.246 -85.74  2.361
4 23  32.0 38.257 -85.758  38.245 -85.74  2.796
7 18  10.0 38.259 -85.759  38.244 -85.739  2.07
5 20  12.0 38.243 -85.757  38.244 -85.74  1.27
2 22  12.0 38.251 -85.758  38.245 -85.739  2.548
7 23  32.0 38.251 -85.758  38.245 -85.739  1.181
2 11  9.0 38.252 -85.76  38.246 -85.737  1.43
4 24  21.0 38.253 -85.757  38.245 -85.74  2.237
6 3  11.0 38.255 -85.759  38.245 -85.738  1.52
6 17  25.0 38.256 -85.761  38.246 -85.736  2.672
6 12  15.0 38.22 -85.759  38.245 -85.737  2.84
3 7  14.0 38.228 -85.758  38.244 -85.738  2.65
6 10  18.0 38.233 -85.759  38.245 -85.737  1.97
7 22  15.0 38.247 -85.76  38.243 -85.736  1.616
6 14  9.0 38.25 -85.756  38.243 -85.74  1.4
6 18  13.0 38.248 -85.757  38.245 -85.739  0.815
7 13  18.0 38.249 -85.756  38.245 -85.74  1.181
3 15  9.0 38.249 -85.758  38.246 -85.738  1.079
1 4  9.0 38.251 -85.757  38.245 -85.739  1.07
3 21  9.0 38.252 -85.758  38.244 -85.738  1.517
5 10  10.0 38.252 -85.759  38.244 -85.737  1.36
4 13  42.0 38.253 -85.756  38.245 -85.74  2.42
2 13  12.0 38.254 -85.758  38.245 -85.738  1.68
6 14  11.0 38.254 -85.757  38.246 -85.739  1.24
3 13  21.0 38.254 -85.757  38.246 -85.739  1.553
6 11  8.0 38.237 -85.755  38.245 -85.74  1.1
5 22  11.0 38.245 -85.757  38.245 -85.738  1.056
1 17  9.0 38.247 -85.757  38.244 -85.738  1.32
6 9  8.0 38.247 -85.758  38.245 -85.737  1.1
3 8  12.0 38.248 -85.757  38.244 -85.738  1.5
4 18  28.0 38.247 -85.755  38.246 -85.74  1.802
6 11  30.0 38.248 -85.756  38.245 -85.739  1.491
5 22  8.0 38.25 -85.757  38.244 -85.738  1.3
6 22  9.0 38.249 -85.758  38.245 -85.737  1.578
7 10  20.0 38.251 -85.759  38.243 -85.736  1.429
1 22  9.0 38.251 -85.758  38.244 -85.737  1.49
3 16  10.0 38.251 -85.755  38.244 -85.74  1.616
4 16  13.0 38.252 -85.756  38.243 -85.739  1.62
4 11  14.0 38.252 -85.757  38.243 -85.738  1.678
3 14  10.0 38.251 -85.758  38.245 -85.737  1.553
7 12  12.0 38.251 -85.758  38.245 -85.737  1.181
6 7  18.0 38.252 -85.758  38.244 -85.737  1.68
5 16  19.0 38.253 -85.757  38.245 -85.738  1.8
5 23  23.0 38.253 -85.755  38.245 -85.74  2.485
5 16  18.0 38.254 -85.756  38.245 -85.739  1.93
3 13  21.0 38.254 -85.757  38.245 -85.738  0.435
3 13  22.0 38.254 -85.755  38.246 -85.74  1.429
6 23  14.0 38.257 -85.755  38.244 -85.74  1.678
1 8  14.0 38.257 -85.755  38.244 -85.74  1.74
1 17  15.0 38.257 -85.759  38.244 -85.736  2.11
5 12  16.0 38.255 -85.755  38.246 -85.74  2.175
6 12  15.0 38.22 -85.758  38.244 -85.736  2.84
6 7  14.0 38.226 -85.758  38.246 -85.736  3.666
4 7  12.0 38.233 -85.755  38.243 -85.739  1.74
2 15  11.0 38.245 -85.757  38.243 -85.737  1.52
6 10  18.0 38.246 -85.756  38.243 -85.738  0.559
2 15  5.0 38.245 -85.754  38.245 -85.74  0.74
1 13  8.0 38.246 -85.756  38.245 -85.738  1.09
3 13  9.0 38.246 -85.757  38.245 -85.737  1.14
6 17  9.0 38.246 -85.757  38.245 -85.737  1.2
5 20  9.0 38.246 -85.754  38.245 -85.74  1.243
2 8  30.0 38.249 -85.756  38.244 -85.738  1.27
1 12  8.0 38.249 -85.754  38.245 -85.74  1.056
7 13  19.0 38.249 -85.756  38.245 -85.738  1.204
3 15  21.0 38.249 -85.756  38.246 -85.738  2.11
5 13  21.0 38.251 -85.757  38.245 -85.737  1.46
2 17  10.0 38.251 -85.756  38.246 -85.738  0.808
5 11  14.0 38.253 -85.757  38.245 -85.737  1.37
1 14  31.0 38.253 -85.757  38.245 -85.737  1.93
2 10  12.0 38.255 -85.757  38.244 -85.737  1.51
2 20  11.0 38.255 -85.755  38.246 -85.739  1.427
3 12  10.0 38.235 -85.755  38.245 -85.738  1.52
5 13  5.0 38.243 -85.754  38.243 -85.739  0.76
2 18  8.0 38.243 -85.757  38.244 -85.736  1.17
7 11  6.0 38.246 -85.754  38.243 -85.739  1.05
4 15  11.0 38.247 -85.753  38.243 -85.74  0.918
4 10  5.0 38.245 -85.756  38.246 -85.737  0.87
4 10  16.0 38.246 -85.756  38.245 -85.737  1.305
2 13  30.0 38.248 -85.755  38.244 -85.738  3.011
7 7  9.0 38.248 -85.756  38.245 -85.737  1.2
7 10  16.0 38.249 -85.755  38.244 -85.738  1.243
4 14  16.0 38.249 -85.754  38.244 -85.739  2.77
7 5  7.0 38.248 -85.753  38.246 -85.74  0.81
7 19  9.0 38.251 -85.753  38.243 -85.74  1.23
1 22  16.0 38.249 -85.753  38.245 -85.74  1.367
6 10  9.0 38.25 -85.756  38.245 -85.737  1.65
5 17  11.0 38.25 -85.753  38.245 -85.74  1.68
6 10  15.0 38.251 -85.757  38.244 -85.736  1.802
7 22  8.0 38.252 -85.756  38.244 -85.737  1.429
1 19  17.0 38.253 -85.757  38.244 -85.736  1.302
5 13  7.0 38.252 -85.753  38.246 -85.74  0.36
6 22  11.0 38.253 -85.755  38.245 -85.738  1.864
2 10  12.0 38.254 -85.756  38.244 -85.737  1.43
2 11  12.0 38.254 -85.757  38.244 -85.736  1.48
3 20  35.0 38.254 -85.755  38.245 -85.738  4.039
7 10  18.0 38.256 -85.754  38.245 -85.739  1.68
7 15  23.0 38.204 -85.755  38.245 -85.737  3.41
1 10  19.0 38.236 -85.752  38.243 -85.74  1.02
3 5  5.0 38.245 -85.754  38.244 -85.738  0.98
3 11  20.0 38.243 -85.755  38.246 -85.737  1.115
6 17  7.0 38.246 -85.755  38.245 -85.737  1.09
6 16  20.0 38.246 -85.755  38.245 -85.737  1.12
2 23  34.0 38.25 -85.756  38.243 -85.736  1.71
5 16  7.0 38.248 -85.754  38.246 -85.738  0.921
4 23  10.0 38.251 -85.756  38.244 -85.736  1.43
6 21  15.0 38.25 -85.756  38.245 -85.736  1.367
3 18  10.0 38.253 -85.752  38.243 -85.74  0.497
6 12  12.0 38.252 -85.755  38.245 -85.737  1.12
2 11  35.0 38.256 -85.753  38.246 -85.739  3.51
5 14  9.0 38.226 -85.751  38.245 -85.74  1.87
6 6  7.0 38.228 -85.751  38.244 -85.74  1.37
7 16  11.0 38.244 -85.754  38.245 -85.737  1.13
5 4  8.0 38.248 -85.753  38.243 -85.738  0.87
4 13  9.0 38.248 -85.751  38.244 -85.74  0.85
7 9  9.0 38.249 -85.753  38.244 -85.738  1.21
7 23  11.0 38.249 -85.754  38.244 -85.737  0.497
2 13  9.0 38.255 -85.754  38.244 -85.737  1.678
5 2  13.0 38.255 -85.753  38.245 -85.738  1.7
6 21  15.0 38.255 -85.751  38.246 -85.74  1.243
7 16  16.0 38.256 -85.751  38.245 -85.74  1.49
4 6  16.0 38.218 -85.752  38.245 -85.738  2.72
2 9  12.0 38.252 -85.754  38.244 -85.736  1.24
7 11  19.0 38.252 -85.754  38.244 -85.736  1.74
5 14  7.0 38.254 -85.751  38.244 -85.739  1.05
6 19  19.0 38.254 -85.752  38.244 -85.738  2.61
7 14  13.0 38.254 -85.751  38.245 -85.739  2.08
4 8  10.0 38.258 -85.75  38.246 -85.74  1.56
6 12  13.0 38.24 -85.75  38.243 -85.739  1.6
4 13  13.0 38.245 -85.751  38.245 -85.738  0.497
3 11  5.0 38.247 -85.749  38.245 -85.74  0.71
1 11  7.0 38.248 -85.752  38.245 -85.737  1.02
5 12  13.0 38.248 -85.752  38.245 -85.737  1.04
6 18  11.0 38.249 -85.753  38.245 -85.736  1.43
6 13  14.0 38.25 -85.752  38.245 -85.737  1.28
6 13  12.0 38.254 -85.749  38.243 -85.74  1.33
6 13  30.0 38.255 -85.749  38.246 -85.74  1.95
6 5  20.0 38.222 -85.748  38.243 -85.74  1.77
4 13  10.0 38.237 -85.751  38.243 -85.737  0.99
4 17  22.0 38.247 -85.752  38.246 -85.736  0.85
2 21  7.0 38.251 -85.752  38.244 -85.736  1.346
2 10  13.0 38.251 -85.751  38.244 -85.737  1.21
7 15  43.0 38.252 -85.751  38.244 -85.737  0.621
6 14  11.0 38.253 -85.75  38.244 -85.738  1.3
2 21  31.0 38.255 -85.75  38.243 -85.738  2.4
6 13  12.0 38.255 -85.749  