3 8  17.0 38.241 -85.775  38.243 -85.727  2.568
2 15  17.0 38.248 -85.776  38.244 -85.725  2.82
1 13  33.0 38.257 -85.768  38.246 -85.728  2.31
6 12  26.0 38.227 -85.768  38.243 -85.726  3.74
3 12  14.0 38.254 -85.765  38.246 -85.729  2.24
7 12  21.0 38.259 -85.766  38.245 -85.728  2.267
1 18  16.0 38.222 -85.763  38.244 -85.73  3.48
7 12  21.0 38.256 -85.765  38.243 -85.727  2.43
7 10  48.0 38.223 -85.761  38.243 -85.73  4.93
4 21  17.0 38.227 -85.762  38.243 -85.729  2.7
6 13  12.0 38.249 -85.762  38.244 -85.729  1.86
1 14  20.0 38.255 -85.762  38.243 -85.729  2.54
2 20  31.0 38.255 -85.763  38.245 -85.728  2.44
7 16  26.0 38.224 -85.762  38.244 -85.728  4.09
6 9  15.0 38.225 -85.761  38.246 -85.729  3.29
2 17  18.0 38.253 -85.761  38.243 -85.729  2.423
1 11  34.0 38.253 -85.76  38.243 -85.73  2.3
6 14  33.0 38.257 -85.762  38.244 -85.728  2.96
5 9  20.0 38.228 -85.763  38.243 -85.726  3.69
7 6  12.0 38.239 -85.759  38.244 -85.73  1.69
3 22  14.0 38.252 -85.762  38.244 -85.727  2.61
4 12  12.0 38.253 -85.759  38.246 -85.73  1.72
4 17  14.0 38.257 -85.762  38.243 -85.727  2.35
1 13  29.0 38.256 -85.763  38.246 -85.726  2.28
2 8  15.0 38.227 -85.76  38.244 -85.728  2.79
7 8  12.0 38.251 -85.762  38.243 -85.726  2.01
3 20  18.0 38.25 -85.758  38.244 -85.73  1.864
5 22  28.0 38.251 -85.759  38.243 -85.729  3.231
6 12  9.0 38.251 -85.759  38.246 -85.729  2.01
7 5  14.0 38.251 -85.759  38.246 -85.729  1.81
2 11  15.0 38.255 -85.758  38.243 -85.73  2.3
1 15  21.0 38.255 -85.76  38.244 -85.728  3.31
7 17  19.0 38.254 -85.76  38.246 -85.728  2.37
2 13  31.0 38.257 -85.76  38.244 -85.728  2.361
6 22  56.0 38.216 -85.758  38.243 -85.729  0.746
5 20  13.0 38.223 -85.759  38.243 -85.728  2.67
4 9  15.0 38.227 -85.759  38.244 -85.728  2.72
4 16  48.0 38.225 -85.758  38.246 -85.729  2.88
4 19  11.0 38.232 -85.759  38.243 -85.728  2.796
3 19  16.0 38.248 -85.759  38.243 -85.728  2.2
5 13  28.0 38.248 -85.757  38.243 -85.73  3.53
7 13  10.0 38.246 -85.758  38.246 -85.729  1.74
4 20  12.0 38.249 -85.758  38.244 -85.729  1.82
3 15  12.0 38.249 -85.757  38.246 -85.73  1.93
1 4  25.0 38.251 -85.76  38.244 -85.727  1.988
5 19  18.0 38.25 -85.758  38.246 -85.729  2.153
7 15  40.0 38.253 -85.76  38.243 -85.727  3.67
3 15  21.0 38.254 -85.76  38.244 -85.727  2.57
7 17  36.0 38.256 -85.76  38.243 -85.727  2.76
1 9  28.0 38.257 -85.759  38.244 -85.728  3.29
6 14  45.0 38.255 -85.759  38.246 -85.728  2.55
7 17  19.0 38.257 -85.758  38.246 -85.729  2.07
1 15  20.0 38.26 -85.758  38.246 -85.729  2.21
3 20  18.0 38.228 -85.757  38.246 -85.729  3.107
7 11  14.0 38.245 -85.756  38.243 -85.73  1.34
1 18  15.0 38.247 -85.756  38.244 -85.73  1.62
3 20  18.0 38.249 -85.759  38.243 -85.727  1.305
1 8  9.0 38.247 -85.756  38.246 -85.73  1.96
2 14  13.0 38.25 -85.756  38.244 -85.73  2.07
2 12  22.0 38.252 -85.757  38.243 -85.729  2.051
6 23  20.0 38.252 -85.758  38.245 -85.728  1.429
7 17  18.0 38.254 -85.757  38.244 -85.729  1.79
2 5  38.0 38.252 -85.757  38.246 -85.729  2.11
2 20  52.0 38.253 -85.757  38.246 -85.729  2.29
5 17  10.0 38.255 -85.756  38.245 -85.73  1.63
1 15  25.0 38.254 -85.756  38.246 -85.73  3.44
6 14  28.0 38.255 -85.757  38.246 -85.729  1.93
2 13  31.0 38.257 -85.759  38.244 -85.727  2.423
2 20  20.0 38.257 -85.76  38.245 -85.726  2.26
7 17  18.0 38.257 -85.757  38.246 -85.729  2.42
4 8  45.0 38.227 -85.757  38.246 -85.728  3.69
2 15  18.0 38.234 -85.757  38.243 -85.728  2.984
7 15  26.0 38.235 -85.755  38.244 -85.73  2.63
4 7  13.0 38.248 -85.756  38.244 -85.729  1.75
3 9  13.0 38.25 -85.756  38.243 -85.729  1.79
5 15  14.0 38.251 -85.758  38.243 -85.727  2.175
4 18  19.0 38.249 -85.757  38.245 -85.728  2.39
5 14  11.0 38.252 -85.756  38.243 -85.729  1.57
4 23  13.0 38.251 -85.758  38.244 -85.727  2.237
3 13  38.0 38.252 -85.758  38.243 -85.727  3.18
2 12  29.0 38.253 -85.758  38.244 -85.727  2.37
7 14  11.0 38.252 -85.755  38.246 -85.73  1.55
3 12  16.0 38.253 -85.757  38.246 -85.728  1.94
5 11  17.0 38.253 -85.756  38.246 -85.729  2.26
7 23  13.0 38.254 -85.759  38.246 -85.726  2.01
2 12  29.0 38.256 -85.758  38.244 -85.727  2.42
7 15  44.0 38.257 -85.756  38.244 -85.729  3.169
2 19  17.0 38.259 -85.756  38.244 -85.729  2.672
2 4  13.0 38.229 -85.755  38.243 -85.729  2.34
6 18  10.0 38.245 -85.755  38.244 -85.729  1.45
5 20  14.0 38.249 -85.756  38.243 -85.728  2.299
1 13  26.0 38.247 -85.755  38.245 -85.729  0.684
6 22  12.0 38.251 -85.754  38.244 -85.73  2.051
1 18  12.0 38.251 -85.757  38.244 -85.727  2.18
2 7  11.0 38.25 -85.755  38.246 -85.729  1.71
4 22  16.0 38.252 -85.757  38.244 -85.727  2.299
6 22  17.0 38.252 -85.757  38.244 -85.727  2.548
7 18  18.0 38.253 -85.757  38.243 -85.727  1.783
6 18  12.0 38.251 -85.754  38.246 -85.73  1.9
4 18  12.0 38.253 -85.758  38.244 -85.726  2.37
5 17  13.0 38.253 -85.757  38.244 -85.727  2.113
7 18  14.0 38.253 -85.757  38.244 -85.727  1.82
5 22  15.0 38.253 -85.757  38.244 -85.727  2.435
3 17  17.0 38.253 -85.757  38.244 -85.727  1.988
7 18  19.0 38.253 -85.757  38.244 -85.727  0.559
7 18  19.0 38.253 -85.757  38.244 -85.727  0.746
3 17  19.0 38.253 -85.757  38.244 -85.727  1.988
7 24  25.0 38.251 -85.755  38.246 -85.729  1.367
2 16  31.0 38.253 -85.757  38.244 -85.727  3.32
6 14  36.0 38.253 -85.757  38.244 -85.727  2.1
7 14  10.0 38.253 -85.755  38.246 -85.729  1.76
4 17  15.0 38.253 -85.755  38.246 -85.729  1.79
6 4  12.0 38.256 -85.756  38.244 -85.728  2.0
1 16  36.0 38.255 -85.756  38.245 -85.728  4.101
7 12  33.0 38.255 -85.755  38.246 -85.729  2.61
2 21  11.0 38.258 -85.756  38.244 -85.728  2.133
6 23  22.0 38.256 -85.757  38.246 -85.727  0.249
1 9  28.0 38.258 -85.756  38.244 -85.728  3.29
3 4  14.0 38.223 -85.753  38.243 -85.73  2.67
3 4  13.0 38.229 -85.756  38.244 -85.727  2.66
5 16  22.0 38.246 -85.754  38.245 -85.729  1.75
7 19  16.0 38.25 -85.756  38.243 -85.727  2.051
3 23  13.0 38.251 -85.758  38.243 -85.725  2.423
6 14  13.0 38.252 -85.757  38.243 -85.726  1.81
6 17  13.0 38.251 -85.756  38.244 -85.727  1.926
5 22  13.0 38.251 -85.755  38.245 -85.728  2.206
1 21  15.0 38.253 -85.757  38.243 -85.726  0.062
1 10  15.0 38.252 -85.757  38.246 -85.726  2.113
2 20  9.0 38.256 -85.753  38.244 -85.73  1.68
5 7  13.0 38.254 -85.755  38.246 -85.728  1.94
4 21  13.0 38.231 -85.752  38.245 -85.73  2.547
7 20  24.0 38.236 -85.753  38.246 -85.729  3.52
6 18  13.0 38.241 -85.753  38.246 -85.729  1.86
1 18  9.0 38.247 -85.753  38.243 -85.729  1.4
3 20  9.0 38.247 -85.754  38.244 -85.728  1.57
7 12  17.0 38.25 -85.756  38.243 -85.726  0.124
1 11  18.0 38.25 -85.755  38.243 -85.727  2.17
3 18  17.0 38.25 -85.753  38.246 -85.729  1.616
7 22  30.0 38.253 -85.753  38.243 -85.729  3.3
3 20  16.0 38.251 -85.753  38.246 -85.729  1.553
4 11  16.0 38.251 -85.756  38.246 -85.726  2.01
6 20  29.0 38.254 -85.755  38.243 -85.727  3.355
5 10  32.0 38.251 -85.754  38.246 -85.728  1.553
7 12  32.0 38.253 -85.754  38.244 -85.728  2.61
6 17  15.0 38.255 -85.756  38.243 -85.726  2.61
7 23  10.0 38.256 -85.756  38.243 -85.726  0.124
1 14  20.0 38.257 -85.757  38.243 -85.725  2.61
4 15  22.0 38.256 -85.753  38.244 -85.729  2.07
6 14  22.0 38.257 -85.756  38.243 -85.726  2.17
3 18  23.0 38.257 -85.756  38.243 -85.726  2.779
7 20  14.0 38.255 -85.752  38.246 -85.73  2.19
7 16  14.0 38.256 -85.753  38.246 -85.729  1.7
7 22  18.0 38.258 -85.755  38.246 -85.727  2.61
7 17  41.0 38.259 -85.754  38.246 -85.728  2.83
5 16  13.0 38.244 -85.754  38.244 -85.727  2.09
4 19  15.0 38.252 -85.756  38.243 -85.725  2.492
7 20  32.0 38.252 -85.754  38.243 -85.727  1.32
2 12  10.0 38.252 -85.754  38.244 -85.727  1.64
7 14  18.0 38.253 -85.755  38.243 -85.726  1.553
6 14  17.0 38.252 -85.753  38.245 -85.728  1.429
6 21  21.0 38.255 -85.751  38.243 -85.73  2.19
4 17  18.0 38.254 -85.752  38.246 -85.729  1.96
7 16  12.0 38.255 -85.754  38.246 -85.727  1.68
5 18  14.0 38.256 -85.753  38.246 -85.728  1.83
6 5  15.0 38.257 -85.752  38.246 -85.729  1.59
7 15  24.0 38.215 -85.75  38.243 -85.73  3.3
2 15  25.0 38.216 -85.752  38.246 -85.728  3.99
4 4  16.0 38.228 -85.751  38.244 -85.729  2.3
7 18  10.0 38.239 -85.753  38.246 -85.727  2.548
7 12  28.0 38.25 -85.755  38.243 -85.725  2.299
6 13  13.0 38.253 -85.754  38.243 -85.726  2.03
7 9  13.0 38.254 -85.753  38.244 -85.727  1.864
7 18  36.0 38.253 -85.751  38.245 -85.729  3.04
4 13  12.0 38.253 -85.751  38.246 -85.729  1.53
1 19  24.0 38.256 -85.753  38.243 -85.727  3.045
7 22  34.0 38.256 -85.751  38.243 -85.729  1.94
5 14  25.0 38.256 -85.752  38.244 -85.728  2.796
6 21  12.0 38.255 -85.751  38.246 -85.729  1.88
5 15  19.0 38.256 -85.751  38.246 -85.729  1.74
7 23  24.0 38.258 -85.753  38.244 -85.727  2.61
6 7  14.0 38.226 -85.753  38.243 -85.726  2.56
3 3  11.0 38.229 -85.751  38.244 -85.728  2.22
7 18  15.0 38.245 -85.753  38.243 -85.726  1.678
5 15  7.0 38.246 -85.753  38.243 -85.726  1.52
6 20  17.0 38.245 -85.753  38.245 -85.726  1.8
7 23  12.0 38.249 -85.752  38.246 -85.727  1.491
5 10  13.0 38.25 -85.753  38.245 -85.726  1.802
2 12  21.0 38.252 -85.753  38.244 -85.726  2.88
7 21  28.0 38.252 -85.752  38.244 -85.727  1.367
3 8  14.0 38.254 -85.752  38.244 -85.727  1.64
4 17  14.0 38.253 -85.751  38.245 -85.728  1.78
7 20  29.0 38.255 -85.75  38.244 -85.729  2.37
4 20  41.0 38.254 -85.751  38.245 -85.728  4.598
7 20  14.0 38.256 -85.752  38.244 -85.727  1.926
6 15  15.0 38.256 -85.752  38.244 -85.727  1.988
7 24  32.0 38.257 -85.75  38.246 -85.729  2.42
6 6  16.0 38.218 -85.749  38.243 -85.729  2.72
7 19  18.0 38.229 -85.752  38.244 -85.726  2.485
1 13  10.0 38.236 -85.748  38.244 -85.73  1.46
6 7  36.0 38.245 -85.752  38.243 -85.726  3.41
6 16  11.0 38.251 -85.753  38.243 -85.725  2.21
5 9  21.0 38.252 -85.751  38.244 -85.727  1.74
1 14  13.0 38.253 -85.751  38.244 -85.727  2.237
6 23  10.0 38.254 -85.75  38.244 -85.728  1.5
7 11  10.0 38.254 -85.748  38.244 -85.73  3.09
5 14  26.0 38.253 -85.75  38.245 -85.728  1.491
1 0  16.0 38.257 -85.749  38.243 -85.729  1.84
7 17  17.0 38.255 -85.749  38.246 -85.729  1.616
2 9  35.0 38.256 -85.748  38.245 -85.73  3.63
1 10  13.0 38.258 -85.75  38.245 -85.728  1.81
6 3  20.0 38.272 -85.75  38.245 -85.728  3.02
3 10  12.0 38.255 -85.749  38.244 -85.728  1.65
7 10  11.0 38.256 -85.75  38.244 -85.727  1.54
4 12  9.0 38.255 -85.748  38.246 -85.729  1.498
1 14  14.0 38.256 -85.752  38.246 -85.725  1.95
6 22  39.0 38.258 -85.747  38.244 -85.73  2.0
5 11  21.0 38.259 -85.752  38.245 -85.725  3.81
1 16  10.0 38.247 -85.746  38.243 -85.73  1.1
2 11  12.0 38.25 -85.747  38.243 -85.729  1.27
1 13  12.0 38.253 -85.747  38.246 -85.729  0.932
5 10  54.0 38.253 -85.747  38.246 -85.729  3.11
1 0  9.0 38.257 -85.748  38.243 -85.728  1.94
1 23  13.0 38.257 -85.748  38.244 -85.728  2.175
3 20  41.0 38.257 -85.747  38.244 -85.729  4.78
6 16  24.0 38.257 -85.746  38.246 -85.73  2.8
7 22  8.0 38.244 -85.749  38.243 -85.726  1.23
5 11  10.0 38.245 -85.748  38.244 -85.727  1.35
7 18  11.0 38.252 -85.748  38.244 -85.727  1.36
5 9  21.0 38.253 -85.748  38.244 -85.727  1.181
5 19  21.0 38.255 -85.748  38.244 -85.727  2.25
5 21  22.0 38.256 -85.748  38.243 -85.727  3.418
6 22  40.0 38.256 -85.745  38.244 -85.73  1.99
2 9  34.0 38.258 -85.745  38.245 -85.73  3.6
2 16  20.0 38.209 -85.747  38.244 -85.727  2.95
4 12  10.0 38.244 -85.745  38.244 -85.729  1.01
7 15  7.0 38.245 -85.745  38.244 -85.729  0.994
7 11  11.0 38.252 -85.746  38.244 -85.728  1.21
7 11  9.0 38.255 -85.746  38.245 -85.728  1.28
5 10  12.0 38.257 -85.745  38.244 -85.729  1.6
7 6  17.0 38.257 -85.747  38.244 -85.727  2.59
7 21  17.0 38.259 -85.748  38.243 -85.726  0.186
7 11  9.0 38.258 -85.745  38.245 -85.729  1.42
1 9  12.0 38.257 -85.745  38.246 -85.729  1.46
7 21  13.0 38.257 -85.745  38.246 -85.729  0.062
1 16  11.0 38.258 -85.745  38.246 -85.729  1.61
2 14  27.0 38.258 -85.745  38.246 -85.729  3.542
7 13  18.0 38.214 -85.743  38.244 -85.73  2.45
1 16  20.0 38.226 -85.745  38.244 -85.728  2.672
2 3  9.0 38.234 -85.748  38.244 -85.725  1.99
3 18  18.0 38.244 -85.747  38.243 -85.726  2.37
6 7  8.0 38.244 -85.745  38.244 -85.728  1.056
1 14  13.0 38.251 -85.745  38.244 -85.728  2.175
5 23  7.0 38.252 -85.743  38.245 -85.73  1.056
5 18  9.0 38.251 -85.744  38.246 -85.729  1.06
4 17  10.0 38.252 -85.745  38.245 -85.728  1.58
7 21  20.0 38.254 -85.743  38.244 -85.73  1.74
4 23  21.0 38.253 -85.744  38.245 -85.729  1.74
6 20  12.0 38.255 -85.744  38.246 -85.729  1.056
1 23  16.0 38.258 -85.745  38.243 -85.728  2.74
5 14  7.0 38.245 -85.747  38.243 -85.725  1.23
7 9  9.0 38.242 -85.742  38.246 -85.73  0.86
2 12  25.0 38.247 -85.743  38.244 -85.729  1.118
6 16  21.0 38.251 -85.743  38.244 -85.729  1.6
4 9  7.0 38.252 -85.742  38.245 -85.73  0.92
1 19  12.0 38.257 -85.746  38.243 -85.726  2.051
6 16  13.0 38.255 -85.744  38.245 -85.728  1.25
2 20  13.0 38.255 -85.743  38.245 -85.729  1.74
1 16  32.0 38.255 -85.744  38.245 -85.728  1.84
4 18  37.0 38.257 -85.745  38.243 -85.727  2.9
7 20  12.0 38.258 -85.745  38.243 -85.727  0.684
2 10  28.0 38.256 -85.744  38.245 -85.728  3.15
1 16  11.0 38.257 -85.744  38.245 -85.728  1.66
6 18  12.0 38.258 -85.745  38.244 -85.727  1.802
7 19  18.0 38.257 -85.747  38.245 -85.725  1.802
1 15  20.0 38.258 -85.745  38.244 -85.727  1.864
7 12  15.0 38.259 -85.745  38.244 -85.727  2.245
3 18  12.0 38.244 -85.742  38.243 -85.729  0.75
5 18  9.0 38.248 -85.742  38.246 -85.729  1.06
7 16  10.0 38.25 -85.744  38.244 -85.727  1.118
6 11  9.0 38.251 -85.742  38.244 -85.729  1.04
5 21  16.0 38.25 -85.743  38.245 -85.728  1.056
5 10  8.0 38.252 -85.743  38.245 -85.728  0.97
2 8  8.0 38.254 -85.741  38.243 -85.73  1.03
6 5  13.0 38.254 -85.744  38.244 -85.727  1.491
6 16  10.0 38.254 -85.745  38.245 -85.726  1.508
7 18  18.0 38.255 -85.744  38.244 -85.727  1.864
7 18  6.0 38.254 -85.742  38.246 -85.729  1.07
1 23  15.0 38.258 -85.745  38.243 -85.726  2.88
7 12  27.0 38.258 -85.745  38.243 -85.726  2.051
6 15  32.0 38.258 -85.745  38.243 -85.726  3.96
7 17  38.0 38.258 -85.745  38.243 -85.726  2.25
3 17  38.0 38.258 -85.745  38.243 -85.726  4.95
7 17  40.0 38.258 -85.745  38.243 -85.726  2.27
7 13  14.0 38.259 -85.743  38.245 -85.728  1.93
6 15  10.0 38.239 -85.741  38.246 -85.729  1.11
6 15  11.0 38.242 -85.741  38.245 -85.729  1.08
4 19  6.0 38.25 -85.74  38.244 -85.73  1.06
4 12  10.0 38.25 -85.742  38.244 -85.728  1.118
2 16  14.0 38.25 -85.741  38.246 -85.729  0.74
2 15  10.0 38.254 -85.742  38.243 -85.728  1.3
2 14  7.0 38.254 -85.742  38.244 -85.728  1.22
7 14  16.0 38.255 -85.744  38.243 -85.726  1.63
1 16  21.0 38.255 -85.743  38.244 -85.727  1.72
6 15  31.0 38.256 -85.742  38.244 -85.728  3.78
5 16  32.0 38.256 -85.742  38.246 -85.728  3.56
7 11  20.0 38.261 -85.74  38.246 -85.73  2.92
2 12  36.0 38.212 -85.742  38.243 -85.727  1.802
7 13  19.0 38.214 -85.739  38.244 -85.73  2.55
7 19  20.0 38.223 -85.739  38.244 -85.73  1.82
6 12  20.0 38.237 -85.744  38.244 -85.725  1.79
1 11  31.0 38.244 -85.739  38.244 -85.73  3.107
5 12  18.0 38.251 -85.739  38.243 -85.73  1.056
7 5  9.0 38.254 -85.742  38.244 -85.727  1.13
3 20  13.0 38.252 -85.739  38.246 -85.73  0.932
7 6  6.0 38.255 -85.741  38.244 -85.728  1.15
7 5  6.0 38.255 -85.741  38.244 -85.728  1.25
2 14  7.0 38.255 -85.741  38.244 -85.728  1.26
5 16  8.0 38.254 -85.741  38.245 -85.728  0.97
4 12  8.0 38.255 -85.741  38.244 -85.728  1.3
2 10  9.0 38.253 -85.74  38.246 -85.729  0.93
7 20  10.0 38.253 -85.74  38.246 -85.729  1.118
6 20  10.0 38.254 -85.741  38.245 -85.728  1.12
7 18  8.0 38.255 -85.74  38.246 -85.729  1.28
7 20  17.0 38.256 -85.742  38.245 -85.727  2.4
5 15  12.0 38.256 -85.74  38.246 -85.729  1.73
1 16  13.0 38.259 -85.74  38.244 -85.729  1.69
7 11  20.0 38.261 -85.739  38.246 -85.73  0.11
5 17  20.0 38.264 -85.74  38.244 -85.729  2.86
6 18  25.0 38.272 -85.742  38.243 -85.727  3.78
1 13  10.0 38.239 -85.74  38.245 -85.728  0.881
2 11  12.0 38.25 -85.743  38.243 -85.725  1.38
7 21  9.0 38.252 -85.741  38.243 -85.727  1.305
1 13  10.0 38.251 -85.74  38.244 -85.728  1.02
7 19  16.0 38.252 -85.739  38.243 -85.729  1.99
7 6  5.0 38.253 -85.74  38.244 -85.728  1.14
7 20  6.0 38.253 -85.738  38.244 -85.73  1.243
6 21  9.0 38.253 -85.738  38.244 -85.73  1.1
6 21  9.0 38.253 -85.738  38.244 -85.73  1.3
4 11  14.0 38.253 -85.738  38.244 -85.73  1.18
6 16  17.0 38.253 -85.738  38.244 -85.73  0.78
1 13  9.0 38.254 -85.741  38.244 -85.727  1.16
6 20  11.0 38.254 -85.741  38.244 -85.727  1.18
7 12  11.0 38.253 -85.74  38.245 -85.728  1.45
7 19  19.0 38.255 -85.742  38.243 -85.726  1.616
7 14  21.0 38.253 -85.74  38.245 -85.728  1.678
6 16  6.0 38.253 -85.739  38.246 -85.729  0.435
7 16  6.0 38.253 -85.739  38.246 -85.729  0.85
7 8  7.0 38.254 -85.74  38.245 -85.728  0.88
3 10  7.0 38.255 -85.74  38.244 -85.728  1.26
1 3  7.0 38.255 -85.74  38.244 -85.728  1.27
5 9  7.0 38.255 -85.74  38.244 -85.728  1.305
4 18  8.0 38.253 -85.739  38.246 -85.729  0.87
2 10  8.0 38.253 -85.739  38.246 -85.729  1.22
4 13  9.0 38.255 -85.74  38.244 -85.728  1.04
1 19  11.0 38.253 -85.739  38.246 -85.729  0.78
6 19  14.0 38.255 -85.74  38.245 -85.728  1.118
6 23  15.0 38.255 -85.739  38.245 -85.729  1.28
4 16  18.0 38.214 -85.741  38.245 -85.726  2.79
1 13  10.0 38.239 -85.739  38.246 -85.728  0.89
4 15  46.0 38.246 -85.739  38.245 -85.728  4.89
1 13  7.0 38.25 -85.737  38.245 -85.73  0.68
1 13  8.0 38.25 -85.737  38.245 -85.73  0.72
7 18  9.0 38.252 -85.739  38.243 -85.728  1.31
7 23  8.0 38.253 -85.739  38.243 -85.728  1.13
7 16  11.0 38.252 -85.74  38.244 -85.727  1.056
7 14  4.0 38.251 -85.737  38.246 -85.73  0.774
1 7  6.0 38.253 -85.739  38.244 -85.728  1.09
5 15  6.0 38.253 -85.74  38.244 -85.727  1.13
6 21  10.0 38.253 -85.74  38.244 -85.727  1.181
7 21  11.0 38.253 -85.74  38.244 -85.727  1.181
7 18  12.0 38.253 -85.74  38.244 -85.727  1.181
5 16  13.0 38.253 -85.74  38.244 -85.727  1.31
5 18  16.0 38.253 -85.738  38.244 -85.729  1.305
7 19  16.0 38.253 -85.739  38.244 -85.728  2.05
6 16  19.0 38.253 -85.74  38.244 -85.727  1.429
7 9  5.0 38.253 -85.738  38.246 -85.729  0.373
7 11  5.0 38.253 -85.738  38.246 -85.729  0.68
6 13  6.0 38.253 -85.738  38.246 -85.729  1.118
5 14  7.0 38.253 -85.738  38.246 -85.729  0.68
4 14  7.0 38.253 -85.738  38.246 -85.729  0.87
6 20  8.0 38.253 -85.738  38.246 -85.729  0.373
6 12  8.0 38.253 -85.738  38.246 -85.729  0.87
7 11  8.0 38.253 -85.738  38.246 -85.729  0.87
5 12  8.0 38.255 -85.74  38.244 -85.727  1.243
7 23  15.0 38.255 -85.738  38.245 -85.729  1.553
7 10  21.0 38.257 -85.742  38.243 -85.725  1.87
3 10  21.0 38.256 -85.738  38.244 -85.729  2.61
6 17  6.0 38.257 -85.737  38.245 -85.73  0.78
4 20  11.0 38.226 -85.736  38.244 -85.73  1.988
6 22  15.0 38.246 -85.736  38.244 -85.73  1.553
7 15  8.0 38.249 -85.736  38.244 -85.73  0.65
7 17  14.0 38.249 -85.737  38.244 -85.729  0.062
4 21  10.0 38.251 -85.74  38.243 -85.726  1.243
3 17  26.0 38.25 -85.736  38.244 -85.73  3.66
7 5  6.0 38.252 -85.739  38.243 -85.727  1.11
1 13  7.0 38.25 -85.736  38.245 -85.73  0.61
7 16  9.0 38.252 -85.739  38.243 -85.727  1.181
7 18  10.0 38.252 -85.74  38.243 -85.726  1.67
7 13  8.0 38.252 -85.736  38.244 -85.73  1.55
3 16  10.0 38.251 -85.738  38.245 -85.728  0.85
7 13  11.0 38.253 -85.739  38.243 -85.727  0.87
5 16  12.0 38.253 -85.739  38.243 -85.727  1.118
3 15  6.0 38.252 -85.738  38.245 -85.728  0.4
4 12  7.0 38.253 -85.739  38.244 -85.727  1.09
1 13  10.0 38.253 -85.739  38.244 -85.727  1.48
6 23  16.0 38.253 -85.739  38.244 -85.727  1.429
1 20  35.0 38.251 -85.74  38.246 -85.726  2.24
4 21  21.0 38.255 -85.739  38.244 -85.727  1.864
1 19  22.0 38.254 -85.737  38.246 -85.729  2.5
4 11  12.0 38.255 -85.738  38.246 -85.728  1.01
7 20  22.0 38.256 -85.736  38.245 -85.73  1.71
3 12  10.0 38.262 -85.737  38.246 -85.729  1.48
1 11  10.0 38.227 -85.737  38.244 -85.728  2.117
4 13  21.0 38.228 -85.74  38.244 -85.725  2.39
7 10  16.0 38.237 -85.74  38.244 -85.725  1.15
5 18  39.0 38.243 -85.736  38.246 -85.729  4.41
1 13  7.0 38.248 -85.736  38.243 -85.729  0.68
2 17  9.0 38.249 -85.737  38.245 -85.728  1.056
1 17  49.0 38.252 -85.738  38.243 -85.727  4.21
6 16  5.0 38.253 -85.736  38.243 -85.729  0.98
7 17  9.0 38.252 -85.738  38.244 -85.727  0.83
7 9  11.0 38.253 -85.739  38.243 -85.726  1.2
3 18  15.0 38.252 -85.735  38.244 -85.73  1.1
7 17  17.0 38.253 -85.738  38.243 -85.727  2.3
7 12  5.0 38.253 -85.736  38.244 -85.729  0.92
1 16  6.0 38.253 -85.736  38.244 -85.729  0.86
7 16  7.0 38.253 -85.738  38.244 -85.727  0.856
3 20  8.0 38.253 -85.738  38.244 -85.727  1.056
3 16  9.0 38.253 -85.738  38.244 -85.727  1.01
6 21  10.0 38.253 -85.738  38.244 -85.727  1.056
1 18  18.0 38.253 -85.738  38.244 -85.727  1.056
5 10  55.0 38.253 -85.738  38.244 -85.727  2.12
6 8  12.0 38.254 -85.735  38.244 -85.73  1.05
3 15  12.0 38.255 -85.74  38.243 -85.725  1.43
6 16  16.0 38.254 -85.735  38.244 -85.73  1.34
6 16  5.0 38.253 -85.736  38.246 -85.729  0.76
3 19  11.0 38.256 -85.738  38.243 -85.727  1.18
7 13  13.0 38.253 -85.736  38.246 -85.729  0.746
4 23  21.0 38.254 -85.74  38.245 -85.725  1.616
2 16  27.0 38.255 -85.738  38.244 -85.727  1.38
4 15  18.0 38.255 -85.738  38.245 -85.727  1.243
4 13  7.0 38.256 -85.739  38.246 -85.726  0.93
7 5  8.0 38.256 -85.74  38.246 -85.725  1.24
7 21  10.0 38.236 -85.735  38.243 -85.729  1.36
6 19  38.0 38.24 -85.735  38.244 -85.729  4.66
6 15  5.0 38.239 -85.735  38.246 -85.729  0.6
3 11  10.0 38.239 -85.734  38.246 -85.73  0.73
1 19  9.0 38.25 -85.735  38.243 -85.729  1.47
1 15  10.0 38.252 -85.736  38.243 -85.728  1.3
7 17  12.0 38.252 -85.738  38.243 -85.726  1.18
2 11  4.0 38.25 -85.736  38.246 -85.728  0.4
7 17  7.0 38.252 -85.737  38.244 -85.727  0.86
7 16  8.0 38.253 -85.738  38.243 -85.726  1.06
7 16  8.0 38.253 -85.738  38.243 -85.726  1.07
4 18  9.0 38.25 -85.735  38.246 -85.729  0.746
7 18  12.0 38.253 -85.738  38.243 -85.726  1.05
6 21  13.0 38.252 -85.736  38.244 -85.728  1.243
7 20  14.0 38.253 -85.738  38.243 -85.726  2.051
1 15  15.0 38.25 -85.735  38.246 -85.729  1.864
7 11  21.0 38.253 -85.738  38.243 -85.726  1.26
7 12  9.0 38.253 -85.738  38.244 -85.726  1.0
4 18  11.0 38.253 -85.737  38.244 -85.727  0.932
4 18  13.0 38.253 -85.737  38.244 -85.727  0.994
2 13  22.0 38.253 -85.738  38.244 -85.726  1.31
2 13  26.0 38.253 -85.738  38.244 -85.726  1.3
6 16  7.0 38.253 -85.736  38.245 -85.728  0.87
2 22  9.0 38.254 -85.737  38.244 -85.727  1.429
2 6  12.0 38.254 -85.738  38.244 -85.726  1.55
6 18  13.0 38.253 -85.736  38.245 -85.728  1.181
3 12  6.0 38.253 -85.736  38.246 -85.728  0.79
5 12  13.0 38.256 -85.739  38.243 -85.725  1.36
5 19  6.0 38.254 -85.735  38.246 -85.729  0.746
7 20  7.0 38.259 -85.739  38.246 -85.725  1.16
6 20  11.0 38.261 -85.735  38.246 -85.729  1.435
4 16  12.0 38.235 -85.733  38.244 -85.73  1.15
5 20  27.0 38.245 -85.733  38.244 -85.73  0.249
5 20  9.0 38.245 -85.736  38.245 -85.727  0.884
7 17  7.0 38.248 -85.734  38.243 -85.729  0.39
6 19  13.0 38.248 -85.733  38.244 -85.73  0.8
6 16  18.0 38.246 -85.733  38.246 -85.73  2.55
4 8  3.0 38.247 -85.734  38.246 -85.729  0.32
2 10  13.0 38.25 -85.736  38.243 -85.727  1.62
7 12  5.0 38.252 -85.735  38.243 -85.728  0.89
4 18  6.0 38.251 -85.735  38.244 -85.728  0.82
7 16  14.0 38.251 -85.736  38.244 -85.727  0.81
7 12  5.0 38.251 -85.735  38.245 -85.728  0.82
7 17  6.0 38.252 -85.738  38.245 -85.725  1.01
7 9  7.0 38.253 -85.736  38.244 -85.727  0.87
6 16  8.0 38.253 -85.736  38.244 -85.727  1.08
7 17  9.0 38.253 -85.736  38.244 -85.727  0.932
7 15  11.0 38.253 -85.736  38.244 -85.727  1.001
7 13  13.0 38.253 -85.736  38.244 -85.727  1.018
4 19  20.0 38.253 -85.736  38.244 -85.727  0.91
7 12  7.0 38.253 -85.735  38.245 -85.728  0.51
7 12  7.0 38.253 -85.735  38.245 -85.728  0.82
7 24  10.0 38.254 -85.736  38.244 -85.727  0.932
1 11  16.0 38.253 -85.735  38.245 -85.728  1.05
7 14  5.0 38.253 -85.734  38.246 -85.729  0.54
7 12  9.0 38.255 -85.736  38.244 -85.727  0.994
5 13  10.0 38.257 -85.733  38.244 -85.73  1.118
7 23  16.0 38.262 -85.737  38.243 -85.726  2.175
4 9  45.0 38.262 -85.737  38.243 -85.726  3.06
5 19  3.0 38.24 -85.732  38.244 -85.73  0.24
7 23  6.0 38.239 -85.733  38.246 -85.729  0.49
5 11  6.0 38.242 -85.736  38.243 -85.726  0.65
5 8  7.0 38.239 -85.733  38.246 -85.729  0.549
7 22  16.0 38.239 -85.733  38.246 -85.729  0.71
2 7  4.0 38.243 -85.735  38.243 -85.727  0.33
3 13  3.0 38.243 -85.732  38.244 -85.73  0.08
6 16  22.0 38.242 -85.732  38.246 -85.73  3.67
4 17  3.0 38.247 -85.732  38.243 -85.73  0.34
7 23  11.0 38.246 -85.733  38.246 -85.729  0.684
5 13  8.0 38.249 -85.735  38.244 -85.727  0.75
6 16  8.0 38.25 -85.733  38.243 -85.729  0.86
7 17  14.0 38.249 -85.735  38.244 -85.727  0.435
5 20  19.0 38.25 -85.735  38.244 -85.727  1.305
6 8  9.0 38.253 -85.734  38.243 -85.728  1.06
7 17  10.0 38.253 -85.733  38.243 -85.729  0.87
3 13  8.0 38.252 -85.734  38.245 -85.728  0.87
4 18  9.0 38.254 -85.737  38.244 -85.725  1.3
3 15  11.0 38.253 -85.735  38.245 -85.727  0.89
7 14  5.0 38.253 -85.733  38.246 -85.729  0.51
4 16  6.0 38.253 -85.733  38.246 -85.729  0.53
1 18  29.0 38.255 -85.735  38.244 -85.727  0.82
7 12  7.0 38.256 -85.734  38.245 -85.728  0.81
7 1  18.0 38.262 -85.735  38.245 -85.727  2.15
2 21  3.0 38.238 -85.731  38.243 -85.73  0.58
1 15  4.0 38.238 -85.736  38.243 -85.725  0.5
5 20  9.0 38.238 -85.734  38.246 -85.727  0.81
1 21  6.0 38.244 -85.731  38.244 -85.73  0.07
1 20  8.0 38.244 -85.731  38.244 -85.73  0.23
1 12  8.0 38.244 -85.731  38.244 -85.73  0.435
7 22  8.0 38.244 -85.731  38.244 -85.73  2.423
4 17  3.0 38.247 -85.731  38.243 -85.73  0.39
1 15  15.0 38.246 -85.732  38.246 -85.729  0.41
2 17  10.0 38.248 -85.733  38.245 -85.728  0.579
2 17  4.0 38.251 -85.732  38.243 -85.729  0.72
1 11  11.0 38.251 -85.735  38.243 -85.726  0.9
6 22  22.0 38.248 -85.731  38.246 -85.73  0.559
7 20  23.0 38.253 -85.734  38.244 -85.727  0.79
3 15  9.0 38.254 -85.734  38.244 -85.727  0.93
4 7  52.0 38.254 -85.733  38.244 -85.728  2.796
3 10  4.0 38.253 -85.734  38.246 -85.727  0.56
4 15  9.0 38.255 -85.733  38.244 -85.728  0.87
7 15  29.0 38.253 -85.734  38.246 -85.727  1.498
6 19  6.0 38.254 -85.732  38.246 -85.729  0.594
7 14  11.0 38.259 -85.732  38.243 -85.729  1.42
7 22  11.0 38.259 -85.733  38.245 -85.728  0.373
5 21  14.0 38.258 -85.736  38.246 -85.725  1.429
5 17  16.0 38.262 -85.736  38.243 -85.725  2.54
7 14  29.0 38.261 -85.732  38.245 -85.729  3.56
1 17  38.0 38.262 -85.732  38.245 -85.729  4.33
7 13  9.0 38.224 -85.734  38.243 -85.726  1.51
1 14  11.0 38.232 -85.733  38.246 -85.727  1.8
5 16  17.0 38.238 -85.733  38.244 -85.727  2.02
7 9  4.0 38.239 -85.73  38.245 -85.73  0.37
4 15  47.0 38.242 -85.735  38.243 -85.725  3.24
7 17  2.0 38.243 -85.73  38.243 -85.73  0.249
7 13  3.0 38.243 -85.731  38.243 -85.729  0.16
2 9  4.0 38.24 -85.73  38.246 -85.73  0.57
4 17  26.0 38.243 -85.73  38.243 -85.73  2.02
4 17  26.0 38.243 -85.73  38.243 -85.73  2.21
4 17  28.0 38.243 -85.73  38.243 -85.73  2.05
3 10  5.0 38.244 -85.734  38.243 -85.726  0.64
1 13  8.0 38.243 -85.73  38.244 -85.73  0.54
7 13  11.0 38.244 -85.73  38.243 -85.73  0.71
1 17  11.0 38.242 -85.73  38.245 -85.73  1.38
7 13  13.0 38.244 -85.73  38.243 -85.73  1.09
6 18  6.0 38.245 -85.731  38.243 -85.729  0.994
6 15  9.0 38.244 -85.73  38.244 -85.73  0.13
7 13  11.0 38.243 -85.731  38.245 -85.729  0.97
3 17  15.0 38.244 -85.73  38.244 -85.73  2.33
5 20  27.0 38.244 -85.73  38.244 -85.73  0.249
6 12  52.0 38.244 -85.73  38.244 -85.73  2.87
4 18  3.0 38.245 -85.731  38.244 -85.729  0.12
4 11  10.0 38.244 -85.73  38.245 -85.73  0.67
6 9  5.0 38.245 -85.73  38.245 -85.73  0.497
1 19  3.0 38.247 -85.73  38.244 -85.73  0.32
4 18  3.0 38.247 -85.73  38.244 -85.73  0.33
5 19  4.0 38.247 -85.73  38.244 -85.73  0.124
6 11  4.0 38.247 -85.73  38.244 -85.73  0.3
7 18  22.0 38.247 -85.731  38.244 -85.729  2.54
4 18  11.0 38.246 -85.73  38.246 -85.73  1.31
4 15  13.0 38.246 -85.73  38.246 -85.73  1.6
4 15  17.0 38.246 -85.73  38.246 -85.73  2.29
5 15  18.0 38.246 -85.73  38.246 -85.73  2.5
6 13  19.0 38.246 -85.73  38.246 -85.73  2.27
7 15  4.0 38.25 -85.733  38.243 -85.727  0.31
6 21  2.0 38.248 -85.731  38.246 -85.729  0.186
4 19  8.0 38.248 -85.731  38.246 -85.729  0.186
1 13  9.0 38.248 -85.731  38.246 -85.729  0.249
3 11  18.0 38.248 -85.731  38.246 -85.729  2.92
6 19  8.0 38.249 -85.731  38.246 -85.729  0.29
7 17  12.0 38.252 -85.734  38.243 -85.726  1.21
6 21  6.0 38.251 -85.732  38.245 -85.728  0.497
7 15  12.0 38.252 -85.733  38.244 -85.727  0.87
7 11  16.0 38.253 -85.734  38.243 -85.726  1.1
7 9  25.0 38.251 -85.732  38.246 -85.728  1.67
7 11  23.0 38.234 -85.73  38.243 -85.729  1.66
2 12  11.0 38.235 -85.733  38.243 -85.726  0.66
2 10  5.0 38.238 -85.729  38.244 -85.73  0.41
3 8  14.0 38.242 -85.73  38.243 -85.729  1.3
6 19  8.0 38.243 -85.73  38.243 -85.729  0.435
1 13  17.0 38.243 -85.73  38.243 -85.729  1.38
7 15  6.0 38.244 -85.733  38.243 -85.726  0.37
2 5  27.0 38.243 -85.731  38.244 -85.728  2.0
4 14  4.0 38.245 -85.73  38.243 -85.729  0.29
3 23  8.0 38.244 -85.729  38.244 -85.73  0.8
1 21  12.0 38.244 -85.729  38.244 -85.73  2.796
3 14  13.0 38.244 -85.73  38.244 -85.729  0.93
3 14  14.0 38.244 -85.73  38.244 -85.729  0.94
7 19  19.0 38.244 -85.729  38.244 -85.73  0.99
1 5  22.0 38.244 -85.73  38.244 -85.729  0.68
3 13  24.0 38.244 -85.73  38.244 -85.729  0.21
4 18  24.0 38.244 -85.729  38.244 -85.73  1.18
3 9  29.0 38.244 -85.73  38.244 -85.729  3.09
2 0  42.0 38.244 -85.729  38.244 -85.73  1.9
4 18  9.0 38.245 -85.729  38.245 -85.73  1.26
7 18  2.0 38.245 -85.729  38.246 -85.73  0.35
3 18  3.0 38.247 -85.73  38.244 -85.729  0.31
5 19  16.0 38.246 -85.729  38.245 -85.73  0.124
4 20  20.0 38.246 -85.73  38.245 -85.729  1.82
5 6  5.0 38.247 -85.732  38.245 -85.727  0.34
6 21  6.0 38.247 -85.729  38.245 -85.73  0.74
1 16  9.0 38.246 -85.73  38.246 -85.729  1.243
6 18  4.0 38.247 -85.73  38.246 -85.729  0.13
5 13  4.0 38.247 -85.73  38.246 -85.729  0.14
1 18  5.0 38.247 -85.73  38.246 -85.729  0.19
4 16  6.0 38.247 -85.73  38.246 -85.729  0.062
7 14  10.0 38.247 -85.73  38.246 -85.729  0.45
3 13  15.0 38.247 -85.73  38.246 -85.729  1.28
4 17  16.0 38.247 -85.73  38.246 -85.729  1.11
3 13  20.0 38.247 -85.73  38.246 -85.729  1.48
3 14  22.0 38.247 -85.73  38.246 -85.729  2.09
1 13  4.0 38.248 -85.73  38.246 -85.729  0.186
7 16  6.0 38.248 -85.732  38.246 -85.727  0.45
6 21  7.0 38.248 -85.73  38.246 -85.729  0.907
4 22  13.0 38.248 -85.73  38.246 -85.729  1.4
4 8  30.0 38.248 -85.73  38.246 -85.729  0.14
4 8  30.0 38.248 -85.73  38.246 -85.729  0.14
7 11  31.0 38.248 -85.73  38.246 -85.729  0.32
3 16  32.0 38.248 -85.73  38.246 -85.729  1.957
6 15  37.0 38.248 -85.73  38.246 -85.729  4.785
1 8  42.0 38.248 -85.73  38.246 -85.729  2.96
1 8  44.0 38.248 -85.73  38.246 -85.729  2.91
4 14  44.0 38.248 -85.73  38.246 -85.729  4.722
3 20  48.0 38.248 -85.73  38.246 -85.729  1.926
7 23  8.0 38.252 -85.733  38.243 -85.726  0.808
6 20  16.0 38.251 -85.734  38.244 -85.725  1.491
7 15  24.0 38.251 -85.733  38.244 -85.726  1.678
4 12  8.0 38.255 -85.733  38.243 -85.726  0.94
7 15  5.0 38.253 -85.732  38.246 -85.727  0.56
7 14  15.0 38.256 -85.73  38.246 -85.729  1.553
7 22  21.0 38.256 -85.729  38.246 -85.73  0.621
7 15  18.0 38.263 -85.734  38.243 -85.725  1.87
6 13  7.0 38.236 -85.728  38.245 -85.73  0.81
7 18  7.0 38.24 -85.731  38.243 -85.727  0.4
6 19  10.0 38.237 -85.729  38.246 -85.729  1.056
1 12  25.0 38.242 -85.728  38.243 -85.73  2.05
4 14  4.0 38.242 -85.73  38.244 -85.728  0.21
4 13  4.0 38.243 -85.729  38.243 -85.729  0.23
6 19  5.0 38.243 -85.729  38.243 -85.729  0.435
7 12  7.0 38.243 -85.729  38.243 -85.729  0.14
1 17  9.0 38.243 -85.729  38.243 -85.729  1.11
7 15  14.0 38.243 -85.729  38.243 -85.729  1.19
1 11  20.0 38.241 -85.729  38.245 -85.729  2.61
6 16  20.0 38.241 -85.728  38.245 -85.73  2.8
7 15  27.0 38.243 -85.729  38.243 -85.729  1.18
7 22  47.0 38.243 -85.729  38.243 -85.729  4.85
6 16  7.0 38.243 -85.729  38.244 -85.729  0.932
6 21  3.0 38.244 -85.729  38.244 -85.729  0.124
7 17  3.0 38.244 -85.73  38.244 -85.728  0.27
4 11  5.0 38.244 -85.729  38.244 -85.729  0.062
7 12  6.0 38.244 -85.729  38.244 -85.729  0.51
6 13  8.0 38.244 -85.729  38.244 -85.729  1.07
1 12  9.0 38.245 -85.729  38.243 -85.729  1.69
7 18  10.0 38.244 -85.729  38.244 -85.729  1.05
4 1  12.0 38.244 -85.729  38.244 -85.729  1.34
7 18  23.0 38.244 -85.729  38.244 -85.729  1.1
4 13  2.0 38.245 -85.73  38.244 -85.728  0.35
1 13  31.0 38.245 -85.729  38.244 -85.729  4.0
4 20  32.0 38.245 -85.73  38.244 -85.728  3.9
5 19  4.0 38.247 -85.732  38.243 -85.726  0.49
5 17  6.0 38.245 -85.729  38.245 -85.729  0.64
6 6  7.0 38.245 -85.729  38.245 -85.729  0.82
5 12  7.0 38.245 -85.729  38.245 -85.729  0.94
4 10  10.0 38.245 -85.729  38.245 -85.729  2.051
4 15  11.0 38.245 -85.729  38.245 -85.729  0.45
7 10  44.0 38.245 -85.729  38.245 -85.729  3.91
4 19  45.0 38.245 -85.729  38.245 -85.729  4.33
5 21  3.0 38.247 -85.73  38.244 -85.728  0.27
5 21  5.0 38.247 -85.73  38.244 -85.728  0.32
4 11  7.0 38.246 -85.729  38.245 -85.729  0.67
4 19  3.0 38.247 -85.729  38.245 -85.729  0.25
7 17  3.0 38.246 -85.729  38.246 -85.729  0.37
1 0  4.0 38.246 -85.729  38.246 -85.729  0.05
6 17  4.0 38.248 -85.73  38.244 -85.728  0.311
7 17  4.0 38.246 -85.729  38.246 -85.729  0.52
4 23  4.0 38.246 -85.729  38.246 -85.729  0.808
7 21  5.0 38.247 -85.73  38.245 -85.728  0.184
3 19  5.0 38.246 -85.729  38.246 -85.729  0.41
7 11  6.0 38.246 -85.729  38.246 -85.729  0.06
1 20  6.0 38.246 -85.73  38.246 -85.728  0.124
5 16  6.0 38.248 -85.73  38.244 -85.728  0.24
5 16  6.0 38.248 -85.73  38.244 -85.728  0.24
7 18  7.0 38.246 -85.729  38.246 -85.729  0.06
7 18  7.0 38.246 -85.729  38.246 -85.729  0.07
6 17  7.0 38.247 -85.729  38.245 -85.729  0.24
7 11  7.0 38.246 -85.729  38.246 -85.729  0.61
1 1  8.0 38.246 -85.729  38.246 -85.729  0.26
4 11  8.0 38.246 -85.729  38.246 -85.729  0.57
3 16  9.0 38.246 -85.729  38.246 -85.729  0.68
3 16  9.0 38.246 -85.729  38.246 -85.729  0.97
4 12  10.0 38.246 -85.729  38.246 -85.729  1.181
5 23  11.0 38.248 -85.731  38.244 -85.727  0.373
7 13  12.0 38.246 -85.729  38.246 -85.729  1.93
2 17  14.0 38.246 -85.729  38.246 -85.729  1.2
7 14  15.0 38.247 -85.728  38.245 -85.73  1.181
7 20  31.0 38.246 -85.729  38.246 -85.729  4.598
3 16  47.0 38.247 -85.73  38.245 -85.728  1.9
7 18  13.0 38.247 -85.73  38.246 -85.728  0.683
3 23  23.0 38.248 -85.729  38.245 -85.729  2.45
1 22  31.0 38.247 -85.73  38.246 -85.728  4.83
7 11  12.0 38.251 -85.732  38.243 -85.726  0.63
7 15  21.0 38.251 -85.732  38.243 -85.726  0.97
4 20  15.0 38.25 -85.729  38.245 -85.729  1.02
3 19  47.0 38.253 -85.733  38.243 -85.725  4.1
7 12  8.0 38.254 -85.731  38.244 -85.727  1.12
1 14  12.0 38.256 -85.729  38.246 -85.729  0.98
7 11  27.0 38.256 -85.731  38.246 -85.727  1.46
7 22  14.0 38.239 -85.73  38.245 -85.727  0.49
1 16  25.0 38.239 -85.728  38.245 -85.729  0.83
7 13  10.0 38.241 -85.727  38.244 -85.73  0.3
5 16  17.0 38.242 -85.728  38.244 -85.729  0.79
3 12  3.0 38.244 -85.728  38.244 -85.729  0.062
3 13  4.0 38.244 -85.73  38.244 -85.727  0.18
6 15  5.0 38.244 -85.729  38.244 -85.728  0.25
6 7  12.0 38.245 -85.731  38.243 -85.726  1.19
3 8  4.0 38.243 -85.729  38.246 -85.728  0.43
5 19  16.0 38.244 -85.727  38.245 -85.73  0.186
4 17  3.0 38.247 -85.727  38.243 -85.73  0.37
7 18  4.0 38.244 -85.727  38.246 -85.73  0.23
4 11  5.0 38.246 -85.73  38.244 -85.727  0.497
1 20  9.0 38.247 -85.73  38.243 -85.727  0.373
4 19  45.0 38.245 -85.729  38.245 -85.728  4.19
1 16  3.0 38.247 -85.73  38.244 -85.727  0.29
1 19  4.0 38.247 -85.73  38.244 -85.727  0.249
6 19  4.0 38.247 -85.73  38.244 -85.727  0.249
3 12  4.0 38.247 -85.73  38.244 -85.727  0.249
7 17  4.0 38.247 -85.73  38.244 -85.727  0.32
3 13  7.0 38.247 -85.73  38.244 -85.727  0.4
6 20  8.0 38.247 -85.73  38.244 -85.727  0.311
3 16  10.0 38.247 -85.73  38.244 -85.727  0.249
6 22  20.0 38.247 -85.73  38.244 -85.727  2.361
4 10  21.0 38.245 -85.728  38.246 -85.729  1.58
3 23  24.0 38.246 -85.728  38.245 -85.729  2.66
2 21  5.0 38.247 -85.729  38.245 -85.728  0.13
6 7  6.0 38.246 -85.728  38.246 -85.729  0.09
3 12  6.0 38.246 -85.729  38.246 -85.728  0.57
2 6  9.0 38.246 -85.729  38.246 -85.728  0.99
5 16  14.0 38.246 -85.727  38.246 -85.73  2.18
5 22  22.0 38.246 -85.728  38.246 -85.729  1.01
6 24  36.0 38.246 -85.728  38.246 -85.729  0.16
2 9  37.0 38.246 -85.729  38.246 -85.728  2.05
7 10  44.0 38.246 -85.728  38.246 -85.729  3.84
4 18  48.0 38.246 -85.728  38.246 -85.729  0.9
3 16  12.0 38.247 -85.727  38.246 -85.73  1.74
1 13  7.0 38.254 -85.732  38.243 -85.725  0.97
7 17  19.0 38.253 -85.731  38.246 -85.726  2.48
1 17  5.0 38.254 -85.727  38.246 -85.73  0.63
1 14  13.0 38.256 -85.728  38.246 -85.729  1.02
7 16  5.0 38.234 -85.728  38.244 -85.728  0.91
7 15  7.0 38.235 -85.727  38.244 -85.729  0.81
7 19  8.0 38.237 -85.726  38.244 -85.73  0.6
7 9  37.0 38.239 -85.731  38.243 -85.725  1.04
6 14  3.0 38.241 -85.726  38.243 -85.73  0.34
5 23  4.0 38.238 -85.727  38.246 -85.729  0.373
4 19  4.0 38.242 -85.727  38.243 -85.729  0.29
5 20  10.0 38.242 -85.726  38.243 -85.73  0.83
1 4  4.0 38.242 -85.726  38.244 -85.73  0.28
4 17  14.0 38.242 -85.726  38.244 -85.73  0.6
6 23  4.0 38.244 -85.729  38.243 -85.727  0.124
3 20  4.0 38.244 -85.73  38.243 -85.726  0.25
7 12  14.0 38.242 -85.727  38.245 -85.729  0.77
7 13  38.0 38.244 -85.73  38.243 -85.726  0.94
3 11  3.0 38.242 -85.726  38.246 -85.73  0.43
4 16  3.0 38.242 -85.726  38.246 -85.73  0.5
4 20  4.0 38.244 -85.728  38.244 -85.728  0.07
7 22  4.0 38.243 -85.727  38.245 -85.729  0.17
5 7  4.0 38.242 -85.726  38.246 -85.73  0.5
5 9  4.0 38.242 -85.726  38.246 -85.73  0.51
5 9  5.0 38.244 -85.728  38.244 -85.728  0.3
2 16  5.0 38.242 -85.726  38.246 -85.73  0.43
5 12  5.0 38.242 -85.726  38.246 -85.73  0.52
4 17  6.0 38.244 -85.728  38.244 -85.728  0.373
6 23  6.0 38.244 -85.728  38.244 -85.728  0.373
4 18  7.0 38.244 -85.728  38.244 -85.728  2.61
6 11  12.0 38.245 -85.727  38.243 -85.729  1.09
7 8  30.0 38.244 -85.728  38.244 -85.728  1.429
4 15  39.0 38.244 -85.728  38.244 -85.728  3.75
3 10  3.0 38.244 -85.727  38.245 -85.729  0.08
7 14  4.0 38.244 -85.728  38.245 -85.728  0.15
5 18  2.0 38.244 -85.729  38.246 -85.727  0.28
7 19  3.0 38.245 -85.728  38.245 -85.728  0.125
6 10  3.0 38.244 -85.727  38.246 -85.729  0.19
7 11  3.0 38.247 -85.73  38.243 -85.726  0.38
4 9  3.0 38.247 -85.73  38.243 -85.726  0.39
7 18  5.0 38.245 -85.728  38.245 -85.728  0.11
3 17  6.0 38.246 -85.729  38.244 -85.727  0.186
5 18  6.0 38.246 -85.729  38.244 -85.727  0.41
7 18  8.0 38.247 -85.729  38.243 -85.727  0.56
7 11  28.0 38.245 -85.728  38.245 -85.728  2.53
7 22  29.0 38.245 -85.728  38.245 -85.728  2.33
5 12  34.0 38.245 -85.728  38.245 -85.728  3.5
7 13  3.0 38.246 -85.728  38.245 -85.728  0.04
3 10  3.0 38.247 -85.729  38.244 -85.727  0.2
2 6  4.0 38.246 -85.728  38.245 -85.728  0.21
5 12  5.0 38.246 -85.728  38.245 -85.728  0.12
4 13  5.0 38.246 -85.728  38.245 -85.728  0.23
6 12  11.0 38.247 -85.73  38.244 -85.726  0.5
4 14  12.0 38.245 -85.728  38.246 -85.728  0.58
3 15  12.0 38.245 -85.728  38.246 -85.728  1.02
5 22  25.0 38.245 -85.728  38.246 -85.728  0.88
7 22  29.0 38.246 -85.728  38.245 -85.728  2.4
1 8  33.0 38.245 -85.728  38.246 -85.728  1.64
5 12  35.0 38.246 -85.728  38.245 -85.728  4.23
3 16  42.0 38.245 -85.728  38.246 -85.728  2.96
3 16  42.0 38.246 -85.728  38.245 -85.728  3.11
4 14  3.0 38.246 -85.728  38.246 -85.728  0.17
7 14  4.0 38.246 -85.728  38.246 -85.728  0.14
4 16  4.0 38.246 -85.728  38.246 -85.728  0.2
5 14  5.0 38.246 -85.728  38.246 -85.728  0.06
1 20  8.0 38.246 -85.73  38.246 -85.726  0.29
7 14  16.0 38.246 -85.728  38.246 -85.728  1.43
2 18  21.0 38.246 -85.729  38.246 -85.727  0.25
3 20  3.0 38.25 -85.73  38.243 -85.726  0.42
7 13  42.0 38.247 -85.731  38.246 -85.725  3.06
2 16  34.0 38.248 -85.727  38.246 -85.729  2.55
1 16  6.0 38.249 -85.729  38.246 -85.727  0.14
1 14  25.0 38.252 -85.726  38.243 -85.73  2.84
7 9  25.0 38.251 -85.729  38.246 -85.727  2.14
2 11  9.0 38.255 -85.73  38.243 -85.726  1.429
7 18  8.0 38.259 -85.73  38.244 -85.726  1.27
3 10  6.0 38.258 -85.727  38.246 -85.729  1.11
4 14  10.0 38.26 -85.727  38.244 -85.729  1.6
2 20  5.0 38.236 -85.726  38.243 -85.729  0.435
6 17  5.0 38.24 -85.725  38.243 -85.73  0.6
2 13  8.0 38.24 -85.725  38.243 -85.73  0.7
3 8  3.0 38.241 -85.73  38.243 -85.725  0.35
1 11  3.0 38.241 -85.725  38.243 -85.73  0.37
6 22  3.0 38.241 -85.725  38.244 -85.73  0.52
7 17  4.0 38.241 -85.725  38.244 -85.73  0.05
6 16  4.0 38.242 -85.726  38.243 -85.729  0.08
2 12  4.0 38.242 -85.726  38.243 -85.729  0.25
6 6  4.0 38.242 -85.726  38.243 -85.729  0.33
7 14  4.0 38.241 -85.725  38.244 -85.73  0.435
7 10  4.0 38.241 -85.725  38.244 -85.73  0.44
7 10  4.0 38.241 -85.725  38.244 -85.73  0.44
7 14  10.0 38.241 -85.727  38.244 -85.728  1.0
4 17  15.0 38.241 -85.725  38.244 -85.73  0.186
2 23  29.0 38.242 -85.726  38.243 -85.729  0.481
7 18  4.0 38.242 -85.726  38.244 -85.729  0.21
7 14  4.0 38.242 -85.725  38.244 -85.73  0.58
1 15  5.0 38.241 -85.728  38.245 -85.727  0.57
1 13  7.0 38.242 -85.726  38.244 -85.729  0.197
2 8  7.0 38.242 -85.725  38.244 -85.73  0.68
5 19  28.0 38.242 -85.726  38.244 -85.729  0.124
5 17  28.0 38.243 -85.728  38.243 -85.727  1.44
7 18  3.0 38.242 -85.726  38.245 -85.729  0.43
5 10  4.0 38.241 -85.725  38.246 -85.73  0.61
5 10  4.0 38.241 -85.725  38.246 -85.73  0.61
5 10  5.0 38.241 -85.725  38.246 -85.73  0.62
7 17  2.0 38.242 -85.726  38.246 -85.729  0.349
4 12  3.0 38.242 -85.725  38.246 -85.73  0.45
4 16  3.0 38.242 -85.725  38.246 -85.73  0.5
7 15  4.0 38.244 -85.725  38.244 -85.73  0.37
6 12  4.0 38.242 -85.725  38.246 -85.73  0.44
4 12  4.0 38.242 -85.725  38.246 -85.73  0.46
5 9  4.0 38.242 -85.725  38.246 -85.73  0.56
7 12  6.0 38.242 -85.726  38.246 -85.729  0.31
6 16  6.0 38.242 -85.726  38.246 -85.729  0.373
5 23  6.0 38.242 -85.726  38.246 -85.729  0.45
5 18  7.0 38.245 -85.728  38.243 -85.727  0.4
4 23  8.0 38.242 -85.726  38.246 -85.729  0.19
7 10  20.0 38.242 -85.726  38.246 -85.729  0.63
3 20  25.0 38.242 -85.726  38.246 -85.729  2.07
3 6  35.0 38.242 -85.726  38.246 -85.729  0.72
5 18  46.0 38.242 -85.726  38.246 -85.729  4.93
1 0  5.0 38.243 -85.726  38.246 -85.729  0.25
6 23  5.0 38.247 -85.728  38.244 -85.727  0.249
1 11  5.0 38.245 -85.726  38.246 -85.729  0.55
5 16  6.0 38.246 -85.727  38.245 -85.728  0.52
2 20  8.0 38.25 -85.728  38.243 -85.727  0.43
5 22  11.0 38.249 -85.729  38.244 -85.726  0.559
7 21  10.0 38.25 -85.728  38.244 -85.727  0.908
6 18  3.0 38.249 -85.726  38.246 -85.729  0.05
4 18  15.0 38.256 -85.729  38.243 -85.726  1.2
6 12  8.0 38.259 -85.728  38.244 -85.727  1.27
4 14  12.0 38.265 -85.728  38.244 -85.727  1.88
1 17  8.0 38.235 -85.725  38.243 -85.729  0.89
7 16  3.0 38.237 -85.725  38.243 -85.729  0.6
5 14  8.0 38.236 -85.724  38.245 -85.73  0.96
2 15  5.0 38.237 -85.725  38.245 -85.729  0.621
2 18  31.0 38.239 -85.724  38.243 -85.73  3.06
6 20  4.0 38.238 -85.728  38.245 -85.726  0.23
2 15  6.0 38.239 -85.724  38.244 -85.73  0.5
6 12  2.0 38.241 -85.725  38.243 -85.729  0.28
2 21  2.0 38.241 -85.724  38.243 -85.73  0.34
7 13  4.0 38.24 -85.724  38.244 -85.73  0.41
7 9  4.0 38.24 -85.724  38.244 -85.73  0.43
7 13  4.0 38.24 -85.724  38.244 -85.73  0.46
3 17  5.0 38.24 -85.724  38.244 -85.73  0.47
5 17  5.0 38.239 -85.726  38.245 -85.728  0.808
4 7  6.0 38.24 -85.724  38.244 -85.73  0.53
6 0  14.0 38.24 -85.724  38.244 -85.73  0.49
5 15  14.0 38.24 -85.724  38.244 -85.73  0.65
7 20  21.0 38.241 -85.725  38.243 -85.729  1.74
6 15  24.0 38.24 -85.724  38.244 -85.73  1.79
6 20  29.0 38.24 -85.724  38.244 -85.73  1.926
7 18  3.0 38.241 -85.725  38.244 -85.729  0.29
7 1  3.0 38.242 -85.725  38.243 -85.729  0.29
7 18  4.0 38.242 -85.727  38.243 -85.727  0.21
1 19  4.0 38.241 -85.725  38.244 -85.729  0.4
3 16  4.0 38.241 -85.725  38.244 -85.729  0.406
6 7  5.0 38.241 -85.724  38.244 -85.73  0.57
1 19  5.0 38.24 -85.724  38.245 -85.73  0.75
6 12  7.0 38.241 -85.725  38.244 -85.729  0.37
4 20  9.0 38.24 -85.725  38.245 -85.729  0.42
4 20  9.0 38.241 -85.725  38.244 -85.729  0.6
3 12  9.0 38.242 -85.725  38.243 -85.729  1.29
7 11  32.0 38.242 -85.725  38.243 -85.729  3.65
5 18  48.0 38.239 -85.725  38.246 -85.729  4.68
7 18  2.0 38.242 -85.726  38.244 -85.728  0.2
2 11  2.0 38.242 -85.726  38.244 -85.728  0.22
7 7  2.0 38.242 -85.725  38.244 -85.729  0.29
6 12  4.0 38.24 -85.724  38.246 -85.73  0.6
6 8  4.0 38.24 -85.724  38.246 -85.73  0.63
4 12  4.0 38.24 -85.724  38.246 -85.73  0.63
3 9  4.0 38.24 -85.724  38.246 -85.73  0.66
1 15  5.0 38.242 -85.724  38.244 -85.73  0.43
6 14  5.0 38.24 -85.724  38.246 -85.73  0.64
7 7  6.0 38.243 -85.726  38.243 -85.728  0.2
6 18  8.0 38.242 -85.725  38.244 -85.729  0.24
1 9  13.0 38.242 -85.726  38.244 -85.728  0.83
1 19  17.0 38.242 -85.726  38.244 -85.728  0.37
1 9  17.0 38.242 -85.726  38.244 -85.728  0.8
7 8  22.0 38.243 -85.727  38.243 -85.727  0.17
7 17  2.0 38.242 -85.726  38.245 -85.728  0.26
7 20  3.0 38.242 -85.726  38.245 -85.728  0.22
4 21  4.0 38.242 -85.726  38.245 -85.728  0.33
2 18  4.0 38.241 -85.725  38.246 -85.729  0.41
2 18  4.0 38.241 -85.725  38.246 -85.729  0.45
7 18  5.0 38.241 -85.725  38.246 -85.729  0.43
7 18  8.0 38.241 -85.726  38.246 -85.728  0.37
6 19  9.0 38.241 -85.725  38.246 -85.729  1.09
6 22  10.0 38.241 -85.725  38.246 -85.729  0.249
6 10  10.0 38.241 -85.725  38.246 -85.729  0.78
6 10  11.0 38.241 -85.725  38.246 -85.729  0.4
2 18  14.0 38.241 -85.725  38.246 -85.729  1.926
2 18  16.0 38.241 -85.725  38.246 -85.729  1.988
3 20  24.0 38.242 -85.726  38.245 -85.728  1.56
7 22  28.0 38.241 -85.725  38.246 -85.729  4.101
6 24  47.0 38.241 -85.725  38.246 -85.729  0.41
7 14  3.0 38.244 -85.727  38.244 -85.727  0.07
6 20  3.0 38.244 -85.727  38.244 -85.727  0.186
7 10  3.0 38.242 -85.725  38.246 -85.729  0.39
3 19  3.0 38.242 -85.725  38.246 -85.729  0.44
3 20  5.0 38.242 -85.726  38.246 -85.728  0.29
5 18  7.0 38.242 -85.725  38.246 -85.729  0.379
3 20  9.0 38.242 -85.725  38.246 -85.729  0.36
7 19  15.0 38.243 -85.726  38.245 -85.728  0.559
7 14  16.0 38.244 -85.727  38.244 -85.727  0.18
5 11  17.0 38.242 -85.725  38.246 -85.729  0.5
6 21  25.0 38.242 -85.725  38.246 -85.729  0.124
5 18  44.0 38.242 -85.726  38.246 -85.728  4.64
6 14  3.0 38.247 -85.725  38.243 -85.729  0.48
2 8  4.0 38.246 -85.725  38.244 -85.729  0.19
2 12  4.0 38.246 -85.727  38.244 -85.727  0.373
5 18  8.0 38.247 -85.728  38.244 -85.726  0.17
1 0  22.0 38.246 -85.726  38.245 -85.728  2.98
3 16  12.0 38.246 -85.724  38.246 -85.73  1.92
7 15  13.0 38.248 -85.725  38.245 -85.729  0.97
2 16  4.0 38.249 -85.725  38.245 -85.729  0.435
7 19  6.0 38.251 -85.729  38.243 -85.725  0.684
5 20  16.0 38.251 -85.725  38.246 -85.729  0.435
3 20  11.0 38.258 -85.725  38.246 -85.729  1.43
2 14  8.0 38.237 -85.724  38.244 -85.729  0.684
1 12  13.0 38.239 -85.723  38.243 -85.73  1.78
6 14  3.0 38.239 -85.724  38.244 -85.729  0.47
5 19  4.0 38.239 -85.723  38.244 -85.73  0.56
1 10  5.0 38.239 -85.723  38.244 -85.73  0.48
6 18  5.0 38.24 -85.723  38.243 -85.73  0.71
7 19  7.0 38.239 -85.723  38.244 -85.73  0.44
6 18  12.0 38.24 -85.723  38.243 -85.73  0.95
5 19  4.0 38.24 -85.724  38.244 -85.729  0.52
7 18  6.0 38.24 -85.725  38.244 -85.728  0.32
3 21  7.0 38.24 -85.724  38.244 -85.729  0.46
2 11  7.0 38.24 -85.728  38.244 -85.725  0.61
2 17  8.0 38.24 -85.724  38.244 -85.729  0.808
1 15  11.0 38.24 -85.724  38.244 -85.729  1.32
4 18  15.0 38.24 -85.724  38.244 -85.729  0.746
5 18  18.0 38.24 -85.724  38.244 -85.729  0.97
1 10  55.0 38.24 -85.724  38.244 -85.729  1.51
5 12  4.0 38.24 -85.724  38.245 -85.729  0.56
2 13  8.0 38.242 -85.723  38.243 -85.73  0.46
7 22  17.0 38.241 -85.725  38.244 -85.728  0.63
7 16  3.0 38.241 -85.725  38.245 -85.728  0.36
7 13  4.0 38.241 -85.725  38.245 -85.728  0.25
3 16  4.0 38.24 -85.724  38.246 -85.729  0.5
1 12  4.0 38.24 -85.724  38.246 -85.729  0.5
7 15  5.0 38.242 -85.725  38.244 -85.728  0.31
1 15  5.0 38.24 -85.724  38.246 -85.729  0.47
6 15  7.0 38.242 -85.726  38.244 -85.727  0.37
6 21  13.0 38.241 -85.724  38.245 -85.729  0.87
7 18  14.0 38.24 -85.724  38.246 -85.729  0.91
3 16  38.0 38.24 -85.724  38.246 -85.729  2.05
2 9  44.0 38.242 -85.724  38.244 -85.729  0.58
2 14  3.0 38.241 -85.725  38.246 -85.728  0.41
5 18  4.0 38.243 -85.726  38.244 -85.727  0.12
6 23  4.0 38.241 -85.725  38.246 -85.728  0.31
7 13  4.0 38.241 -85.725  38.246 -85.728  0.38
7 15  4.0 38.242 -85.725  38.245 -85.728  0.44
7 2  5.0 38.242 -85.725  38.245 -85.728  0.36
7 2  5.0 38.242 -85.725  38.245 -85.728  0.36
3 12  12.0 38.241 -85.725  38.246 -85.728  1.1
3 12  13.0 38.241 -85.725  38.246 -85.728  1.1
2 18  15.0 38.244 -85.725  38.243 -85.728  0.559
6 21  17.0 38.241 -85.724  38.246 -85.729  2.265
7 13  39.0 38.242 -85.725  38.245 -85.728  1.2
4 9  2.0 38.242 -85.725  38.246 -85.728  0.34
4 18  4.0 38.242 -85.725  38.246 -85.728  0.33
2 15  5.0 38.242 -85.725  38.246 -85.728  0.311
7 14  7.0 38.242 -85.725  38.246 -85.728  0.51
7 16  43.0 38.242 -85.725  38.246 -85.728  0.26
3 16  43.0 38.242 -85.725  38.246 -85.728  2.93
7 15  47.0 38.242 -85.725  38.246 -85.728  0.49
7 15  49.0 38.242 -85.725  38.246 -85.728  0.43
6 13  5.0 38.243 -85.724  38.246 -85.729  0.435
3 21  10.0 38.244 -85.723  38.245 -85.73  0.47
3 20  34.0 38.244 -85.724  38.246 -85.729  0.373
3 8  39.0 38.246 -85.726  38.244 -85.727  1.38
3 13  12.0 38.253 -85.725  38.245 -85.728  1.2
6 15  15.0 38.228 -85.727  38.243 -85.725  2.42
6 15  9.0 38.237 -85.723  38.243 -85.729  0.559
7 19  5.0 38.238 -85.724  38.243 -85.728  1.02
6 12  8.0 38.239 -85.723  38.243 -85.729  0.76
4 23  3.0 38.239 -85.722  38.244 -85.73  0.57
6 23  4.0 38.239 -85.722  38.244 -85.73  0.64
3 20  5.0 38.239 -85.722  38.244 -85.73  0.54
7 18  6.0 38.239 -85.724  38.244 -85.728  0.37
1 1  6.0 38.239 -85.722  38.244 -85.73  0.42
5 3  6.0 38.239 -85.722  38.244 -85.73  0.59
3 21  7.0 38.239 -85.722  38.244 -85.73  0.932
6 0  8.0 38.239 -85.722  38.244 -85.73  0.68
5 5  13.0 38.239 -85.722  38.244 -85.73  0.83
7 13  14.0 38.239 -85.722  38.244 -85.73  0.81
6 19  16.0 38.239 -85.725  38.244 -85.727  0.58
6 21  4.0 38.241 -85.726  38.243 -85.726  0.124
7 18  4.0 38.24 -85.724  38.244 -85.728  0.435
7 18  5.0 38.24 -85.725  38.244 -85.727  0.3
2 20  6.0 38.241 -85.726  38.243 -85.726  0.366
4 23  6.0 38.24 -85.725  38.244 -85.727  0.373
3 19  7.0 38.241 -85.725  38.243 -85.727  0.31
4 20  9.0 38.24 -85.724  38.244 -85.728  0.49
4 15  3.0 38.242 -85.726  38.243 -85.726  0.062
4 20  3.0 38.242 -85.726  38.243 -85.726  0.11
5 12  3.0 38.242 -85.726  38.243 -85.726  0.22
6 18  3.0 38.241 -85.725  38.244 -85.727  0.249
6 16  3.0 38.241 -85.725  38.244 -85.727  0.27
5 16  3.0 38.241 -85.725  38.244 -85.727  0.47
7 22  4.0 38.241 -85.725  38.244 -85.727  0.274
5 20  5.0 38.242 -85.726  38.243 -85.726  0.249
7 12  5.0 38.24 -85.724  38.245 -85.728  0.37
1 12  8.0 38.239 -85.723  38.246 -85.729  0.54
7 15  8.0 38.239 -85.723  38.246 -85.729  0.62
1 15  8.0 38.239 -85.723  38.246 -85.729  0.71
1 14  9.0 38.24 -85.724  38.245 -85.728  0.4
6 17  9.0 38.239 -85.723  38.246 -85.729  0.604
4 16  9.0 38.239 -85.722  38.246 -85.73  0.83
6 24  10.0 38.24 -85.724  38.245 -85.728  0.062
7 22  10.0 38.241 -85.725  38.244 -85.727  0.31
6 21  13.0 38.239 -85.723  38.246 -85.729  0.808
5 12  19.0 38.242 -85.726  38.243 -85.726  1.0
7 22  23.0 38.242 -85.725  38.243 -85.727  1.566
7 19  42.0 38.241 -85.725  38.244 -85.727  1.52
5 16  3.0 38.242 -85.725  38.244 -85.727  0.16
1 19  4.0 38.242 -85.725  38.244 -85.727  0.124
6 11  4.0 38.242 -85.725  38.244 -85.727  0.25
4 11  4.0 38.242 -85.725  38.244 -85.727  0.29
2 14  5.0 38.242 -85.725  38.244 -85.727  0.186
7 23  5.0 38.24 -85.723  38.246 -85.729  0.44
7 17  5.0 38.243 -85.726  38.243 -85.726  0.808
7 16  7.0 38.24 -85.725  38.246 -85.727  0.51
7 19  7.0 38.24 -85.723  38.246 -85.729  0.56
7 14  8.0 38.243 -85.726  38.243 -85.726  0.062
6 22  8.0 38.243 -85.726  38.243 -85.726  0.55
6 1  12.0 38.24 -85.723  38.246 -85.729  0.83
6 22  14.0 38.243 -85.726  38.243 -85.726  0.47
1 12  24.0 38.242 -85.725  38.244 -85.727  2.73
2 19  42.0 38.243 -85.726  38.243 -85.726  4.91
1 14  4.0 38.242 -85.722  38.245 -85.73  0.66
3 12  4.0 38.241 -85.723  38.246 -85.729  0.8
4 11  7.0 38.244 -85.726  38.243 -85.726  0.47
4 18  5.0 38.242 -85.722  38.246 -85.73  0.82
3 17  17.0 38.243 -85.726  38.245 -85.726  2.3
7 17  25.0 38.243 -85.726  38.245 -85.726  2.175
1 19  2.0 38.245 -85.724  38.244 -85.728  0.34
1 12  15.0 38.246 -85.724  38.244 -85.728  0.18
7 20  5.0 38.248 -85.724  38.245 -85.728  0.62
7 18  6.0 38.247 -85.726  38.246 -85.726  0.17
7 19  19.0 38.247 -85.726  38.246 -85.726  2.57
5 17  14.0 38.25 -85.723  38.246 -85.729  0.58
7 15  20.0 38.251 -85.723  38.245 -85.729  1.28
7 14  37.0 38.264 -85.726  38.243 -85.726  2.29
4 16  11.0 38.265 -85.722  38.245 -85.73  2.113
7 12  8.0 38.237 -85.726  38.243 -85.725  0.31
6 16  4.0 38.238 -85.722  38.243 -85.729  0.41
3 16  6.0 38.238 -85.722  38.244 -85.729  0.27
7 18  6.0 38.239 -85.724  38.243 -85.727  0.33
5 18  7.0 38.238 -85.722  38.244 -85.729  0.49
3 20  13.0 38.239 -85.722  38.243 -85.729  0.559
6 17  15.0 38.239 -85.721  38.243 -85.73  0.39
6 23  4.0 38.239 -85.723  38.244 -85.728  0.41
4 17  5.0 38.239 -85.722  38.244 -85.729  0.38
4 13  5.0 38.239 -85.722  38.244 -85.729  0.42
6 12  5.0 38.239 -85.722  38.244 -85.729  0.621
2 21  7.0 38.239 -85.722  38.244 -85.729  0.8
3 14  23.0 38.24 -85.724  38.243 -85.727  1.29
4 14  24.0 38.239 -85.722  38.244 -85.729  1.53
6 20  25.0 38.24 -85.724  38.243 -85.727  1.234
6 1  3.0 38.241 -85.725  38.243 -85.726  0.18
7 22  3.0 38.241 -85.725  38.243 -85.726  0.18
7 20  4.0 38.24 -85.724  38.244 -85.727  0.293
6 12  4.0 38.24 -85.724  38.244 -85.727  0.33
7 9  5.0 38.24 -85.724  38.244 -85.727  0.31
2 14  5.0 38.24 -85.724  38.244 -85.727  0.314
7 6  5.0 38.24 -85.724  38.244 -85.727  0.7
7 22  6.0 38.241 -85.725  38.243 -85.726  0.186
1 15  6.0 38.24 -85.724  38.244 -85.727  0.311
7 11  6.0 38.239 -85.723  38.245 -85.728  0.457
3 10  7.0 38.241 -85.725  38.243 -85.726  0.12
6 18  8.0 38.24 -85.724  38.244 -85.727  0.373
6 17  8.0 38.238 -85.723  38.246 -85.728  0.57
5 11  8.0 38.238 -85.723  38.246 -85.728  0.76
1 20  18.0 38.24 -85.724  38.244 -85.727  3.413
1 22  21.0 38.241 -85.725  38.243 -85.726  0.808
2 18  21.0 38.241 -85.725  38.243 -85.726  0.99
3 14  33.0 38.24 -85.724  38.244 -85.727  1.056
6 21  41.0 38.241 -85.725  38.243 -85.726  2.21
6 22  49.0 38.241 -85.725  38.243 -85.726  3.79
5 12  4.0 38.242 -85.725  38.243 -85.726  0.19
6 15  4.0 38.242 -85.725  38.243 -85.726  0.58
4 14  5.0 38.242 -85.725  38.243 -85.726  0.18
6 10  5.0 38.241 -85.724  38.244 -85.727  0.31
3 17  5.0 38.239 -85.722  38.246 -85.729  0.62
3 20  6.0 38.239 -85.722  38.246 -85.729  0.685
4 23  7.0 38.241 -85.725  38.244 -85.726  0.808
4 23  8.0 38.239 -85.722  38.246 -85.729  0.61
2 15  10.0 38.239 -85.722  38.246 -85.729  0.497
2 14  10.0 38.242 -85.725  38.243 -85.726  0.52
6 21  10.0 38.239 -85.722  38.246 -85.729  0.68
1 13  10.0 38.241 -85.725  38.244 -85.726  0.91
2 13  11.0 38.242 -85.725  38.243 -85.726  0.7
4 10  11.0 38.239 -85.722  38.246 -85.729  0.808
1 13  14.0 38.241 -85.725  38.244 -85.726  1.15
2 13  15.0 38.241 -85.725  38.244 -85.726  1.37
6 19  21.0 38.239 -85.722  38.246 -85.729  1.367
5 23  5.0 38.242 -85.721  38.244 -85.73  0.373
5 15  9.0 38.24 -85.724  38.246 -85.727  0.684
4 19  3.0 38.241 -85.725  38.246 -85.726  0.45
6 17  15.0 38.244 -85.723  38.243 -85.728  0.249
1 16  3.0 38.243 -85.723  38.245 -85.728  0.33
7 14  4.0 38.244 -85.724  38.244 -85.727  0.062
6 18  4.0 38.246 -85.725  38.243 -85.726  0.6
7 7  9.0 38.246 -85.725  38.243 -85.726  0.9
2 16  3.0 38.248 -85.723  38.244 -85.728  0.35
7 21  8.0 38.251 -85.724  38.244 -85.727  0.932
7 18  13.0 38.251 -85.724  38.244 -85.727  0.186
4 18  4.0 38.251 -85.722  38.246 -85.729  0.51
6 20  5.0 38.253 -85.724  38.244 -85.727  0.9
3 20  9.0 38.252 -85.722  38.245 -85.729  0.87
3 20  6.0 38.252 -85.722  38.246 -85.729  0.746
5 22  27.0 38.256 -85.726  38.243 -85.725  2.423
3 21  5.0 38.235 -85.72  38.243 -85.73  0.83
3 9  44.0 38.235 -85.723  38.243 -85.727  0.48
4 21  5.0 38.236 -85.72  38.244 -85.73  0.89
4 10  8.0 38.235 -85.722  38.245 -85.728  0.772
1 13  4.0 38.238 -85.72  38.243 -85.73  0.79
5 14  7.0 38.236 -85.72  38.245 -85.73  0.82
7 20  18.0 38.238 -85.722  38.243 -85.728  3.04
2 5  4.0 38.238 -85.722  38.244 -85.728  0.48
6 21  7.0 38.238 -85.72  38.244 -85.73  1.056
7 20  8.0 38.238 -85.721  38.244 -85.729  0.68
5 17  8.0 38.237 -85.72  38.245 -85.73  1.0
7 14  9.0 38.238 -85.72  38.244 -85.73  1.12
3 13  19.0 38.239 -85.723  38.243 -85.727  0.87
3 11  26.0 38.238 -85.72  38.244 -85.73  0.86
6 14  28.0 38.238 -85.721  38.244 -85.729  1.18
1 7  4.0 38.24 -85.724  38.243 -85.726  0.41
4 3  6.0 38.24 -85.724  38.243 -85.726  0.21
4 20  8.0 38.24 -85.724  38.243 -85.726  0.45
4 15  9.0 38.24 -85.724  38.243 -85.726  1.32
1 20  11.0 38.24 -85.724  38.243 -85.726  1.181
3 15  12.0 38.24 -85.724  38.243 -85.726  0.43
1 19  17.0 38.239 -85.723  38.244 -85.727  2.18
4 19  3.0 38.241 -85.724  38.243 -85.726  0.19
1 14  4.0 38.241 -85.724  38.243 -85.726  0.25
4 12  4.0 38.24 -85.724  38.244 -85.726  0.32
3 13  4.0 38.241 -85.724  38.243 -85.726  0.33
1 15  8.0 38.24 -85.723  38.244 -85.727  0.373
4 17  9.0 38.238 -85.72  38.246 -85.73  0.74
6 19  13.0 38.241 -85.725  38.243 -85.725  2.113
6 13  16.0 38.241 -85.725  38.243 -85.725  0.7
3 18  5.0 38.241 -85.723  38.244 -85.727  0.43
7 13  5.0 38.24 -85.722  