6 20  12.0 38.256 -85.774  38.238 -85.751  1.118
7 8  8.0 38.246 -85.773  38.239 -85.751  1.55
1 13  9.0 38.225 -85.766  38.238 -85.751  1.014
3 16  8.0 38.235 -85.767  38.24 -85.75  1.28
3 17  7.0 38.244 -85.767  38.241 -85.75  0.8
6 22  14.0 38.248 -85.766  38.239 -85.751  1.802
5 11  38.0 38.255 -85.766  38.242 -85.751  4.81
6 13  8.0 38.241 -85.765  38.24 -85.751  0.89
5 11  9.0 38.248 -85.766  38.24 -85.75  1.31
6 13  12.0 38.247 -85.768  38.242 -85.748  1.53
7 9  8.0 38.249 -85.767  38.241 -85.749  1.491
1 10  10.0 38.252 -85.765  38.238 -85.751  1.96
4 14  14.0 38.253 -85.768  38.238 -85.748  2.22
5 9  15.0 38.216 -85.769  38.241 -85.746  3.23
4 13  43.0 38.234 -85.765  38.238 -85.75  1.14
4 13  6.0 38.237 -85.764  38.24 -85.751  0.61
6 14  11.0 38.237 -85.766  38.242 -85.749  1.42
6 8  15.0 38.209 -85.763  38.241 -85.751  2.41
7 15  8.0 38.227 -85.763  38.241 -85.751  1.47
7 20  8.0 38.235 -85.766  38.241 -85.748  1.27
7 16  15.0 38.241 -85.768  38.239 -85.746  1.37
6 18  8.0 38.245 -85.763  38.238 -85.751  1.4
4 11  10.0 38.253 -85.765  38.242 -85.749  1.54
4 17  13.0 38.232 -85.762  38.242 -85.751  1.75
5 13  6.0 38.237 -85.762  38.24 -85.751  0.75
5 13  8.0 38.235 -85.764  38.242 -85.749  1.2
1 15  5.0 38.245 -85.765  38.24 -85.748  0.09
2 13  7.0 38.251 -85.762  38.238 -85.751  1.31
4 22  11.0 38.248 -85.762  38.241 -85.751  1.429
2 23  13.0 38.21 -85.761  38.241 -85.751  2.61
5 14  35.0 38.218 -85.766  38.24 -85.746  4.13
7 10  14.0 38.225 -85.762  38.241 -85.75  1.802
7 17  14.0 38.236 -85.764  38.238 -85.748  1.118
6 22  8.0 38.244 -85.764  38.239 -85.748  1.53
6 16  9.0 38.244 -85.763  38.241 -85.749  1.32
7 16  6.0 38.246 -85.762  38.242 -85.75  0.81
4 3  9.0 38.25 -85.764  38.242 -85.748  1.3
5 19  14.0 38.253 -85.761  38.241 -85.751  1.01
6 9  7.0 38.188 -85.76  38.241 -85.751  0.77
6 13  10.0 38.218 -85.761  38.238 -85.75  1.58
4 11  13.0 38.218 -85.762  38.242 -85.749  2.3
3 16  11.0 38.23 -85.76  38.239 -85.751  1.06
6 9  7.0 38.233 -85.763  38.241 -85.748  1.1
3 9  5.0 38.24 -85.762  38.24 -85.749  0.79
3 10  10.0 38.245 -85.761  38.24 -85.75  1.056
4 14  25.0 38.228 -85.759  38.242 -85.751  1.27
4 13  5.0 38.237 -85.761  38.238 -85.749  0.74
4 12  6.0 38.236 -85.761  38.239 -85.749  0.86
4 15  5.0 38.237 -85.76  38.242 -85.75  0.69
3 16  4.0 38.242 -85.759  38.238 -85.751  0.72
4 9  14.0 38.243 -85.762  38.242 -85.748  0.87
5 20  23.0 38.25 -85.763  38.239 -85.747  0.062
1 17  6.0 38.249 -85.76  38.241 -85.75  0.93
4 9  7.0 38.251 -85.76  38.242 -85.75  0.25
1 14  16.0 38.257 -85.759  38.242 -85.751  0.6
6 13  16.0 38.257 -85.759  38.242 -85.751  1.57
1 10  14.0 38.228 -85.762  38.241 -85.747  2.01
6 10  5.0 38.234 -85.758  38.241 -85.751  0.58
4 18  7.0 38.237 -85.76  38.238 -85.749  0.71
3 16  16.0 38.237 -85.76  38.238 -85.749  2.13
1 4  22.0 38.237 -85.758  38.238 -85.751  3.355
4 13  8.0 38.236 -85.763  38.24 -85.746  1.27
6 17  9.0 38.235 -85.76  38.242 -85.749  1.243
5 13  21.0 38.237 -85.758  38.24 -85.751  2.05
1 13  8.0 38.248 -85.76  38.238 -85.749  1.181
6 16  7.0 38.246 -85.758  38.242 -85.751  0.54
6 17  11.0 38.25 -85.762  38.241 -85.747  1.429
3 5  8.0 38.253 -85.758  38.241 -85.751  1.48
4 15  15.0 38.257 -85.759  38.238 -85.75  1.93
3 14  13.0 38.216 -85.757  38.238 -85.751  0.994
7 21  45.0 38.228 -85.757  38.242 -85.751  1.25
4 23  21.0 38.232 -85.757  38.242 -85.751  1.06
7 6  5.0 38.234 -85.757  38.241 -85.751  0.64
7 10  7.0 38.235 -85.757  38.242 -85.751  0.994
7 17  6.0 38.247 -85.757  38.24 -85.751  0.74
4 5  7.0 38.248 -85.76  38.242 -85.748  1.01
4 16  53.0 38.254 -85.759  38.239 -85.749  2.02
6 13  8.0 38.255 -85.757  38.239 -85.751  1.21
7 17  16.0 38.253 -85.758  38.242 -85.75  2.08
5 9  10.0 38.254 -85.759  38.242 -85.749  1.43
6 13  16.0 38.256 -85.758  38.241 -85.75  1.54
4 13  10.0 38.219 -85.757  38.238 -85.75  1.51
2 14  8.0 38.221 -85.757  38.238 -85.75  1.39
1 14  13.0 38.227 -85.758  38.238 -85.749  0.9
4 15  42.0 38.231 -85.758  38.238 -85.749  2.361
3 7  8.0 38.234 -85.757  38.242 -85.75  0.932
6 11  4.0 38.237 -85.758  38.241 -85.749  0.46
4 3  4.0 38.244 -85.757  38.241 -85.75  0.56
4 8  5.0 38.244 -85.756  38.241 -85.751  0.56
4 13  11.0 38.247 -85.757  38.238 -85.75  1.68
7 16  12.0 38.247 -85.756  38.238 -85.751  0.994
6 12  5.0 38.245 -85.757  38.242 -85.75  0.124
4 8  5.0 38.245 -85.757  38.242 -85.75  0.34
4 4  5.0 38.247 -85.757  38.241 -85.75  0.76
2 4  6.0 38.247 -85.757  38.241 -85.75  0.81
6 12  17.0 38.25 -85.756  38.238 -85.751  2.237
3 9  4.0 38.248 -85.757  38.241 -85.75  0.684
3 18  29.0 38.25 -85.756  38.239 -85.751  2.4
6 12  12.0 38.249 -85.761  38.241 -85.746  1.59
5 13  11.0 38.252 -85.757  38.239 -85.75  1.4
4 13  7.0 38.25 -85.756  38.242 -85.751  0.93
1 15  8.0 38.251 -85.756  38.241 -85.751  1.056
6 11  10.0 38.251 -85.756  38.241 -85.751  0.97
4 14  10.0 38.254 -85.756  38.238 -85.751  1.17
6 11  14.0 38.251 -85.756  38.241 -85.751  1.0
7 11  12.0 38.253 -85.759  38.24 -85.748  1.66
3 4  7.0 38.253 -85.758  38.242 -85.749  0.81
5 17  9.0 38.254 -85.756  38.242 -85.751  1.27
5 16  15.0 38.259 -85.756  38.24 -85.751  1.74
1 20  32.0 38.238 -85.755  38.238 -85.751  1.74
1 13  44.0 38.235 -85.756  38.241 -85.75  1.31
7 17  46.0 38.238 -85.755  38.238 -85.751  2.672
5 11  5.0 38.236 -85.757  38.242 -85.749  0.52
1 12  12.0 38.239 -85.755  38.241 -85.751  1.022
3 17  10.0 38.242 -85.755  38.239 -85.751  1.181
7 21  14.0 38.24 -85.757  38.241 -85.749  0.435
7 18  19.0 38.244 -85.759  38.239 -85.747  1.97
6 18  16.0 38.243 -85.759  38.241 -85.747  0.808
3 17  9.0 38.247 -85.76  38.238 -85.746  1.38
4 20  8.0 38.244 -85.759  38.242 -85.747  0.68
4 8  5.0 38.246 -85.756  38.241 -85.75  0.92
2 8  5.0 38.246 -85.756  38.242 -85.75  0.39
4 3  6.0 38.247 -85.756  38.241 -85.75  0.62
7 13  8.0 38.25 -85.755  38.238 -85.751  1.14
2 12  7.0 38.247 -85.756  38.242 -85.75  0.746
5 14  14.0 38.252 -85.757  38.239 -85.749  1.24
5 18  19.0 38.253 -85.755  38.238 -85.751  3.169
3 17  14.0 38.251 -85.755  38.241 -85.751  1.36
6 17  39.0 38.253 -85.755  38.239 -85.751  3.75
1 14  12.0 38.251 -85.757  38.242 -85.749  1.31
2 13  12.0 38.22 -85.755  38.238 -85.75  1.46
6 6  4.0 38.232 -85.754  38.238 -85.751  0.57
5 12  7.0 38.231 -85.756  38.239 -85.749  0.8
3 15  7.0 38.234 -85.758  38.239 -85.747  1.03
5 24  18.0 38.236 -85.754  38.238 -85.751  1.97
4 13  8.0 38.233 -85.757  38.242 -85.748  1.12
6 23  15.0 38.236 -85.754  38.239 -85.751  1.93
4 8  5.0 38.246 -85.755  38.241 -85.75  0.684
5 8  8.0 38.246 -85.755  38.241 -85.75  0.124
5 16  11.0 38.246 -85.755  38.241 -85.75  0.49
6 8  5.0 38.247 -85.755  38.241 -85.75  0.475
7 8  5.0 38.247 -85.754  38.241 -85.751  0.5
3 8  6.0 38.247 -85.755  38.241 -85.75  0.8
6 9  8.0 38.248 -85.758  38.24 -85.747  0.746
3 8  10.0 38.247 -85.755  38.241 -85.75  0.746
5 18  21.0 38.252 -85.754  38.238 -85.751  2.05
7 11  10.0 38.252 -85.754  38.239 -85.751  1.56
3 15  8.0 38.25 -85.755  38.242 -85.75  0.932
2 13  9.0 38.251 -85.756  38.242 -85.749  1.13
3 11  11.0 38.251 -85.754  38.242 -85.751  1.16
6 15  12.0 38.255 -85.755  38.238 -85.75  1.616
4 2  8.0 38.255 -85.754  38.239 -85.751  1.36
4 16  7.0 38.253 -85.758  38.242 -85.747  1.42
7 13  12.0 38.257 -85.758  38.242 -85.747  1.61
7 6  19.0 38.229 -85.758  38.239 -85.746  1.74
4 6  53.0 38.233 -85.757  38.239 -85.747  4.722
7 11  14.0 38.236 -85.753  38.238 -85.751  1.17
4 19  4.0 38.238 -85.755  38.238 -85.749  0.54
1 0  5.0 38.236 -85.753  38.242 -85.751  0.52
1 8  4.0 38.241 -85.753  38.239 -85.751  0.52
6 14  8.0 38.245 -85.755  38.238 -85.749  1.04
1 10  29.0 38.242 -85.754  38.241 -85.75  1.181
5 12  17.0 38.246 -85.753  38.239 -85.751  1.24
7 19  31.0 38.246 -85.758  38.239 -85.746  3.23
5 5  3.0 38.244 -85.756  38.242 -85.748  0.52
2 8  4.0 38.245 -85.754  38.241 -85.75  0.45
7 9  4.0 38.245 -85.754  38.242 -85.75  0.37
6 3  4.0 38.246 -85.755  38.241 -85.749  0.69
6 8  5.0 38.249 -85.754  38.241 -85.75  0.6
2 11  12.0 38.252 -85.755  38.239 -85.749  1.47
4 13  16.0 38.251 -85.756  38.241 -85.748  1.15
4 17  6.0 38.252 -85.753  38.241 -85.751  0.96
2 11  8.0 38.251 -85.757  38.242 -85.747  1.08
7 14  8.0 38.253 -85.753  38.241 -85.751  0.88
4 19  10.0 38.254 -85.754  38.2