1 11  30.0 38.214 -85.779  38.234 -85.735  4.39
5 12  38.0 38.205 -85.778  38.234 -85.731  4.38
4 20  20.0 38.212 -85.772  38.234 -85.734  3.87
6 18  12.0 38.221 -85.763  38.236 -85.734  2.47
7 18  20.0 38.257 -85.762  38.237 -85.735  1.616
3 14  11.0 38.23 -85.764  38.236 -85.731  2.03
7 14  17.0 38.231 -85.76  38.237 -85.735  0.249
2 8  11.0 38.24 -85.761  38.235 -85.734  1.69
5 19  15.0 38.222 -85.762  38.237 -85.732  3.23
7 16  15.0 38.229 -85.762  38.236 -85.732  2.62
4 20  15.0 38.227 -85.762  38.235 -85.731  2.55
2 13  15.0 38.258 -85.76  38.237 -85.733  2.82
7 17  11.0 38.229 -85.758  38.235 -85.734  1.864
7 21  33.0 38.218 -85.759  38.236 -85.732  3.34
4 18  9.0 38.22 -85.757  38.235 -85.734  2.08
7 14  17.0 38.23 -85.758  38.236 -85.733  1.43
7 16  9.0 38.246 -85.756  38.236 -85.735  1.802
2 19  10.0 38.247 -85.757  38.235 -85.734  1.82
5 12  12.0 38.229 -85.758  38.234 -85.732  1.89
1 10  9.0 38.23 -85.758  38.234 -85.732  1.86
6 17  6.0 38.232 -85.755  38.234 -85.735  1.08
7 14  34.0 38.233 -85.757  38.234 -85.733  4.474
6 22  13.0 38.252 -85.755  38.234 -85.735  1.645
1 10  8.0 38.228 -85.757  38.234 -85.732  1.6
1 17  13.0 38.232 -85.758  38.234 -85.731  1.92
4 17  6.0 38.234 -85.754  38.234 -85.735  1.12
2 12  19.0 38.234 -85.755  38.235 -85.734  1.68
6 0  18.0 38.25 -85.754  38.235 -85.735  2.24
7 21  23.0 38.253 -85.756  38.235 -85.733  1.926
7 15  31.0 38.211 -85.755  38.235 -85.733  3.42
6 13  10.0 38.231 -85.757  38.235 -85.731  0.932
7 15  26.0 38.238 -85.754  38.237 -85.734  1.181
6 8  18.0 38.249 -85.754  38.234 -85.734  2.74
4 20  12.0 38.226 -85.754  38.234 -85.732  0.124
7 19  11.0 38.25 -85.755  38.237 -85.731  2.02
3 19  26.0 38.254 -85.751  38.236 -85.735  3.17
6 16  22.0 38.255 -85.752  38.236 -85.734  2.42
4 21  54.0 38.214 -85.75  38.234 -85.735  2.9
5 18  14.0 38.233 -85.754  38.235 -85.731  2.53
5 19  20.0 38.257 -85.754  38.234 -85.731  1.928
6 14  6.0 38.235 -85.752  38.234 -85.732  1.19
5 14  13.0 38.25 -85.753  38.234 -85.731  2.31
7 7  11.0 38.249 -85.749  38.237 -85.735  1.7
3 19  26.0 38.258 -85.75  38.237 -85.734  2.98
3 16  11.0 38.212 -85.749  38.235 -85.734  2.12
2 17  9.0 38.234 -85.751  38.234 -85.732  1.06
7 16  6.0 38.235 -85.748  38.234 -85.735  0.91
6 14  19.0 38.237 -85.751  38.236 -85.732  1.96
4 20  41.0 38.251 -85.752  38.235 -85.731  3.87
5 12  12.0 38.257 -85.749  38.237 -85.734  1.85
7 22  28.0 38.252 -85.748  38.234 -85.734  2.51
7 11  6.0 38.242 -85.746  38.235 -85.735  1.21
3 22  17.0 38.255 -85.748  38.236 -85.732  3.604
4 8  15.0 38.24 -85.744  38.237 -85.735  1.26
5 16  8.0 38.246 -85.747  38.236 -85.732  1.24
7 14  24.0 38.227 -85.743  38.235 -85.735  2.92
6 14  9.0 38.247 -85.747  38.237 -85.731  1.3
4 14  55.0 38.24 -85.743  38.234 -85.734  2.31
2 22  10.0 38.243 -85.746  38.236 -85.731  1.2
2 17  13.0 38.254 -85.743  38.237 -85.734  2.051
2 15  14.0 38.256 -85.745  38.237 -85.732  2.08
6 16  12.0 38.217 -85.744  38.235 -85.732  1.118
6 17  23.0 38.217 -85.741  38.235 -85.735  1.74
3 15  6.0 38.223 -85.742  38.234 -85.734  0.932
4 17  13.0 38.253 -85.743  38.236 -85.733  1.94
6 17  16.0 38.217 -85.741  38.235 -85.734  2.08
6 17  47.0 38.217 -85.741  38.235 -85.734  1.76
5 15  6.0 38.226 -85.74  38.236 -85.735  0.74
1 13  10.0 38.232 -85.744  38.235 -85.731  1.0
6 20  8.0 38.251 -85.741  38.237 -85.734  1.429
6 11  7.0 38.219 -85.74  38.236 -85.734  1.42
6 17  24.0 38.218 -85.739  38.235 -85.734  1.67
3 13  6.0 38.223 -85.739  38.234 -85.734  0.932
7 15  6.0 38.223 -85.739  38.235 -85.734  1.01
1 16  7.0 38.223 -85.739  38.235 -85.734  1.01
2 12  7.0 38.223 -85.739  38.235 -85.734  1.31
1 12  5.0 38.223 -85.739  38.236 -85.734  1.06
6 15  5.0 38.223 -85.739  38.236 -85.734  1.09
3 11  5.0 38.223 -85.739  38.236 -85.734  1.28
2 11  6.0 38.223 -85.739  38.236 -85.734  0.81
2 7  6.0 38.223 -85.739  38.236 -85.734  0.95
6 14  6.0 38.223 -85.739  38.236 -85.734  1.02
7 10  6.0 38.223 -85.739  38.236 -85.734  1.28
3 15  7.0 38.223 -85.739  38.236 -85.734  1.0
2 12  9.0 38.224 -85.739  38.235 -85.734  1.0
3 15  6.0 38.226 -85.738  38.235 -85.735  1.367
4 13  4.0 38.229 -85.738  38.235 -85.735  0.32
3 16  3.0 38.231 -85.738  38.236 -85.735  0.55
2 10  3.0 38.236 -85.739  38.235 -85.734  0.241
6 17  17.0 38.255 -85.74  38.237 -85.733  1.29
6 11  14.0 38.222 -85.737  38.235 -85.735  1.88
7 18  7.0 38.222 -85.739  38.236 -85.733  1.53
6 14  6.0 38.223 -85.738  38.236 -85.734  1.0
3 11  6.0 38.225 -85.738  38.235 -85.734  1.07
5 19  10.0 38.229 -85.737  38.236 -85.735  0.68
3 9  13.0 38.232 -85.737  38.235 -85.735  0.3
7 20  35.0 38.231 -85.737  38.236 -85.735  4.971
4 12  17.0 38.234 -85.737  38.235 -85.735  2.71
4 4  5.0 38.234 -85.74  38.236 -85.732  0.62
5 21  2.0 38.237 -85.738  38.236 -85.734  0.313
7 23  3.0 38.237 -85.737  38.237 -85.735  0.124
4 10  5.0 38.241 -85.737  38.237 -85.735  0.435
1 11  9.0 38.242 -85.74  38.237 -85.732  0.994
6 23  15.0 38.251 -85.741  38.237 -85.731  1.802
7 10  20.0 38.256 -85.741  38.234 -85.731  2.846
7 12  7.0 38.218 -85.737  38.236 -85.734  1.72
4 15  8.0 38.223 -85.737  38.235 -85.734  1.32
7 15  39.0 38.225 -85.737  38.234 -85.734  2.18
3 16  18.0 38.229 -85.738  38.234 -85.733  1.51
3 12  4.0 38.233 -85.736  38.235 -85.735  0.12
2 10  9.0 38.233 -85.739  38.235 -85.732  0.6
3 17  8.0 38.233 -85.737  38.236 -85.734  1.08
6 23  3.0 38.233 -85.737  38.237 -85.734  0.22
5 11  7.0 38.247 -85.74  38.237 -85.731  1.24
5 23  12.0 38.253 -85.736  38.234 -85.735  3.728
6 10  6.0 38.22 -85.737  38.235 -85.733  0.89
1 10  7.0 38.219 -85.736  38.236 -85.734  1.67
3 11  8.0 38.219 -85.736  38.236 -85.734  1.33
2 19  5.0 38.227 -85.736  38.234 -85.734  0.65
3 12  5.0 38.225 -85.737  38.237 -85.733  1.03
2 19  7.0 38.226 -85.736  38.237 -85.734  1.12
7 21  15.0 38.226 -85.737  38.237 -85.733  1.181
5 13  4.0 38.234 -85.738  38.235 -85.732  0.36
7 23  9.0 38.234 -85.735  38.235 -85.735  1.57
6 20  6.0 38.236 -85.735  38.234 -85.735  0.932
2 18  2.0 38.235 -85.736  38.236 -85.734  0.4
6 19  3.0 38.235 -85.736  38.236 -85.734  0.23
4 16  4.0 38.235 -85.736  38.236 -85.734  0.435
6 11  5.0 38.235 -85.736  38.236 -85.734  0.65
5 17  5.0 38.235 -85.736  38.236 -85.734  1.13
6 11  14.0 38.235 -85.736  38.236 -85.734  0.67
6 23  3.0 38.235 -85.736  38.237 -85.734  0.32
3 20  5.0 38.239 -85.735  38.234 -85.735  0.38
3 16  5.0 38.237 -85.735  38.237 -85.735  0.3
6 15  6.0 38.237 -85.735  38.237 -85.735  0.24
7 23  26.0 38.237 -85.735  38.237 -85.735  3.728
5 17  48.0 38.238 -85.736  38.237 -85.734  2.53
4 13  3.0 38.241 -85.737  38.237 -85.733  0.23
7 19  8.0 38.249 -85.735  38.235 -85.735  1.39
1 19  7.0 38.222 -85.738  38.234 -85.731  0.879
4 15  5.0 38.227 -85.738  38.236 -85.731  0.994
3 17  2.0 38.234 -85.736  38.235 -85.733  0.31
3 8  3.0 38.233 -85.734  38.236 -85.735  0.22
3 14  10.0 38.236 -85.735  38.235 -85.734  0.79
4 20  24.0 38.236 -85.734  38.236 -85.735  0.51
4 15  6.0 38.239 -85.737  38.235 -85.732  0.42
4 18  5.0 38.239 -85.735  38.237 -85.734  0.304
6 14  5.0 38.243 -85.737  38.236 -85.732  0.79
7 15  5.0 38.244 -85.736  38.237 -85.733  1.05
3 16  5.0 38.221 -85.734  38.235 -85.734  0.84
3 15  8.0 38.226 -85.737  38.234 -85.731  1.41
3 8  10.0 38.226 -85.733  38.236 -85.735  0.78
1 16  11.0 38.227 -85.733  38.236 -85.735  0.91
1 7  10.0 38.229 -85.733  38.235 -85.735  0.62
7 15  3.0 38.234 -85.734  38.234 -85.734  0.17
3 16  4.0 38.233 -85.734  38.235 -85.734  0.34
5 0  6.0 38.231 -85.737  38.237 -85.731  0.81
2 14  2.0 38.233 -85.734  38.236 -85.734  0.2
7 21  5.0 38.235 -85.734  38.235 -85.734  0.932
3 14  8.0 38.235 -85.734  38.235 -85.734  0.78
2 15  12.0 38.235 -85.734  38.235 -85.734  0.34
6 0  24.0 38.236 -85.735  38.234 -85.733  0.65
6 17  4.0 38.236 -85.734  38.236 -85.734  0.72
4 20  5.0 38.236 -85.734  38.236 -85.734  1.056
2 19  3.0 38.237 -85.733  38.237 -85.735  0.33
1 8  10.0 38.25 -85.737  38.237 -85.731  1.22
7 16  8.0 38.221 -85.733  38.236 -85.734  1.305
6 17  8.0 38.225 -85.733  38.235 -85.734  0.92
7 21  15.0 38.225 -85.736  38.236 -85.731  0.621
3 7  5.0 38.228 -85.732  38.236 -85.735  0.61
1 20  13.0 38.23 -85.733  38.235 -85.734  1.181
7 13  9.0 38.233 -85.736  38.234 -85.731  0.34
2 14  2.0 38.234 -85.735  38.234 -85.732