7 14  30.0 38.256 -85.767  38.259 -85.721  2.5
3 17  36.0 38.257 -85.765  38.26 -85.723  3.169
6 14  52.0 38.258 -85.764  38.259 -85.722  4.56
5 18  30.0 38.225 -85.763  38.259 -85.722  2.238
7 14  30.0 38.257 -85.764  38.259 -85.721  2.45
5 16  17.0 38.257 -85.761  38.258 -85.723  2.796
1 19  16.0 38.258 -85.763  38.258 -85.72  2.423
6 6  13.0 38.246 -85.76  38.258 -85.722  2.68
6 13  32.0 38.257 -85.757  38.256 -85.724  2.61
7 15  28.0 38.251 -85.756  38.256 -85.724  3.666
2 16  22.0 38.256 -85.756  38.257 -85.724  2.113
6 23  14.0 38.255 -85.757  38.259 -85.723  2.92
7 10  33.0 38.258 -85.759  38.259 -85.721  0.04
7 17  40.0 38.248 -85.759  38.257 -85.72  1.305
5 15  19.0 38.255 -85.757  38.256 -85.722  2.26
6 12  21.0 38.254 -85.755  38.257 -85.724  2.22
1 15  17.0 38.256 -85.758  38.256 -85.721  2.14
2 5  17.0 38.254 -85.755  38.258 -85.724  2.858
5 17  24.0 38.252 -85.757  38.26 -85.722  2.86
7 10  34.0 38.256 -85.758  38.259 -85.721  3.15
3 15  18.0 38.258 -85.755  38.258 -85.724  2.34
3 15  23.0 38.259 -85.755  38.258 -85.724  2.22
4 12  17.0 38.259 -85.757  38.259 -85.722  2.3
1 14  14.0 38.259 -85.757  38.26 -85.722  1.97
6 19  16.0 38.248 -85.754  38.256 -85.724  2.548
6 21  36.0 38.255 -85.757  38.256 -85.721  2.734
1 20  14.0 38.255 -85.758  38.257 -85.72  2.48
6 19  14.0 38.255 -85.757  38.259 -85.721  2.63
6 22  24.0 38.256 -85.757  38.259 -85.721  3.107
7 8  17.0 38.247 -85.757  38.258 -85.72  2.548
7 20  27.0 38.252 -85.755  38.257 -85.722  2.92
7 13  21.0 38.253 -85.757  38.257 -85.72  2.41
1 15  17.0 38.256 -85.757  38.257 -85.72  2.18
4 10  16.0 38.255 -85.756  38.259 -85.721  2.16
7 13  18.0 38.249 -85.755  38.257 -85.721  2.18
6 8  12.0 38.253 -85.751  38.257 -85.724  1.45
5 18  17.0 38.254 -85.755  38.258 -85.72  2.423
3 14  11.0 38.256 -85.752  38.257 -85.723  2.175
7 17  20.0 38.257 -85.752  38.256 -85.723  2.14
6 17  17.0 38.257 -85.753  38.259 -85.722  2.92
2 18  17.0 38.251 -85.754  38.256 -85.72  2.64
7 20  18.0 38.251 -85.753  38.257 -85.721  2.1
2 12  18.0 38.253 -85.75  38.256 -85.724  1.553
7 17  19.0 38.256 -85.752  38.256 -85.722  2.113
4 19  32.0 38.257 -85.754  38.256 -85.72  2.87
7 18  12.0 38.256 -85.753  38.259 -85.721  1.88
3 16  19.0 38.256 -85.753  38.259 -85.721  2.05
3 16  22.0 38.256 -85.753  38.259 -85.721  1.95
7 18  11.0 38.257 -85.753  38.259 -85.721  1.87
7 17  18.0 38.258 -85.752  38.258 -85.722  2.361
7 15  12.0 38.259 -85.753  38.259 -85.721  1.9
7 17  20.0 38.255 -85.751  38.256 -85.722  2.16
1 9  10.0 38.256 -85.752  38.257 -85.721  1.77
1 9  11.0 38.256 -85.752  38.257 -85.721  1.86
7 18  15.0 38.256 -85.753  38.258 -85.72  2.299
2 17  36.0 38.256 -85.753  38.258 -85.72  4.14
2 17  19.0 38.257 -85.753  38.258 -85.72  2.734
7 14  11.0 38.257 -85.748  38.256 -85.724  1.7
3 15  18.0 38.255 -85.752  38.258 -85.72  1.79
3 14  12.0 38.258 -85.751  38.257 -85.721  2.0
6 21  14.0 38.258 -85.748  38.259 -85.724  1.553
5 19  25.0 38.235 -85.749  38.258 -85.722  2.8
1 9  13.0 38.254 -85.751  38.257 -85.72  1.74
4 15  15.0 38.254 -85.751  38.257 -85.72  2.24
7 8  11.0 38.257 -85.751  38.257 -85.72  1.73
7 18  20.0 38.257 -85.748  38.259 -85.723  1.55
4 20  25.0 38.254 -85.75  38.258 -85.72  2.299
7 20  11.0 38.255 -85.746  38.258 -85.724  1.31
3 11  29.0 38.254 -85.748  38.259 -85.722  2.04
5 17  14.0 38.255 -85.747  38.259 -85.723  0.249
1 15  15.0 38.257 -85.746  38.258 -85.724  1.55
1 12  25.0 38.255 -85.748  38.26 -85.722  2.858
1 19  17.0 38.257 -85.747  38.256 -85.722  1.678
2 10  7.0 38.258 -85.745  38.257 -85.724  1.29
3 20  11.0 38.257 -85.748  38.258 -85.721  1.864
5 20  11.0 38.255 -85.744  38.258 -85.724  1.181
1 14  11.0 38.255 -85.747  38.258 -85.721  1.67
3 14  11.0 38.257 -85.746  38.259 -85.722  1.84
2 12  18.0 38.253 -85.747  38.258 -85.72  1.926
7 18  17.0 38.255 -85.747  38.258 -85.72  1.491
3 14  9.0 38.256 -85.745  38.259 -85.722  1.77
3 18  12.0 38.257 -85.743  38.258 -85.724  2.858
7 19  14.0 38.255 -85.744  38.26 -85.723  1.802
7 19  13.0 38.256 -85.744  38.26 -85.723  1.816
3 14  9.0 38.258 -85.745  38.259 -85.722  1.75
3 14  9.0 38.258 -85.745  38.259 -85.722  1.82
3 14  10.0 38.258 -85.745  38.259 -85.722  1.65
6 21  13.0 38.258 -85.745  38.259 -85.722  1.553
7 20  22.0 38.258 -85.745  38.259 -85.722  3.915
3 17  40.0 38.22 -85.745  38.259 -85.721  4.33
4 18  15.0 38.255 -85.744  38.256 -85.722  1.616
4 19  10.0 38.255 -85.744  38.259 -85.722  0.93
5 15  16.0 38.255 -85.744  38.259 -85.722  2.32
5 20  12.0 38.256 -85.744  38.259 -85.722  1.491
7 19  44.0 38.256 -85.742  38.26 -85.724  3.54
7 18  16.0 38.26 -85.746  38.257 -85.72  1.491
5 16  14.0 38.244 -85.743  38.259 -85.722  1.58
1 11  8.0 38.255 -85.742  38.257 -85.723  1.03
1 16  24.0 38.255 -85.742  38.257 -85.723  4.42
1 13  16.0 38.261 -85.744  38.259 -85.721  1.58
6 16  19.0 38.255 -85.743  38.257 -85.721  1.58
5 18  28.0 38.254 -85.744  38.258 -85.72  2.49
3 15  9.0 38.256 -85.74  38.257 -85.724  1.02
6 20  17.0 38.254 -85.742  38.259 -85.722  2.423
7 14  11.0 38.256 -85.741  38.258 -85.723  1.15
4 18  9.0 38.255 -85.74  38.26 -85.724  1.8
1 12  11.0 38.258 -85.743  38.257 -85.721  1.66
7 20  8.0 38.259 -85.741  38.259 -85.723  1.27
1 13  16.0 38.261 -85.743  38.259 -85.721  1.3
1 9  19.0 38.246 -85.741  38.259 -85.722  1.47
4 22  30.0 38.253 -85.741  38.256 -85.722  2.237
7 20  9.0 38.253 -85.741  38.258 -85.722  3.107
7 17  14.0 38.254 -85.743  38.257 -85.72  1.729
6 17  9.0 38.254 -85.739  38.258 -85.724  0.96
6 14  8.0 38.256 -85.741  38.259 -85.722  1.27
1 17  27.0 38.258 -85.743  38.258 -85.72  2.0
7 21  12.0 38.257 -85.741  38.26 -85.722  0.249
3 8  5.0 38.253 -85.738  38.256 -85.724  0.74
7 17  17.0 38.252 -85.739  38.257 -85.723  1.7
1 20  6.0 38.253 -85.74  38.259 -85.722  1.12
6 14  8.0 38.253 -85.74  38.259 -85.722  1.29
5 18  11.0 38.254 -85.74  38.259 -85.722  1.45
5 15  15.0 38.254 -85.74  38.259 -85.722  2.32
5 22  17.0 38.254 -85.74  38.26 -85.722  1.8
7 15  44.0 38.256 -85.74  38.258 -85.722  2.67
1 22  13.0 38.26 -85.74  38.26 -85.722  1.07
1 16  35.0 38.239 -85.74  38.259 -85.721  1.96
3 16  8.0 38.253 -85.739  38.256 -85.722  0.994
5 20  11.0 38.251 -85.739  38.259 -85.722  1.34
6 17  10.0 38.253 -85.74  38.259 -85.721  1.28
3 14  9.0 38.253 -85.739  38.26 -85.722  1.58
7 15  12.0 38.261 -85.739  38.26 -85.722  1.96
7 21  17.0 38.236 -85.738  38.256 -85.722  2.175
3 13  6.0 38.25 -85.736  38.258 -85.724  1.06
6 12  7.0 38.249 -85.738  38.259 -85.722  1.33
5 1  11.0 38.252 -85.736  38.256 -85.724  1.37
3 6  6.0 38.253 -85.736  38.257 -85.724  0.88
6 20  8.0 38.253 -85.739  38.257 -85.721  1.367
6 21  11.0 38.253 -85.74  38.258 -85.72  1.367
4 23  12.0 38.253 -85.74  38.258 -85.72  1.118
4 17  45.0 38.254 -85.736  38.257 -85.724  1.491
5 16  7.0 38.253 -85.738  38.259 -85.722  0.91
3 16  8.0 38.253 -85.739  38.259 -85.721  1.09
5 20  13.0 38.253 -85.738  38.259 -85.722  1.35
3 15  7.0 38.255 -85.739  38.258 -85.721  1.05
3 12  8.0 38.253 -85.738  38.26 -85.722  1.24
5 21  7.0 38.255 -85.736  38.26 -85.724  0.87
5 16  7.0 38.255 -85.738  38.26 -85.722  1.09
6 14  7.0 38.257 -85.738  38.26 -85.722  1.02
1 19  16.0 38.257 -85.74  38.26 -85.72  1.44
6 18  11.0 38.261 -85.739  38.26 -85.721  1.07
3 13  7.0 38.251 -85.738  38.259 -85.721  0.98
1 22  9.0 38.255 -85.737  38.256 -85.722  1.243
6 20  6.0 38.253 -85.738  38.259 -85.721  1.173
4 22  14.0 38.253 -85.737  38.259 -85.722  1.118
7 15  42.0 38.253 -85.738  38.259 -85.721  2.97
7 12  8.0 38.26 -85.739  38.258 -85.72  0.96
4 22  9.0 38.262 -85.738  38.259 -85.721  1.22
5 18  11.0 38.252 -85.738  38.257 -85.72  1.45
1 9  18.0 38.252 -85.738  38.257 -85.72  1.58
5 15  8.0 38.253 -85.736  38.258 -85.722  1.18
4 20  8.0 38.253 -85.738  38.258 -85.72  1.29
6 19  10.0 38.255 -85.736  38.256 -85.722  1.013
4 15  8.0 38.256 -85.735  38.256 -85.723  0.83
7 14  8.0 38.252 -85.736  38.26 -85.722  1.16
1 16  9.0 38.253 -85.736  38.259 -85.722  1.305
3 12  10.0 38.253 -85.737  38.259 -85.721  1.28
3 14  3.0 38.255 -85.735  38.258 -85.723  0.67
7 19  7.0 38.255 -85.735  38.258 -85.723  0.79
7 19  8.0 38.255 -85.735  38.258 -85.723  0.84
4 15  6.0 38.254 -85.736  38.26 -85.722  0.99
1 14  8.0 38.258 -85.736  38.256 -85.722  1.01
4 22  5.0 38.258 -85.734