2 19  13.0 38.221 -85.771  38.224 -85.735  1.94
1 19  21.0 38.214 -85.771  38.226 -85.733  4.598
5 14  30.0 38.204 -85.77  38.224 -85.732  3.04
3 11  24.0 38.219 -85.764  38.224 -85.735  2.98
7 11  11.0 38.231 -85.764  38.224 -85.735  1.677
7 20  15.0 38.204 -85.762  38.224 -85.735  2.46
3 17  45.0 38.239 -85.762  38.225 -85.735  3.6
7 10  34.0 38.256 -85.762  38.227 -85.735  0.65
5 14  15.0 38.211 -85.763  38.226 -85.733  2.81
5 20  10.0 38.226 -85.763  38.225 -85.733  1.7
2 10  10.0 38.228 -85.762  38.227 -85.734  0.746
5 20  11.0 38.23 -85.762  38.227 -85.734  2.32
3 1  19.0 38.203 -85.764  38.224 -85.731  2.67
1 15  13.0 38.212 -85.761  38.227 -85.734  1.864
3 11  15.0 38.215 -85.761  38.224 -85.734  1.75
2 20  21.0 38.223 -85.764  38.226 -85.731  3.96
5 11  9.0 38.231 -85.76  38.228 -85.735  1.43
3 15  13.0 38.222 -85.759  38.224 -85.735  1.71
7 21  13.0 38.222 -85.763  38.226 -85.731  2.672
7 21  21.0 38.224 -85.761  38.226 -85.733  2.734
7 22  19.0 38.226 -85.759  38.228 -85.735  3.666
6 16  14.0 38.234 -85.76  38.225 -85.734  1.802
5 19  14.0 38.233 -85.76  38.226 -85.734  2.237
1 19  11.0 38.236 -85.761  38.225 -85.733  1.96
2 10  22.0 38.244 -85.759  38.227 -85.735  3.57
3 11  17.0 38.245 -85.76  38.228 -85.734  2.8
1 21  16.0 38.249 -85.759  38.227 -85.735  3.169
2 12  29.0 38.258 -85.76  38.228 -85.734  4.412
7 14  28.0 38.219 -85.761  38.228 -85.732  2.517
1 16  28.0 38.221 -85.762  38.226 -85.731  2.96
1 16  28.0 38.222 -85.762  38.227 -85.731  2.8
2 20  20.0 38.225 -85.762  38.226 -85.731  3.44
6 4  12.0 38.226 -85.76  38.226 -85.733  1.72
7 21  34.0 38.23 -85.761  38.226 -85.732  2.922
4 14  16.0 38.257 -85.759  38.226 -85.734  3.09
7 15  22.0 38.205 -85.76  38.228 -85.732  3.39
2 14  10.0 38.239 -85.758  38.226 -85.734  1.86
6 18  35.0 38.246 -85.757  38.225 -85.735  3.36
1 14  30.0 38.251 -85.759  38.226 -85.733  3.18
6 11  16.0 38.251 -85.757  38.227 -85.735  2.8
3 17  17.0 38.251 -85.758  38.228 -85.734  3.12
6 6  15.0 38.215 -85.76  38.225 -85.731  2.09
5 13  17.0 38.216 -85.76  38.226 -85.731  2.51
7 14  44.0 38.219 -85.76  38.228 -85.731  2.423
6 17  27.0 38.221 -85.76  38.228 -85.731  2.15
2 7  17.0 38.226 -85.756  38.224 -85.735  1.491
3 7  10.0 38.225 -85.76  38.226 -85.731  1.83
5 8  7.0 38.228 -85.757  38.224 -85.734  1.66
2 6  10.0 38.226 -85.76  38.226 -85.731  1.88
7 21  28.0 38.229 -85.76  38.225 -85.731  2.85
7 11  8.0 38.232 -85.757  38.227 -85.734  1.55
1 16  8.0 38.233 -85.758  38.228 -85.733  1.41
5 15  11.0 38.237 -85.756  38.227 -85.735  1.93
3 13  14.0 38.238 -85.757  38.226 -85.734  2.05
1 15  17.0 38.238 -85.759  38.226 -85.732  1.83
2 15  15.0 38.247 -85.758  38.226 -85.733  2.42
4 19  14.0 38.256 -85.756  38.228 -85.735  2.81
3 18  12.0 38.215 -85.757  38.226 -85.733  2.11
4 8  22.0 38.215 -85.758  38.226 -85.732  2.95
7 13  10.0 38.219 -85.756  38.226 -85.734  1.56
6 11  7.0 38.224 -85.757  38.224 -85.733  1.06
5 3  24.0 38.224 -85.756  38.226 -85.734  1.48
2 16  10.0 38.225 -85.755  38.226 -85.735  1.3
6 8  9.0 38.228 -85.757  38.226 -85.733  1.49
2 0  12.0 38.229 -85.756  38.228 -85.734  1.63
2 14  11.0 38.236 -85.756  38.226 -85.734  1.88
6 16  15.0 38.249 -85.758  38.226 -85.732  2.96
2 10  17.0 38.215 -85.758  38.225 -85.731  2.0
5 11  10.0 38.226 -85.758  38.226 -85.731  1.71
2 7  9.0 38.227 -85.756  38.226 -85.733  1.32
6 9  11.0 38.232 -85.756  38.226 -85.733  2.09
7 3  12.0 38.231 -85.758  38.227 -85.731  1.72
4 14  7.0 38.233 -85.754  38.228 -85.735  1.18
7 9  13.0 38.248 -85.758  38.227 -85.731  2.77
1 12  15.0 38.249 -85.758  38.226 -85.731  3.03
4 10  18.0 38.251 -85.757  38.226 -85.732  3.01
5 12  35.0 38.254 -85.758  38.225 -85.731  4.06
6 18  10.0 38.209 -85.753  38.224 -85.735  1.61
7 14  12.0 38.211 -85.753  38.226 -85.735  1.98
5 12  19.0 38.215 -85.757  38.225 -85.731  2.11
6 12  7.0 38.226 -85.753  38.226 -85.735  1.17
2 5  11.0 38.226 -85.757  38.226 -85.731  1.55
6 6  11.0 38.226 -85.757  38.226 -85.731  1.63
6 19  18.0 38.226 -85.754  38.226 -85.734  2.16
5 13  9.0 38.229 -85.754  38.225 -85.734  1.63
6 18  10.0 38.233 -85.755  38.228 -85.733  1.8
2 10  22.0 38.244 -85.756  38.227 -85.732  3.6
2 18  30.0 38.249 -85.756  38.225 -85.732  2.46
7 11  14.0 38.248 -85.757  38.227 -85.731  2.97
1 13  15.0 38.251 -85.757  38.226 -85.731  3.18
5 13  22.0 38.256 -85.757  38.227 -85.731  3.4
5 12  34.0 38.257 -85.756  38.227 -85.732  3.85
7 18  33.0 38.257 -85.753  38.228 -85.735  3.853
3 12  21.0 38.216 -85.756  38.226 -85.731  2.05
5 5  7.0 38.227 -85.753  38.226 -85.734  1.48
2 4  9.0 38.227 -85.756  38.226 -85.731  1.73
3 14  12.0 38.232 -85.756  38.225 -85.731  1.89
3 4  11.0 38.232 -85.754  38.226 -85.733  1.38
7 20  9.0 38.213 -85.751  38.224 -85.735  1.63
3 17  10.0 38.215 -85.751  38.224 -85.735  1.61
4 8  10.0 38.218 -85.751  38.227 -85.735  1.0
4 10  11.0 38.224 -85.755  38.226 -85.731  1.73
2 6  11.0 38.228 -85.752  38.224 -85.734  1.2
2 9  12.0 38.227 -85.755  38.226 -85.731  1.7
5 12  9.0 38.232 -85.752  38.227 -85.734  1.12
7 16  10.0 38.233 -85.755  38.226 -85.731  1.49
7 14  18.0 38.255 -85.752  38.225 -85.734  2.71
7 14  29.0 38.257 -85.753  38.226 -85.733  4.31
2 15  8.0 38.214 -85.75  38.227 -85.735  1.44
5 13  22.0 38.219 -85.754  38.225 -85.731  2.45
3 11  5.0 38.225 -85.75  38.226 -85.735  1.16
1 18  9.0 38.225 -85.751  38.226 -85.734  1.348
5 6  9.0 38.23 -85.754  38.226 -85.731  1.7
7 18  32.0 38.253 -85.752  38.226 -85.733  1.367
4 13  44.0 38.254 -85.751  38.226 -85.734  3.728
7 14  32.0 38.268 -85.752  38.226 -85.733  3.13
5 11  9.0 38.213 -85.753  38.226 -85.731  1.3
7 11  13.0 38.213 -85.753  38.226 -85.731  1.76
5 19  8.0 38.215 -85.75  38.225 -85.734  1.43
1 15  12.0 38.215 -85.753  38.225 -85.731  1.62
6 16  8.0 38.216 -85.75  38.228 -85.734  1.28
6 16  8.0 38.232 -85.75  38.226 -85.734  1.11
4 16  4.0 38.232 -85.749  38.227 -85.735  0.69
5 9  8.0 38.234 -85.749  38.227 -85.735  1.243
7 9  20.0 38.252 -85.75  38.225 -85.734  3.107
3 10  19.0 38.254 -85.75  38.224 -85.734  2.8
1 14  19.0 38.255 -85.753  38.227 -85.731  3.91
6 12  26.0 38.21 -85.748  38.227 -85.735  2.82
1 13  10.0 38.216 -85.748  38.224 -85.735  1.55
1 13  6.0 38.219 -85.748  38.225 -85.735  0.66
6 9  11.0 38.231 -85.75  38.224 -85.733  1.181
5 14  9.0 38.233 -85.75  38.226 -85.733  1.181
5 14  12.0 38.235 -85.752  38.226 -85.731  2.34
4 14  14.0 38.244 -85.752  38.227 -85.731  2.78
3 13  7.0 38.215 -85.748  38.225 -85.734  1.04
7 19  8.0 38.214 -85.75  38.226 -85.732  1.33
7 13  32.0 38.214 -85.751  38.226 -85.731  2.78
7 20  9.0 38.215 -85.747  38.227 -85.735  1.58
2 18  8.0 38.219 -85.747  38.225 -85.735  1.04
4 19  10.0 38.224 -85.748  38.224 -85.734  1.25
6 15  8.0 38.233 -85.749  38.226 -85.733  1.06
3 16  9.0 38.232 -85.749  38.227 -85.733  1.118
6 9  13.0 38.233 -85.751  38.227 -85.731  1.74
2 21  23.0 38.236 -85.751  38.226 -85.731  1.864
1 18  15.0 38.245 -85.749  38.225 -85.733  2.161
1 12  11.0 38.245 -85.751  38.227 -85.731  2.43
3 12  23.0 38.256 -85.751  38.227 -85.731  3.9
3 7  12.0 38.213 -85.75  38.226 -85.731  1.43
1 9  8.0 38.216 -85.749  38.224 -85.732  1.04
6 6  9.0 38.218 -85.749  38.224 -85.732  1.68
5 17  23.0 38.214 -85.746  38.228 -85.735  1.83
6 16  13.0 38.217 -85.746  38.227 -85.735  1.77
1 11  8.0 38.219 -85.746  38.226 -85.735  0.932
7 14  30.0 38.217 -85.746  38.228 -85.735  1.88
6 10  6.0 38.233 -85.749  38.226 -85.732  1.0
6 17  7.0 38.233 -85.749  38.226 -85.732  0.96
1 7  8.0 38.233 -85.75  38.226 -85.731  1.4
6 22  9.0 38.233 -85.748  38.226 -85.733  1.056
6 17  9.0 38.233 -85.75  38.226 -85.731  1.243
5 10  10.0 38.232 -85.75  38.227 -85.731  1.33
7 6  11.0 38.233 -85.75  38.226 -85.731  0.621
7 2  11.0 38.233 -85.75  38.226 -85.731  1.38
3 15  7.0 38.232 -85.749  38.228 -85.732  1.05
7 14  39.0 38.259 -85.747  38.224 -85.734  4.46
7 16  20.0 38.209 -85.749  38.228 -85.731  1.74
6 15  6.0 38.216 -85.746  38.225 -85.734  0.91
7 14  29.0 38.214 -85.745  38.228 -85.735  1.85
2 13  8.0 38.216 -85.745  38.228 -85.735  1.15
6 13  8.0 38.232 -85.749  38.226 -85.731  1.25
6 13  7.0 38.233 -85.749  38.226 -85.731  1.06
6 13  8.0 38.233 -85.749  38.226 -85.731  1.0
6 17  8.0 38.233 -85.749  38.226 -85.731  1.12
6 18  8.0 38.233 -85.749  38.226 -85.731  1.243
6 17  11.0 38.233 -85.749  38.226 -85.731  1.03
6 14  21.0 38.233 -85.749  38.226 -85.731  1.55
6 14  39.0 38.233 -85.749  38.226 -85.731  1.21
6 13  7.0 38.234 -85.748  38.226 -85.732  0.95
6 17  8.0 38.234 -85.749  38.226 -85.731  1.21
6 16  10.0 38.233 -85.749  38.227 -85.731  1.33
2 6  10.0 38.234 -85.749  38.226 -85.731  1.34
4 13  13.0 38.242 -85.745  38.228 -85.735  1.39
6 13  15.0 38.211 -85.747  38.225 -85.732  1.37
6 19  8.0 38.215 -85.745  38.224 -85.734  0.97
2 12  9.0 38.214 -85.747  38.226 -85.732  1.12
7 11  16.0 38.217 -85.746  38.225 -85.733  1.14
4 13  16.0 38.215 -85.744  38.227 -85.735  1.26
2 14  9.0 38.218 -85.744  38.225 -85.735  1.15
7 15  6.0 38.218 -85.746  38.226 -85.733  0.7
4 14  12.0 38.218 -85.746  38.226 -85.733  1.15
7 10  6.0 38.219 -85.747  38.227 -85.732  1.05
1 7  8.0 38.227 -85.744  38.227 -85.735  0.7
5 9  10.0 38.232 -85.748  38.225 -85.731  1.21
3 23  14.0 38.231 -85.746  38.226 -85.733  2.06
3 23  4.0 38.233 -85.744  38.227 -85.735  0.63
1 17  6.0 38.235 -85.747  38.226 -85.732  1.056
4 14  14.0 38.213 -85.747  38.225 -85.731  1.29
5 19  5.0 38.216 -85.743  38.224 -85.735  0.736
7 15  10.0 38.213 -85.747  38.227 -85.731  2.1
5 13  7.0 38.215 -85.745  38.226 -85.733  0.96
2 8  8.0 38.216 -85.746  38.226 -85.732  0.186
6 13  10.0 38.218 -85.746  38.228 -85.732  1.18
5 14  20.0 38.218 -85.746  38.228 -85.732  1.71
7 14  44.0 38.218 -85.746  38.228 -85.732  1.24
1 9  14.0 38.253 -85.746  38.227 -85.732  2.33
2 5  15.0 38.254 -85.746  38.226 -85.732  2.33
2 16  19.0 38.254 -85.746  38.226 -85.732  2.22
3 12  16.0 38.254 -85.743  38.228 -85.735  2.08
1 12  46.0 38.256 -85.745  38.226 -85.733  4.26
2 16  9.0 38.213 -85.745  38.225 -85.732  1.34
3 12  7.0 38.214 -85.743  38.225 -85.734  0.886
5 9  8.0 38.213 -85.744  38.227 -85.733  1.312
5 13  7.0 38.215 -85.744  38.226 -85.733  1.1
5 18  9.0 38.215 -85.744  38.226 -85.733  1.1
6 14  7.0 38.216 -85.744  38.226 -85.733  0.99
6 13  5.0 38.218 -85.743  38.225 -85.734  0.65
7 18  10.0 38.219 -85.745  38.225 -85.732  0.93
5 14  19.0 38.217 -85.745  38.228 -85.732  1.41
1 12  21.0 38.22 -85.744  38.225 -85.733  1.93
5 16  10.0 38.229 -85.742  38.227 -85.735  1.2
5 16  11.0 38.229 -85.742  38.227 -85.735  1.23
3 23  27.0 38.229 -85.742  38.227 -85.735  0.63
4 17  14.0 38.229 -85.743  38.228 -85.734  1.056
1 8  15.0 38.253 -85.744  38.227 -85.733  2.21
7 20  31.0 38.255 -85.744  38.228 -85.733  3.169
7 16  8.0 38.215 -85.742  38.224 -85.734  0.98
5 13  7.0 38.214 -85.743  38.226 -85.733  0.95
5 12  9.0 38.215 -85.744  38.225 -85.732  1.04
2 20  7.0 38.214 -85.743  38.227 -85.733  0.684
6 9  14.0 38.215 -85.744  38.228 -85.732  1.15
7 20  39.0 38.223 -85.742  38.225 -85.734  1.85
6 10  14.0 38.224 -85.742  38.227 -85.734  1.79
4 15  4.0 38.23 -85.742  38.225 -85.734  0.53
5 14  5.0 38.232 -85.741  38.225 -85.735  0.74
5 15  6.0 38.233 -85.742  38.226 -85.734  1.056
6 16  28.0 38.233 -85.745  38.226 -85.731  1.25
2 13  15.0 38.234 -85.741  38.227 -85.735  0.93
3 17  11.0 38.241 -85.743  38.227 -85.733  1.553
2 11  23.0 38.252 -85.743  38.224 -85.733  2.68
2 11  27.0 38.25 -85.745  38.226 -85.731  3.95
5 16  5.0 38.215 -85.742  38.224 -85.733  0.55
2 7  6.0 38.214 -85.743  38.225 -85.732  0.978
4 14  6.0 38.214 -85.742  38.226 -85.733  0.93
2 13  8.0 38.214 -85.742  38.226 -85.733  0.76
5 12  8.0 38.215 -85.743  38.225 -85.732  1.05
5 12  7.0 38.218 -85.742  38.226 -85.733  0.97
6 16  8.0 38.217 -85.744  38.227 -85.731  1.07
5 12  9.0 38.217 -85.742  38.227 -85.733  0.867
6 20  7.0 38.218 -85.744  38.227 -85.731  0.908
7 18  11.0 38.22 -85.744  38.226 -85.731  0.92
1 7  10.0 38.232 -85.74  38.227 -85.735  1.14
6 17  7.0 38.245 -85.744  38.226 -85.731  1.07
4 18  9.0 38.246 -85.742  38.226 -85.733  1.74
7 16  15.0 38.253 -85.74  38.227 -85.735  2.14
6 16  20.0 38.253 -85.74  38.227 -85.735  2.59
1 16  21.0 38.258 -85.742  38.227 -85.733  3.43
7 14  34.0 38.26 -85.744  38.228 -85.731  4.08
2 18  11.0 38.213 -85.74  38.227 -85.734  0.87
4 10  6.0 38.216 -85.742  38.228 -85.732  1.14
7 20  5.0 38.22 -85.742  38.228 -85.732  0.87
6 17  15.0 38.223 -85.739  38.227 -85.735  1.82
4 9  10.0 38.223 -85.739  38.228 -85.735  1.19
1 10  36.0 38.226 -85.74  38.226 -85.734  3.29
4 12  10.0 38.228 -85.739  38.225 -85.735  1.181
4 20  15.0 38.227 -85.74  38.228 -85.734  0.627
6 23  5.0 38.229 -85.739  38.228 -85.735  0.62
2 8  5.0 38.233 -85.741  38.226 -85.733  0.72
2 12  5.0 38.235 -85.74  38.226 -85.734  0.66
2 13  13.0 38.235 -85.74  38.226 -85.734  0.91
5 20  8.0 38.235 -85.74  38.228 -85.734  0.87
5 19  28.0 38.238 -85.739  38.225 -85.735  1.8
1 15  13.0 38.25 -85.74  38.228 -85.734  1.87
5 19  16.0 38.253 -85.741  38.226 -85.733  2.7
1 12  22.0 38.252 -85.741  38.227 -85.733  2.71
2 10  12.0 38.254 -85.742  38.226 -85.732  2.16
6 13  17.0 38.26 -85.74  38.226 -85.734  2.8
3 12  24.0 38.208 -85.738  38.227 -85.735  2.32
4 13  17.0 38.214 -85.742  38.224 -85.731  1.1
4 13  10.0 38.214 -85.742  38.227 -85.731  1.24
4 13  11.0 38.214 -85.742  38.227 -85.731  1.27
1 16  5.0 38.217 -85.74  38.226 -85.733  1.05
6 13  6.0 38.216 -85.738  38.227 -85.735  1.05
6 14  9.0 38.22 -85.741  38.224 -85.732  0.87
7 12  4.0 38.221 -85.738  38.226 -85.735  0.37
6 14  9.0 38.221 -85.739  38.226 -85.734  0.497
5 14  3.0 38.224 -85.738  38.224 -85.735  0.311
7 8  3.0 38.223 -85.739  38.226 -85.734  0.32
7 0  8.0 38.228 -85.739  38.224 -85.734  0.83
4 8  54.0 38.224 -85.742  38.228 -85.731  1.56
1 6  6.0 38.227 -85.742  38.226 -85.731  0.94
5 12  15.0 38.227 -85.742  38.226 -85.731  0.78
4 11  7.0 38.228 -85.742  38.226 -85.731  0.92
1 12  6.0 38.229 -85.739  38.226 -85.734  0.39
4 23  8.0 38.229 -85.739  38.226 -85.734  0.7
7 14  3.0 38.23 -85.739  38.226 -85.734  0.35
4 20  4.0 38.232 -85.741  38.227 -85.732  0.55
7 20  7.0 38.234 -85.738  38.225 -85.735  1.056
1 9  42.0 38.232 -85.738  38.227 -85.735  2.49
5 7  9.0 38.239 -85.742  38.227 -85.731  1.42
7 17  20.0 38.249 -85.739  38.224 -85.734  2.7
5 8  26.0 38.253 -85.738  38.227 -85.735  2.28
1 14  16.0 38.254 -85.741  38.228 -85.732  2.11
7 7  5.0 38.215 -85.741  38.226 -85.731  0.83
6 17  7.0 38.214 -85.741  38.228 -85.731  1.31
7 16  8.0 38.217 -85.741  38.227 -85.731  1.12
2 20  36.0 38.217 -85.737  38.227 -85.735  0.62
2 14  8.0 38.217 -85.737  38.228 -85.735  0.87
2 14  8.0 38.218 -85.737  38.228 -85.735  0.86
6 21  6.0 38.224 -85.738  38.225 -85.734  0.373
6 5  9.0 38.223 -85.738  38.226 -85.734  0.46
7 18  5.0 38.224 -85.737  38.227 -85.735  0.11
5 14  5.0 38.224 -85.737  38.227 -85.735  0.26
7 7  7.0 38.226 -85.741  38.226 -85.731  0.93
7 18  16.0 38.228 -85.738  38.224 -85.734  2.175
7 13  5.0 38.227 -85.737  38.226 -85.735  0.14
5 18  28.0 38.227 -85.741  38.226 -85.731  0.94
3 23  29.0 38.228 -85.738  38.227 -85.734  4.785
7 17  9.0 38.233 -85.737  38.226 -85.735  0.46
5 20  5.0 38.233 -85.737  38.227 -85.735  0.1
4 19  5.0 38.234 -85.74  38.228 -85.732  0.65
6 13  5.0 38.236 -85.739  38.227 -85.733  0.97
5 19  30.0 38.238 -85.737  38.227 -85.735  1.43
6 7  8.0 38.24 -85.74  38.228 -85.732  1.53
7 0  12.0 38.251 -85.739  38.226 -85.733  1.95
7 11  13.0 38.253 -85.738  38.226 -85.734  2.52
7 9  14.0 38.253 -85.74  38.226 -85.732  2.22
5 11  26.0 38.254 -85.74  38.225 -85.732  2.482
7 11  12.0 38.254 -85.741  38.227 -85.731  2.04
5 8  28.0 38.254 -85.737  38.227 -85.735  2.4
1 15  24.0 38.257 -85.741  38.227 -85.731  3.05
6 14  8.0 38.208 -85.738  38.224 -85.733  1.16
2 9  6.0 38.211 -85.74  38.224 -85.731  0.95
5 15  5.0 38.214 -85.739  38.225 -85.732  0.88
2 13  32.0 38.22 -85.737  38.224 -85.734  1.67
6 6  13.0 38.222 -85.739  38.225 -85.732  0.38
1 9  48.0 38.22 -85.736  38.227 -85.735  2.67
7 0  31.0 38.22 -85.736  38.228 -85.735  4.63
6 13  5.0 38.221 -85.736  38.228 -85.735  0.64
6 19  23.0 38.224 -85.736  38.228 -85.735  0.25
7 12  4.0 38.225 -85.736  38.228 -85.735  1.988
1 19  5.0 38.225 -85.736  38.228 -85.735  0.249
1 18  3.0 38.227 -85.737  38.227 -85.734  0.202
7 16  17.0 38.227 -85.736  38.227 -85.735  0.84
2 23  14.0 38.229 -85.737  38.226 -85.734  0.8
5 0  8.0 38.23 -85.738  38.226 -85.733  1.18
2 16  5.0 38.231 -85.736  38.226 -85.735  0.5
1 15  5.0 38.233 -85.739  38.226 -85.732  0.82
6 15  13.0 38.232 -85.7