4 13  20.0 38.25 -85.776  38.226 -85.741  3.46
6 12  12.0 38.221 -85.772  38.228 -85.743  1.92
3 17  17.0 38.212 -85.771  38.225 -85.742  2.51
7 19  16.0 38.222 -85.769  38.224 -85.743  2.53
7 23  10.0 38.224 -85.767  38.226 -85.745  1.553
3 14  25.0 38.255 -85.77  38.228 -85.742  3.15
5 8  13.0 38.222 -85.765  38.225 -85.745  1.78
1 8  22.0 38.206 -85.767  38.228 -85.742  3.62
1 5  9.0 38.227 -85.768  38.227 -85.741  1.41
5 16  20.0 38.212 -85.765  38.225 -85.743  2.579
7 16  13.0 38.224 -85.765  38.224 -85.743  1.367
6 11  14.0 38.222 -85.767  38.227 -85.741  1.74
7 9  10.0 38.225 -85.766  38.228 -85.742  1.21
5 19  18.0 38.193 -85.764  38.228 -85.743  3.08
7 18  16.0 38.202 -85.765  38.228 -85.742  2.61
2 17  9.0 38.219 -85.762  38.227 -85.745  1.491
5 11  6.0 38.221 -85.762  38.226 -85.745  1.24
4 19  30.0 38.225 -85.762  38.224 -85.745  4.412
6 19  7.0 38.227 -85.762  38.225 -85.745  0.684
5 8  12.0 38.225 -85.762  38.228 -85.745  1.76
6 15  7.0 38.231 -85.765  38.225 -85.742  1.44
6 17  10.0 38.209 -85.761  38.225 -85.745  2.113
1 12  11.0 38.222 -85.763  38.226 -85.743  1.93
5 19  9.0 38.225 -85.762  38.225 -85.744  1.145
5 9  14.0 38.218 -85.76  38.226 -85.745  1.41
5 16  32.0 38.223 -85.762  38.224 -85.743  4.412
1 15  10.0 38.224 -85.762  38.224 -85.743  1.3
2 23  7.0 38.224 -85.76  38.225 -85.745  0.959
5 19  15.0 38.225 -85.762  38.225 -85.743  1.243
7 10  11.0 38.227 -85.764  38.225 -85.741  1.74
2 5  8.0 38.225 -85.76  38.228 -85.745  1.24
3 12  17.0 38.228 -85.761  38.225 -85.744  2.13
1 10  23.0 38.228 -85.76  38.226 -85.745  1.7
6 16  21.0 38.252 -85.763  38.228 -85.742  3.11
5 13  24.0 38.256 -85.763  38.227 -85.742  3.57
3 14  13.0 38.204 -85.762  38.227 -85.742  2.5
5 10  12.0 38.217 -85.762  38.227 -85.742  1.67
4 19  6.0 38.223 -85.761  38.224 -85.743  0.84
6 21  8.0 38.222 -85.76  38.225 -85.744  1.225
7 20  11.0 38.224 -85.762  38.225 -85.742  2.051
7 16  7.0 38.223 -85.759  38.227 -85.745  0.776
7 17  22.0 38.226 -85.763  38.224 -85.741  2.04
5 11  7.0 38.226 -85.761  38.225 -85.743  0.98
1 12  7.0 38.225 -85.76  38.226 -85.744  0.994
6 2  6.0 38.225 -85.762  38.227 -85.742  1.07
3 6  8.0 38.225 -85.762  38.227 -85.742  1.34
5 7  7.0 38.227 -85.762  38.227 -85.742  0.85
4 15  15.0 38.212 -85.761  38.224 -85.742  1.98
5 3  13.0 38.225 -85.76  38.225 -85.743  1.29
6 18  18.0 38.225 -85.761  38.225 -85.742  1.305
7 7  7.0 38.224 -85.761  38.227 -85.742  1.91
2 5  8.0 38.226 -85.76  38.225 -85.743  0.8
4 12  15.0 38.226 -85.76  38.225 -85.743  1.05
3 16  8.0 38.225 -85.762  38.228 -85.741  1.36
3 13  7.0 38.228 -85.761  38.227 -85.742  1.19
1 8  6.0 38.228 -85.759  38.228 -85.744  0.9
6 14  8.0 38.233 -85.759  38.224 -85.744  1.36
3 12  7.0 38.214 -85.757  38.226 -85.745  1.4
6 11  5.0 38.217 -85.757  38.224 -85.745  0.73
2 12  14.0 38.216 -85.76  38.226 -85.742  1.82
5 12  6.0 38.22 -85.759  38.225 -85.743  1.07
4 6  5.0 38.223 -85.758  38.224 -85.744  0.65
5 20  8.0 38.226 -85.758  38.226 -85.744  0.86
1 5  5.0 38.225 -85.76  38.228 -85.742  0.49
4 10  5.0 38.226 -85.76  38.227 -85.742  0.51
5 6  5.0 38.226 -85.76  38.227 -85.742  0.75
4 8  5.0 38.226 -85.76  38.227 -85.742  0.86
4 10  5.0 38.226 -85.76  38.227 -85.742  0.88
5 5  5.0 38.226 -85.76  38.227 -85.742  0.94
3 5  5.0 38.226 -85.76  38.227 -85.742  1.04
5 12  6.0 38.226 -85.76  38.227 -85.742  0.87
5 10  6.0 38.226 -85.76  38.227 -85.742  0.87
6 7  6.0 38.226 -85.76  38.227 -85.742  0.88
4 9  6.0 38.226 -85.76  38.227 -85.742  0.89
6 2  6.0 38.226 -85.76  38.227 -85.742  0.91
7 7  6.0 38.226 -85.76  38.227 -85.742  0.92
4 3  6.0 38.226 -85.76  38.227 -85.742  0.92
6 6  6.0 38.226 -85.76  38.227 -85.742  0.92
1 5  6.0 38.226 -85.76  38.227 -85.742  0.96
7 5  6.0 38.226 -85.76  38.227 -85.742  0.96
7 5  6.0 38.226 -85.76  38.227 -85.742  0.97
6 11  6.0 38.226 -85.76  38.227 -85.742  0.97
2 10  6.0 38.226 -85.76  38.227 -85.742  0.99
6 8  6.0 38.226 -85.76  38.227 -85.742  1.02
1 5  6.0 38.226 -85.76  38.227 -85.742  1.07
6 7  6.0 38.226 -85.76  38.227 -85.742  1.15
6 6  7.0 38.226 -85.76  38.227 -85.742  0.91
5 11  7.0 38.226 -85.76  38.227 -85.742  0.93
4 6  7.0 38.226 -85.76  38.227 -85.742  0.94
4 7  7.0 38.226 -85.76  38.227 -85.742  0.95
7 10  7.0 38.226 -85.76  38.227 -85.742  0.96
6 2  7.0 38.226 -85.76  38.227 -85.742  0.96
6 1  7.0 38.226 -85.76  38.227 -85.742  0.97
6 5  7.0 38.226 -85.76  38.227 -85.742  0.99
5 6  7.0 38.226 -85.76  38.227 -85.742  1.02
5 14  7.0 38.226 -85.76  38.227 -85.742  1.04
6 12  7.0 38.226 -85.76  38.227 -85.742  1.04
4 8  7.0 38.226 -85.76  38.227 -85.742  1.07
6 15  7.0 38.226 -85.76  38.227 -85.742  2.85
1 10  8.0 38.226 -85.76  38.227 -85.742  0.89
6 2  8.0 38.226 -85.76  38.227 -85.742  0.95
6 7  8.0 38.226 -85.76  38.227 -85.742  1.03
4 10  9.0 38.226 -85.76  38.227 -85.742  0.93
6 6  9.0 38.226 -85.76  38.227 -85.742  1.04
1 10  9.0 38.226 -85.76  38.227 -85.742  1.06
5 7  14.0 38.226 -85.76  38.227 -85.742  1.45
5 10  16.0 38.226 -85.76  38.227 -85.742  0.95
3 5  24.0 38.226 -85.76  38.227 -85.742  1.42
1 5  6.0 38.226 -85.76  38.228 -85.742  0.85
6 12  6.0 38.226 -85.76  38.228 -85.742  0.91
6 11  8.0 38.226 -85.76  38.228 -85.742  1.0
1 12  9.0 38.23 -85.76  38.225 -85.742  1.616
6 1  5.0 38.229 -85.761  38.227 -85.741  0.86
5 15  6.0 38.228 -85.759  38.228 -85.743  1.3
1 13  14.0 38.235 -85.759  38.224 -85.743  1.86
1 17  20.0 38.245 -85.758  38.228 -85.744  3.65
7 10  14.0 38.211 -85.758  38.225 -85.743  1.44
7 17  13.0 38.217 -85.756  38.226 -85.745  1.12
2 18  9.0 38.223 -85.759  38.224 -85.742  1.24
3 10  7.0 38.225 -85.759  38.227 -85.742  1.17
2 9  8.0 38.224 -85.758  38.228 -85.743  1.12
5 7  6.0 38.225 -85.759  38.228 -85.742  0.99
1 13  14.0 38.233 -85.758  38.224 -85.743  1.81
6 19  23.0 38.256 -85.756  38.225 -85.745  2.38
5 12  7.0 38.216 -85.756  38.226 -85.744  1.31
7 1  5.0 38.226 -85.758  38.227 -85.742  0.49
7 6  5.0 38.226 -85.758  38.227 -85.742  0.61
3 6  5.0 38.226 -85.758  38.227 -85.742  0.78
6 8  5.0 38.226 -85.758  38.227 -85.742  0.9
6 12  6.0 38.226 -85.758  38.227 -85.742  0.8
4 6  6.0 38.226 -85.758  38.227 -85.742  0.85
3 11  6.0 38.226 -85.758  38.227 -85.742  0.86
6 2  6.0 38.226 -85.758  38.227 -85.742  0.89
4 5  6.0 38.226 -85.758  38.227 -85.742  0.9
6 13  6.0 38.226 -85.758  38.227 -85.742  0.92
5 7  7.0 38.226 -85.758  38.227 -85.742  0.86
6 11  7.0 38.226 -85.758  38.227 -85.742  0.9
6 11  7.0 38.226 -85.758  38.227 -85.742  0.99
5 20  11.0 38.229 -85.758  38.225 -85.742  1.86
7 17  13.0 38.229 -85.758  38.225 -85.742  1.491
6 1  20.0 38.227 -85.758  38.228 -85.742  1.08
1 12  12.0 38.246 -85.758  38.228 -85.742  2.1
2 18  12.0 38.217 -85.757  38.225 -85.742  1.37
3 12  16.0 38.214 -85.756  38.228 -85.743  2.175
3 12  6.0 38.219 -85.754  38.225 -85.745  0.932
5 10  13.0 38.219 -85.755  38.228 -85.744  1.118
5 23  6.0 38.223 -85.758  38.226 -85.741  1.15
1 6  7.0 38.224 -85.758  38.228 -85.741  0.98
6 1  7.0 38.227 -85.756  38.228 -85.743  0.96
6 4  7.0 38.237 -85.756  38.228 -85.743  1.47
2 14  12.0 38.244 -85.757  38.228 -85.742  1.73
1 12  14.0 38.246 -85.757  38.228 -85.742  2.11
3 19  23.0 38.252 -85.758  38.228 -85.741  2.58
2 13  10.0 38.215 -85.754  38.226 -85.744  0.912
2 11  5.0 38.219 -85.757  38.224 -85.741  0.9
6 15  8.0 38.218 -85.756  38.228 -85.742  1.23
1 11  6.0 38.226 -85.756  38.227 -85.742  1.17
7 17  6.0 38.227 -85.756  38.227 -85.742  0.77
6 16  8.0 38.232 -85.753  38.224 -85.745  1.13
2 19  10.0 38.249 -85.753  38.225 -85.745  1.94
6 19  21.0 38.251 -85.753  38.224 -85.745  2.4
7 7  24.0 38.202 -85.755  38.226 -85.742  2.81
7 11  6.0 38.218 -85.754  38.224 -85.743  0.82
5 12  9.0 38.217 -85.754  38.225 -85.743  1.46
4 15  7.0 38.223 -85.756  38.227 -85.741  0.92
4 15  5.0 38.226 -85.755  38.227 -85.742  0.74
1 5  5.0 38.227 -85.755  38.227 -85.742  0.77
5 6  5.0 38.227 -85.755  38.227 -85.742  0.82
5 7  5.0 38.227 -85.755  38.227 -85.742  0.98
5 7  6.0 38.227 -85.755  38.227 -85.742  0.73
7 6  6.0 38.227 -85.755  38.227 -85.742  0.8
6 1  6.0 38.227 -85.755  38.227 -85.742  0.81
6 2  6.0 38.227 -85.755  38.227 -85.742  0.95
1 14  22.0 38.231 -85.756  38.224 -85.741  2.13
1 6  5.0 38.228 -85.755  38.228 -85.742  0.89
2 18  12.0 38.239 -85.753  38.224 