7 20  28.0 38.254 -85.766  38.233 -85.712  3.96
3 15  34.0 38.203 -85.766  38.231 -85.711  4.78
4 19  23.0 38.227 -85.764  38.232 -85.713  3.71
6 10  29.0 38.245 -85.764  38.231 -85.713  5.03
7 20  49.0 38.235 -85.764  38.232 -85.711  4.163
4 3  19.0 38.24 -85.764  38.233 -85.711  3.3
4 20  27.0 38.252 -85.762  38.229 -85.712  4.57
6 21  23.0 38.254 -85.762  38.233 -85.711  3.151
1 11  32.0 38.255 -85.763  38.232 -85.71  4.32
2 8  40.0 38.219 -85.759  38.232 -85.713  4.94
6 22  23.0 38.221 -85.762  38.232 -85.71  3.666
1 11  40.0 38.224 -85.762  38.232 -85.71  4.38
6 8  19.0 38.237 -85.762  38.232 -85.71  2.93
5 19  23.0 38.256 -85.76  38.233 -85.712  3.056
7 10  29.0 38.218 -85.759  38.231 -85.712  3.853
6 15  31.0 38.221 -85.761  38.231 -85.71  4.35
7 5  40.0 38.221 -85.76  38.233 -85.711  4.05
7 14  23.0 38.236 -85.76  38.233 -85.711  3.67
2 8  40.0 38.22 -85.758  38.233 -85.712  4.97
1 7  17.0 38.228 -85.758  38.233 -85.712  2.94
6 12  29.0 38.25 -85.758  38.232 -85.712  3.34
2 13  24.0 38.25 -85.756  38.233 -85.714  3.27
6 22  19.0 38.228 -85.756  38.233 -85.713  3.18
7 14  34.0 38.235 -85.759  38.232 -85.71  4.598
6 15  25.0 38.251 -85.757  38.233 -85.712  3.97
7 14  20.0 38.243 -85.756  38.233 -85.712  2.9
4 17  20.0 38.251 -85.758  38.23 -85.71  3.542
3 11  25.0 38.218 -85.756  38.231 -85.711  2.96
6 17  20.0 38.226 -85.756  38.23 -85.711  3.03
2 21  23.0 38.242 -85.755  38.23 -85.712  2.237
4 17  20.0 38.246 -85.755  38.229 -85.712  2.93
3 15  29.0 38.249 -85.756  38.229 -85.711  3.49
4 19  21.0 38.251 -85.757  38.229 -85.71  2.979
6 18  34.0 38.249 -85.755  38.231 -85.712  4.27
6 13  24.0 38.215 -85.754  38.231 -85.712  1.305
6 10  24.0 38.218 -85.755  38.233 -85.711  3.63
5 15  18.0 38.235 -85.752  38.232 -85.714  2.97
1 14  20.0 38.244 -85.756  38.232 -85.71  3.19
4 17  23.0 38.25 -85.756  38.229 -85.71  3.024
6 7  19.0 38.254 -85.756  38.232 -85.71  3.36
6 13  24.0 38.218 -85.755  38.232 -85.71  3.542
7 15  24.0 38.217 -85.754  38.233 -85.711  4.92
3 20  17.0 38.228 -85.755  38.232 -85.71  3.24
1 14  17.0 38.246 -85.755  38.232 -85.71  3.1
5 13  22.0 38.253 -85.755  38.23 -85.71  3.19
6 21  23.0 38.255 -85.751  38.229 -85.714  3.77
6 19  36.0 38.257 -85.751  38.23 -85.714  3.38
5 11  27.0 38.211 -85.75  38.233 -85.714  3.57
2 19  22.0 38.219 -85.754  38.232 -85.71  3.24
6 10  24.0 38.219 -85.754  38.232 -85.71  3.58
3 11  25.0 38.219 -85.754  38.232 -85.71  3.06
1 9  36.0 38.233 -85.754  38.231 -85.71  3.54
2 21  17.0 38.251 -85.75  38.232 -85.714  3.107
2 16  25.0 38.251 -85.753  38.233 -85.711  3.13
6 7  22.0 38.253 -85.754  38.232 -85.71  4.06
7 10  36.0 38.255 -85.752  38.233 -85.712  3.44
7 15  25.0 38.218 -85.753  38.233 -85.71  3.48
2 11  16.0 38.249 -85.753  38.233 -85.71  2.63
7 16  34.0 38.25 -85.749  38.232 -85.714  2.85
7 13  24.0 38.255 -85.753  38.232 -85.71  3.55
3 10  25.0 38.214 -85.752  38.231 -85.71  3.7
2 13  27.0 38.252 -85.75  38.232 -85.712  3.68
6 11  17.0 38.234 -85.751  38.232 -85.71  2.54
7 6  23.0 38.252 -85.75  38.233 -85.711  2.92
7 6  22.0 38.255 -85.75  38.233 -85.711  2.93
2 15  36.0 38.233 -85.748  38.233 -85.712  2.32
3 18  16.0 38.245 -85.748  38.233 -85.712  2.42
5 12  20.0 38.251 -85.746  38.233 -85.714  3.09
7 3  15.0 38.254 -85.748  38.231 -85.712  2.82
1 17  33.0 38.257 -85.75  38.232 -85.71  3.92
1 17  36.0 38.257 -85.75  38.232 -85.71  3.81
1 17  40.0 38.257 -85.75  38.232 -85.71  4.16
5 13  24.0 38.212 -85.749  38.232 -85.71  3.43
5 17  27.0 38.215 -85.747  38.233 -85.712  3.79
6 17  25.0 38.233 -85.748  38.23 -85.711  2.37
6 4  16.0 38.235 -85.749  38.233 -85.71  2.78
3 20  15.0 38.256 -85.745  38.229 -85.714  2.983
2 16  19.0 38.248 -85.744  38.229 -85.714  2.671
7 12  30.0 38.254 -85.745  38.233 -85.713  3.63
5 18  15.0 38.245 -85.744  38.233 -85.713  2.2
3 13  16.0 38.248 -85.745  38.233 -85.712  2.44
7 15  28.0 38.255 -85.743  38.233 -85.714  2.67
1 10  34.0 38.214 -85.743  38.23 -85.713  4.02
4 16  29.0 38.216 -85.746  38.232 -85.71  3.91
2 16  26.0 38.217 -85.746  38.232 -85.71  3.53
7 16  30.0 38.254 -85.746  38.232 -85.71  4.66
4 15  23.0 38.251 -85.741  38.231 -85.714  2.94
7 12  27.0 38.251 -85.742  38.231 -85.713  4.039
6 15  25.0 38.252 -85.744  38.233 -85.711  2.77
7 20  31.0 38.258 -85.745  38.232 -85.71  3.89
1 11  55.0 38.21 -85.74  38.229 -85.714  2.74
1 10  38.0 38.214 -85.742  38.23 -85.712  4.29
7 0  17.0 38.216 -85.743  38.229 -85.711  2.61
6 11  21.0 38.216 -85.744  38.229 -85.71  2.76
1 10  14.0 38.229 -85.74  38.23 -85.714  0.746
3 18  22.0 38.251 -85.743  38.231 -85.711  2.86
7 17  13.0 38.253 -85.74  38.233 -85.714  1.95
4 18  17.0 38.254 -85.739  38.231 -85.714  2.41
7 19  23.0 38.256 -85.741  38.233 -85.712  3.231
2 16  30.0 38.212 -85.742  38.232 -85.71  3.77
5 16  24.0 38.215 -85.742  38.232 -85.71  2.31
5 16  23.0 38.216 -85.742  38.233 -85.71  2.31
7 18  21.0 38.221 -85.741  38.231 -85.711  3.231
2 18  9.0 38.222 -85.738  38.231 -85.714  1.73
1 12  13.0 38.224 -85.741  38.23 -85.711  1.97
1 8  24.0 38.248 -85.741  38.233 -85.711  2.19
6 6  12.0 38.252 -85.74  38.233 -85.712  2.17
7 19  15.0 38.253 -85.74  38.233 -85.712  2.423
7 15  23.0 38.253 -85.74  38.233 -85.712  2.25
6 15  23.0 38.253 -85.741  38.233 -85.711  2.7
7 12  25.0 38.253 -85.741  38.233 -85.711  3.86
6 9  20.0 38.215 -85.741  38.232 -85.71  2.29
7 17  15.0 38.217 -85.739  38.232 -85.712  1.491
7 19  12.0 38.246 -85.737  38.232 -85.714  1.53
4 18  27.0 38.251 -85.74  38.23 -85.711  3.798
2 13  27.0 38.253 -85.737  38.23 -85.714  3.915
4 16  14.0 38.251 -85.739  38.233 -85.712  2.299
1 2  16.0 38.253 -85.74  38.233 -85.711  2.27
1 15  30.0 38.253 -85.74  38.233 -85.711  3.21
7 15  40.0 38.219 -85.738  38.231 -85.712  2.1
1 17  19.0 38.23 -85.737  38.232 -85.713  2.237
2 12  8.0 38.236 -85.737  38.233 -85.713  1.3
3 4  13.0 38.243 -85.739  38.231 -85.711  2.06
5 7  22.0 38.25 -85.737  38.231 -85.713  2.39
1 13  31.0 38.253 -85.74  38.232 -85.71  2.55
7 15  11.0 38.253 -85.738  38.233 -85.712  1.99
2 15  13.0 38.253 -85.738  38.233 -85.712  1.97
6 20  13.0 38.253 -85.738  38.233 -85.712  2.1
3 15  13.0 38.253 -85.738  38.233 -85.712  2.237
2 20  15.0 38.253 -85.739  38.233 -85.711  1.056
2 16  17.0 38.253 -85.738  38.233 -85.712  2.237
7 15  24.0 38.253 -85.738  38.233 -85.712  2.97
1 15  30.0 38.253 -85.74  38.233 -85.71  3.33
4 14  26.0 38.255 -85.74  38.232 -85.71  3.31
3 9  28.0 38.248 -85.735  38.23 -85.714  2.1
2 23  10.0 38.251 -85.735  38.233 -85.714  1.864
6 14  25.0 38.251 -85.738  38.233 -85.711  2.32
6 16  15.0 38.253 -85.739  38.232 -85.71  2.44
5 18  16.0 38.252 -85.736  38.233 -85.713  2.22
7 18  22.0 38.253 -85.739  38.232 -85.71  2.92
4 13  31.0 38.253 -85.739  38.232 -85.71  3.27
5 17  15.0 38.254 -85.739  38.232 -85.71  2.734
6 11  11.0 38.224 -85.737  38.233 -85.711  1.6
2 8  14.0 38.227 -85.737  38.233 -85.711  1.91
2 12  12.0 38.238 -85.738  38.231 -85.71  2.17
6 9  34.0 38.246 -85.736  38.231 -85.712  2.61
6 22  27.0 38.253 -85.736  38.229 -85.712  1.616
3 15  14.0 38.252 -85.738  38.232 -85.71  2.06
3 19  34.0 38.254 -85.735  38.231 -85.713  2.238
4 15  34.0 38.253 -85.737  38.233 -85.711  3.11
7 17  16.0 38.22 -85.737  38.232 -85.71  1.926
7 20  12.0 38.227 -85.734  38.233 -85.713  1.49
3 3  6.0 38.234 -85.734  38.232 -85.713  1.49
1 15  49.0 38.242 -85.733  38.229 -85.714  3.36
2 13  51.0 38.247 -85.733  38.232 -85.714  1.83
4 6  15.0 38.254 -85.737  38.232 -85.71  2.299
2 13  21.0 38.253 -85.736  38.233 -85.711  2.24
7 11  17.0 38.254 -85.736  38.233 -85.711  2.113
2 17  8.0 38.227 -85.734  38.232 -85.712  1.43
2 13  9.0 38.234 -85.735  38.232 -85.711  1.67
7 11  14.0 38.243 -85.735  38.233 -85.711  1.91
6 12  17.0 38.252 -85.733  38.232 -85.713  2.89
3 18  15.0 38.252 -85.734  38.233 -85.712  2.06
7 11  16.0 38.253 -85.735  38.233 -85.711  2.113
6 0  13.0 38.223 -85.733  38.231 -85.712  1.78
2 12  24.0 38.222 -85.734  38.233 -85.711  2.28
1 16  13.0 38.236 -85.734  38.233 -85.711  1.553
6 9  34.0 38.239 -85.734  38.23 -85.711  2.47
4 17  11.0 38.241 -85.732  38.232 -85.713  1.41
3 15  9.0 38.242 -85.734  38.233 -85.711  1.21
7 11  13.0 38.242 -85.734  38.233 -85.711  1.89
3 16  34.0 38.249 -85.732  38.233 -85.713  2.51
1 9  20.0 38.224 -85.733  38.231 -85.711  1.6
5 21  10.0 38.242 -85.732  38.233 -85.712  1.29
3 16  8.0 38.233 -85.731  38.232 -85.712  1.14
1 21  18.0 38.246 -85.732  38.232 -85.711  1.864
4 9  11.0 38.251 -85.732  38.233 -85.711  2.24
1 11  23.0 38.254 -85.73  38.233 -85.713  1.97
7 15  21.0 38.226 -85.728  38.233 -85.714  2.62
1 14  8.0 38.229 -85.73  38.231 -85.712  1.12
1 12  16.0 38.23 -85.731  38.233 -85.711  1.79
7 17  9.0 38.237 -85.732  38.232 -85.71  1.45
7 19  15.0 38.243 -85.728  38.233 -85.714  1.129
1 15  32.0 38.244 -85.731  38.233 -85.711  1.76
1 11  12.0 38.247 -85.732  38.231 -85.71  1.77
1 15  15.0 38.246 -85.732  38.232 -85.71  2.672
5 9  17.0 38.246 -85.732  38.232 -85.71  1.69
1 7  17.0 38.253 -85.731  38.23 -85.711  2.26
4 22  27.0 38.253 -85.732  38.231 -85.71  4.847
1 7  17.0 38.256 -85.731  38.233 -85.711  2.17
6 22  9.0 38.231 -85.73  38.23 -85.711  1.305
5 7  10.0 38.237 -85.727  38.23 -85.714  0.87
4 11  8.0 38.239 -85.729  38.233 -85.712  1.35
6 7  8.0 38.24 -85.729  38.233 -85.712  1.06
6 14  10.0 38.241 -85.729  38.232 -85.712  1.66
7 13  13.0 38.243 -85.73  38.233 -85.711  1.52
1 10  20.0 38.244 -85.73  38.233 -85.711  1.34
1 16  38.0 38.248 -85.728  38.23 -85.713  2.15
7 13  12.0 38.249 -85.731  38.232 -85.71  1.678
3 9  28.0 38.25 -85.731  38.232 -85.71  2.02
6 11  6.0 38.238 -85.726  38.23 -85.714  0.69
6 4  8.0 38.236 -85.729  38.233 -85.711  0.1
6 11  43.0 38.239 -85.727  38.231 -85.713  4.65
5 18  10.0 38.244 -85.727  38.233 -85.713  1.118
7 11  11.0 38.245 -85.728  38.233 -85.712  1.4
7 14  24.0 38.254 -85.729  38.233 -85.711  3.0
4 12  7.0 38.231 -85.729  38.232 -85.71  1.31
7 4  7.0 38.238 -85.729  38.232 -85.71  1.12
6 19  15.0 38.241 -85.727  38.229 -85.712  2.175
2 17  27.0 38.239 -85.727  38.233 -85.712  4.6
1 13  11.0 38.242 -85.726  38.232 -85.713  1.01
6 17  11.0 38.244 -85.727  38.231 -85.712  2.48
6 15  14.0 38.246 -85.725  38.23 -85.714  2.11
4 15  17.0 38.246 -85.729  38.232 -85.71  1.67
3 20  19.0 38.25 -85.728  38.231 -85.711  1.678
6 6  7.0 38.224 -85.724  38.229 -85.714  0.943
7 19  29.0 38.237 -85.727  38.229 -85.711  2.09
4 10  31.0 38.238 -85.725  38.231 -85.713  1.2
5 20  7.0 38.242 -85.726  38.229 -85.712  1.305
1 18  17.0 38.241 -85.725  38.23 -85.713  1.71
6 20  5.0 38.239 -85.724  38.233 -85.714  0.746
1 14  9.0 38.24 -85.725  38.233 -85.713  0.845
2 17  17.0 38.244 -85.728  38.229 -85.71  1.67
6 12  7.0 38.242 -85.726  38.233 -85.712  1.11
7 17  10.0 38.245 -85.725  38.23 -85.713  1.27
5 20  14.0 38.242 -85.726  38.233 -85.712  0.062
5 15  25.0 38.243 -85.727  38.232 -85.711  1.96
4 19  21.0 38.256 -85.724  38.232 -85.714  2.37
2 17  22.0 38.236 -85.724  38.23 -85.713  1.616
2 16  6.0 38.238 -85.723  38.229 -85.714  1.15
5 18  9.0 38.238 -85.724  38.23 -85.713  1.864
6 22  9.0 38.239 -85.723  38.23 -85.714  1.24
5 21  17.0 38.237 -85.724  38.232 -85.713  1.16
6 17  9.0 38.24 -85.726  38.23 -85.711  1.37
5 7  10.0 38.24 -85.723  38.23 -85.714  0.86
3 17  9.0 38.24 -85.727  38.231 -85.71  1.56
7 22  9.0 38.24 -85.727  38.232 -85.71  1.24
7 19  14.0 38.241 -85.726  38.231 -85.711  1.13
7 14  21.0 38.241 -85.727  38.231 -85.71  1.47
7 22  15.0 38.241 -85.725  38.232 -85.712  1.41
7 7  6.0 38.241 -85.725  38.233 -85.712  0.86
5 24  6.0 38.241 -85.725  38.233 -85.712  1.21
1 14  8.0 38.241 -85.725  38.233 -85.712  0.932
6 16  21.0 38.241 -85.725  38.233 -85.712  0.124
1 10  17.0 38.244 -85.726  38.233 -85.711  1.29
5 19  50.0 38.246 -85.726  38.233 -85.711  4.84
2 17  13.0 38.248 -85.724  38.233 -85.713  1.68
1 11  8.0 38.229 -85.726  38.232 -85.71  1.18
3 15  16.0 38.23 -85.723  38.232 -85.713  0.39
4 20  42.0 38.239 -85.723  38.23 -85.713  4.47
1 12  8.0 38.239 -85.722  38.232 -85.714  0.86
4 18  9.0 38.24 -85.725  38.231 -85.711  1.16
3 17  12.0 38.239 -85.726  38.232 -85.71  1.42
7 22  13.0 38.239 -85.724  38.232 -85.712  1.33
1 9  7.0 38.239 -85.724  38.233 -85.712  0.95
1 9  8.0 38.239 -85.724  38.233 -85.712  0.94
3 12  10.0 38.241 -85.725  38.231 -85.711  1.26
5 15  18.0 38.239 -85.723  38.233 -85.713  1.12
5 18  7.0 38.24 -85.724  38.233 -85.712  0.69
5 18  7.0 38.24 -85.724  38.233 -85.712  0.71
7 9  9.0 38.24 -85.725  38.233 -85.711  0.84
7 9  10.0 38.24 -85.724  38.233 -85.712  1.09
1 20  30.0 38.24 -85.725  38.233 -85.711  2.71
7 11  7.0 38.241 -85.725  38.233 -85.711  1.08
2 12  8.0 38.241 -85.725  38.233 -85.711  0.994
1 12  8.0 38.241 -85.725  38.233 -85.711  1.01
4 19  8.0 38.242 -85.724  38.232 -85.712  1.25
5 18  9.0 38.242 -85.726  38.232 -85.71  0.311
1 13  9.0 38.242 -85.726  38.232 -85.71  1.18
4 16  10.0 38.242 -85.726  38.232 -85.71  1.42
7 19  12.0 38.241 -85.725  38.233 -85.711  1.11
7 19  12.0 38.241 -85.725  38.233 -85.711  1.12
7 18  20.0 38.242 -85.726  38.232 -85.71  1.367
2 16  28.0 38.241 -85.725  38.233 -85.711  3.86
1 10  41.0 38.241 -85.725  38.233 -85.711  2.62
3 8  21.0 38.244 -85.724  38.232 -85.712  2.48
7 11  20.0 38.245 -85.723  38.233 -85.713  0.91
1 7  12.0 38.253 -85.726  38.229 -85.71  2.26
6 16  6.0 38.234 -85.722  38.229 -85.713  0.47
5 18  17.0 38.233 -85.721  38.23 -85.714  0.12
2 16  6.0 38.236 -85.725  38.232 -85.71  0.12
7 9  8.0 38.239 -85.721  38.229 -85.714  0.88
7 12  6.0 38.239 -85.723  38.231 -85.712  1.04
7 15  8.0 38.239 -85.721  38.231 -85.714  1.367
1 8  5.0 38.241 -85.725  38.232 -85.71  1.1
1 14  6.0 38.24 -85.724  38.233 -85.711  0.76
1 19  7.0 38.24 -85.724  38.233 -85.711  0.888
1 9  7.0 38.24 -85.724  38.233 -85.711  1.06
7 11  8.0 38.24 -85.724  38.233 -85.711  0.86
1 20  8.0 38.24 -85.725  38.233 -85.71  1.12
7 11  9.0 38.24 -85.724  38.233 -85.711  0.89
2 15  9.0 38.241 -85.725  38.232 -85.71  1.03
7 20  9.0 38.241 -85.725  38.232 -85.71  1.03
6 18  10.0 38.24 -85.724  38.233 -85.711  0.86
4 7  10.0 38.24 -85.724  38.233 -85.711  1.39
6 8  11.0 38.241 -85.725  38.232 -85.71  1.25
4 19  12.0 38.241 -85.725  38.232 -85.71  0.559
4 20  12.0 38.24 -85.724  38.233 -85.711  1.14
1 10  13.0 38.24 -85.724  38.233 -85.711  1.21
1 12  13.0 38.241 -85.725  38.232 -85.71  1.64
4 8  15.0 38.241 -85.725  38.232 -85.71  1.76
3 17  19.0 38.241 -85.725  38.232 -85.71  1.367
4 18  20.0 38.241 -85.725  38.232 -85.71  1.69
2 18  35.0 38.24 -85.724  38.233 -85.711  2.19
6 8  9.0 38.241 -85.725  38.233 -85.71  1.13
6 19  10.0 38.241 -85.723  38.233 -85.712  0.93
3 13  20.0 38.257 -85.723  38.232 -85.712  2.69
7 14  20.0 38.204 -85.722  38.233 -85.712  3.76
6 9  14.0 38.228 -85.72  38.231 -85.714  0.2
7 13  25.0 38.236 -85.722  38.229 -85.712  0.99
7 16  6.0 38.238 -85.722  38.231 -85.712  0.8
3 22  10.0 38.237 -85.722  38.232 -85.712  0.71
7 0  11.0 38.239 -85.722  38.232 -85.712  1.1
1 8  4.0 38.239 -85.722  38.233 -85.712  0.68
1 19  5.0 38.239 -85.722  38.233 -85.712  0.738
1 9  5.0 38.24 -85.724  38.232 -85.71  1.05
6 4  6.0 38.239 -85.722  38.233 -85.712  0.68
6 7  6.0 38.24 -85.724  38.232 -85.71  0.84
1 16  7.0 38.24 -85.721  38.232 -85.713  0.96
3 7  7.0 38.24 -85.724  38.232 -85.71  0.97
6 20  8.0 38.239 -85.722  38.233 -85.712  0.73
2 13  8.0 38.24 -85.724  38.232 -85.71  0.81
5 14  8.0 38.24 -85.724  38.232 -85.71  1.18
7 9  9.0 38.239 -85.723  38.233 -85.711  0.83
7 21  10.0 38.24 -85.724  38.232 -85.71  0.87
3 19  13.0 38.24 -85.724  38.232 -85.71  1.305
4 15  13.0 38.24 -85.724  38.232 -85.71  1.41
7 21  16.0 38.24 -85.724  38.232 -85.71  1.243
1 14  17.0 38.239 -85.722  38.233 -85.712  1.07
2 19  17.0 38.24 -85.724  38.232 -85.71  1.864
7 19  21.0 38.239 -85.723  38.233 -85.711  0.93
6 19  27.0 38.239 -85.722  38.233 -85.712  3.13
4 18  34.0 38.24 -85.724  38.232 -85.71  1.82
2 18  36.0 38.24 -85.724  38.232 -85.71  2.52
5 21  46.0 38.24 -85.724  38.232 -85.71  1.616
3 9  6.0 38.24 -85.724  38.233 -85.71  1.18
1 17  7.0 38.241 -85.724  38.232 -85.71  1.06
6 12  8.0 38.24 -85.723  38.233 -85.711  0.97
3 14  10.0 38.24 -85.724  38.233 -85.71  0.99
1 16  12.0 38.24 -85.723  38.233 -85.711  1.491
5 22  18.0 38.24 -85.722  38.233 -85.712  0.75
4 20  43.0 38.243 -85.721  38.232 -85.713  4.45
7 15  8.0 38.231 -85.722  38.231 -85.711  0.69
7 15  3.0 38.231 -85.719  38.233 -85.714  0.17
4 1  4.0 38.235 -85.722  38.229 -85.711  0.77
7 16  10.0 38.237 -85.722  38.23 -85.711  1.07
2 15  15.0 38.234 -85.719  38.233 -85.714  1.1
7 22  16.0 38.236 -85.719  38.233 -85.714  1.879
7 13  5.0 38.237 -85.719  38.233 -85.714  0.42
1 16  10.0 38.238 -85.723  38.232 -85.71  1.181
6 16  6.0 38.238 -85.721  38.233 -85.712  0.55
6 18  7.0 38.239 -85.723  38.232 -85.71  0.932
7 18  8.0 38.239 -85.723  38.232 -85.71  0.84
7 18  15.0 38.238 -85.72  38.233 -85.713  0.86
2 6  4.0 38.239 -85.722  38.233 -85.711  0.73
1 9  4.0 38.239 -85.722  38.233 -85.711  0.74
5 5  4.0 38.239 -85.722  38.233 -85.711  0.74
3 10  5.0 38.239 -85.722  38.233 -85.711  0.27
1 16  5.0 38.239 -85.721  38.233 -85.712  0.59
4 22  5.0 38.239 -85.721  38.233 -85.712  0.65
2 6  5.0 38.239 -85.721  38.233 -85.712  0.68
5 11  6.0 38.239 -85.722  38.233 -85.711  0.8
3 16  7.0 38.239 -85.721  38.233 -85.712  0.678
6 22  8.0 38.24 -85.723  38.232 -85.71  0.67
1 11  8.0 38.239 -85.722  38.233 -85.711  0.75
1 15  9.0 38.239 -85.722  38.233 -85.711  0.76
1 13  10.0 38.239 -85.721  38.233 -85.712  1.12
6 18  11.0 38.24 -85.723  38.232 -85.71  0.93
1 11  12.0 38.239 -85.722  38.233 -85.711  1.056
7 11  13.0 38.239 -85.722  38.233 -85.711  2.39
1 8  17.0 38.239 -85.722  38.233 -85.711  1.15
3 17  32.0 38.24 -85.723  38.232 -85.71  1.305
2 17  3.0 38.231 -85.718  38.232 -85.714  0.2
6 18  3.0 38.233 -85.72  38.231 -85.712  0.15
4 20  23.0 38.235 -85.719  38.23 -85.713  1.83
3 15  31.0 38.234 -85.719  38.231 -85.713  2.3
5 16  7.0 38.236 -85.722  38.23 -85.71  1.06
3 15  31.0 38.234 -85.72  38.233 -85.712  2.051
5 18  5.0 38.235 -85.719  38.233 -85.713  0.4
2 20  46.0 38.238 -85.719  38.23 -85.713  3.7
5 18  6.0 38.237 -85.72  38.233 -85.712  0.78
4 17  11.0 38.241 -85.721  38.229 -85.711  1.118
2 21  3.0 38.238 -85.72  38.233 -85.712  0.35
6 22  4.0 38.238 -85.72  38.233 -85.712  0.56
1 1  4.0 38.238 -85.72  38.233 -85.712  0.56
5 0  4.0 38.238 -85.72  38.233 -85.712  0.59
5 18  5.0 38.238 -85.721  38.233 -85.711  0.435
4 22  5.0 38.238 -85.72  38.233 -85.712  0.46
7 16  5.0 38.238 -85.72  38.233 -85.712  0.68
2 21  5.0 38.239 -85.722  38.232 -85.71  0.808
2 13  5.0 38.239 -85.722  38.232 -85.71  0.83
7 15  5.0 38.239 -85.722  38.232 -85.71  0.84
7 23  6.0 38.238 -85.72  38.233 -85.712  0.76
1 11  9.0 38.238 -85.721  38.233 -85.711  0.75
7 14  9.0 38.239 -85.722  38.232 -85.71  0.87
7 14  9.0 38.239 -85.722  38.232 -85.71  0.87
1 10  10.0 38.238 -85.721  38.233 -85.711  0.65
1 10  10.0 38.238 -85.721  38.233 -85.711  0.69
5 13  12.0 38.238 -85.721  38.233 -85.711  0.99
4 13  15.0 38.238 -85.72  38.233 -85.712  1.84
7 12  20.0 38.238 -85.721  38.233 -85.711  1.18
7 12  21.0 38.238 -85.721  38.233 -85.711  1.23
1 16  21.0 38.239 -85.722  38.232 -85.71  1.9
2 18  24.0 38.239 -85.722  38.232 -85.71  2.66
7 13  35.0 38.238 -85.721  38.233 -85.711  1.77
1 12  52.0 38.238 -85.72  38.233 -85.712  3.57
1 3  4.0 38.239 -85.721  38.233 -85.711  0.64
4 17  6.0 38.239 -85.722  38.233 -85.71  0.75
6 15  6.0 38.239 -85.721  38.233 -85.711  0.75
3 14  7.0 38.239 -85.722  38.233 -85.71  0.78
2 19  8.0 38.239 -85.721  38.233 -85.711  0.722
6 16  9.0 38.239 -85.722  38.233 -85.71  1.035
1 13  9.0 38.239 -85.721  38.233 -85.711  1.12
7 0  10.0 38.239 -85.722  38.233 -85.71  0.78
1 13  10.0 38.239 -85.721  38.233 -85.711  1.05
7 0  12.0 38.239 -85.722  38.233 -85.71  0.77
7 21  12.0 38.239 -85.722  38.233 -85.71  0.808
3 19  33.0 38.239 -85.722  38.233 -85.71  2.3
7 19  15.0 38.241 -85.722  38.232 -85.71  2.41
4 16  30.0 38.22 -85.72  38.232 -85.711  2.15
1 10  43.0 38.232 -85.717  38.231 -85.714  3.74
1 14  8.0 38.232 -85.717  38.232 -85.714  0.38
3 18  8.0 38.236 -85.72  38.23 -85.711  0.89
6 20  5.0 38.236 -85.718  38.231 -85.713  0.68
5 17  4.0 38.236 -85.718  38.232 -85.713  0.249
1 15  8.0 38.239 -85.72  38.229 -85.711  1.33
6 15  12.0 38.236 -85.72  38.232 -85.711  0.58
5 19  3.0 38.238 -85.721  38.232 -85.71  0.52
3 17  4.0 38.237 -85.718  38.233 -85.713  0.43
1 14  4.0 38.237 -85.719  38.233 -85.712  0.56
7 13  4.0 38.238 -85.721  38.232 -85.71  0.78
1 10  6.0 38.237 -85.719  38.233 -85.712  0.53
7 17  6.0 38.237 -85.72  38.233 -85.711  0.57
1 19  7.0 38.237 -85.719  38.233 -85.712  0.53
1 15  12.0 38.238 -85.721  38.232 -85.71  0.75
6 22  20.0 38.239 -85.721  38.231 -85.71  1.08
1 15  28.0 38.237 -85.721  38.233 -85.71  2.92
1 8  3.0 38.238 -85.72  38.233 -85.711  0.63
1 6  4.0 38.238 -85.72  38.233 -85.711  0.65
7 15  7.0 38.238 -85.719  38.233 -85.712  0.49
1 8  7.0 38.238 -85.72  38.233 -85.711  0.63
2 16  8.0 38.238 -85.72  38.233 -85.711  0.99
7 12  24.0 38.238 -85.72  38.233 -85.711  1.553
7 12  27.0 38.238 -85.72  38.233 -85.711  1.243
1 16  28.0 38.238 -85.72  38.233 -85.711  1.18
3 19  34.0 38.238 -85.72  38.233 -85.711  2.85
3 17  25.0 38.24 -85.721  38.232 -85.71  1.97
1 9  13.0 38.213 -85.718  38.232 -85.712  2.03
1 13  10.0 38.23 -85.718  38.23 -85.712  0.87
1 20  54.0 38.231 -85.717  38.23 -85.713  3.02
5 15  9.0 38.231 -85.719  38.231 -85.711  0.78
1 10  14.0 38.233 -85.718  38.23 -85.712  1.3
5 14  5.0 38.234 -85.718  38.232 -85.712  0.66
4 23  4.0 38.235 -85.718  38.232 -85.712  0.45
7 18  6.0 38.237 -85.716  38.23 -85.714  0.51
7 17  6.0 38.236 -85.718  38.231 -85.712  0.87
6 21  8.0 38.235 -85.717  38.232 -85.713  0.621
6 17  15.0 38.234 -85.719  38.233 -85.711  0.96
6 17  15.0 38.234 -85.719  38.233 -85.711  1.04
1 17  29.0 38.234 -85.719  38.233 -85.711  3.57
3 0  4.0 38.235 -85.719  38.233 -85.711  0.46
4 13  12.0 38.236 -85.717  38.232 -85.713  0.78
5 6  2.0 38.236 -85.718  38.233 -85.712  0.4
4 23  4.0 38.236 -85.718  38.233 -85.712  0.44
4 14  4.0 38.237 -85.718  38.233 -85.712  0.37
7 12  4.0 38.237 -85.719  38.233 -85.711  0.5
1 9  4.0 38.237 -85.719  38.233 -85.711  0.57
6 9  4.0 38.237 -85.719  38.233 -85.711  0.58
3 21  4.0 38.238 -85.72  38.232 -85.71  0.67
1 19  5.0 38.237 -85.718  38.233 -85.712  0.5
6 22  5.0 38.237 -85.719  38.233 -85.711  0.621
5 14  5.0 38.238 -85.72  38.232 -85.71  0.684
7 10  6.0 38.237 -85.719  38.233 -85.711  0.497
7 13  6.0 38.238 -85.72  38.232 -85.71  0.67
7 19  6.0 38.238 -85.72  38.232 -85.71  0.73
7 13  7.0 38.237 -85.719  38.233 -85.711  0.062
1 11  7.0 38.237 -85.719  38.233 -85.711  0.48
1 11  7.0 38.237 -85.719  38.233 -85.711  0.53
1 18  8.0 38.237 -85.717  38.233 -85.713  0.66
7 12  8.0 38.238 -85.72  38.232 -85.71  0.69
4 9  11.0 38.238 -85.72  38.232 -85.71  0.66
4 9  11.0 38.238 -85.72  38.232 -85.71  0.68
7 22  12.0 38.238 -85.72  38.232 -85.71  0.311
3 5  13.0 38.238 -85.72  38.232 -85.71  1.91
1 17  19.0 38.238 -85.72  38.232 -85.71  2.01
1 1  24.0 38.237 -85.718  38.233 -85.712  1.9
1 1  25.0 38.237 -85.718  38.233 -85.712  1.93
1 1  25.0 38.237 -85.718  38.233 -85.712  1.94
1 15  32.0 38.237 -85.719  38.233 -85.711  1.73
1 19  33.0 38.237 -85.718  38.233 -85.712  0.7
2 20  47.0 38.24 -85.717  38.23 -85.713  3.75
3 13  9.0 38.238 -85.719  38.233 -85.711  0.58
1 15  10.0 38.238 -85.719  38.233 -85.711  1.4
2 16  14.0 38.239 -85.72  38.232 -85.71  0.78
7 13  6.0 38.239 -85.719  38.233 -85.711  0.75
1 8  10.0 38.239 -85.719  38.233 -85.711  0.77
2 16  52.0 38.24 -85.72  38.232 -85.71  0.82
7 15  8.0 38.241 -85.719  38.233 -85.711  1.05
5 18  13.0 38.25 -85.72  38.232 -85.71  1.87
6 19  12.0 38.231 -85.717  38.23 -85.712  0.62
5 14  5.0 38.233 -85.719  38.23 -85.71  0.657
6 17  28.0 38.231 -85.717  38.232 -85.712  0.559
6 16  10.0 38.232 -85.715  38.232 -85.714  1.1
3 21  26.0 38.235 -85.717  38.229 -85.712  4.225
7 18  5.0 38.234 -85.717  38.231 -85.712  0.86
7 16  8.0 38.233 -85.719  38.232 -85.71  0.59
6 21  22.0 38.234 -85.718  38.232 -85.711  2.31
6 19  28.0 38.236 -85.717  38.23 -85.712  1.056
6 19  3.0 38.235 -85.719  38.232 -85.71  0.62
1 3  4.0 38.234 -85.717  38.233 -85.712  0.55
2 21  8.0 38.235 -85.719  38.232 -85.71  0.621
3 16  8.0 38.238 -85.718  38.229 -85.711  1.12
4 13  10.0 38.235 -85.716  38.232 -85.713  0.75
2 15  20.0 38.236 -85.716  38.232 -85.713  2.04
7 14  27.0 38.237 -85.718  38.231 -85.711  2.36
1 20  3.0 38.236 -85.717  38.233 -85.712  0.37
1 9  3.0 38.236 -85.717  38.233 -85.712  0.39
5 24  3.0 38.237 -85.719  38.232 -85.71  0.59
5 23  4.0 38.236 -85.717  38.233 -85.712  0.33
1 14  4.0 38.236 -85.716  38.233 -85.713  0.33
2 11  4.0 38.237 -85.719  38.232 -85.71  0.36
3 19  5.0 38.237 -85.719  38.232 -85.71  0.5
6 17  5.0 38.238 -85.719  38.231 -85.71  0.756
1 11  7.0 38.236 -85.717  38.233 -85.712  0.47
2 14  7.0 38.237 -85.719  38.232 -85.71  0.62
6 9  9.0 38.237 -85.719  38.232 -85.71  0.6
1 19  9.0 38.237 -85.719  38.232 -85.71  0.62
1 8  13.0 38.238 -85.716  38.231 -85.713  0.78
6 15  14.0 38.236 -85.717  38.233 -85.712  1.056
3 17  23.0 38.236 -85.717  38.233 -85.712  3.107
5 15  32.0 38.237 -85.719  38.232 -85.71  0.944
6 11  5.0 38.238 -85.719  38.232 -85.71  0.7
3 13  6.0 38.237 -85.718  38.233 -85.711  0.51
7 19  9.0 38.238 -85.719  38.232 -85.71  0.72
7 19  9.0 38.238 -85.719  38.232 -85.71  0.75
1 20  10.0 38.237 -85.718  38.233 -85.711  0.68
1 1  26.0 38.237 -85.718  38.233 -85.711  1.97
6 12  41.0 38.238 -85.719  38.232 -85.71  1.616
1 21  6.0 38.238 -85.718  38.233 -85.711  0.53
7 10  15.0 38.239 -85.717  38.233 -85.712  0.936
7 13  6.0 38.241 -85.718  38.233 -85.711  0.66
6 18  5.0 38.229 -85.714  38.229 -85.714  0.28
7 8  16.0 38.228 -85.715  38.23 -85.713  1.84
6 13  6.0 38.23 -85.715  38.231 -85.713  0.88
1 17  34.0 38.231 -85.714  38.231 -85.714  2.423
1 11  4.0 38.232 -85.718  38.231 -85.71  0.58
3 10  5.0 38.231 -85.715  38.232 -85.713  0.1
6 17  5.0 38.231 -85.716  38.232 -85.712  0.674
6 23  2.0 38.234 -85.714  38.231 -85.714  0.37
3 20  11.0 38.232 -85.715  38.233 -85.713  1.12
5 11  14.0 38.234 -85.716  38.231 -85.712  0.9
3 17  14.0 38.235 -85.717  38.231 -85.711  1.1
1 11  17.0 38.234 -85.715  38.232 -85.713  1.37
1 10  7.0 38.235 -85.715  38.232 -85.713  0.56
3 16  9.0 38.236 -85.718  38.231 -85.71  0.75
1 21  28.0 38.234 -85.717  38.233 -85.711  2.299
7 12  2.0 38.236 -85.716  38.232 -85.712  0.24
2 17  5.0 38.236 -85.718  38.232 -85.71  0.52
4 14  7.0 38.237 -85.717  38.231 -85.711  0.89
7 14  15.0 38.236 -85.717  38.232 -85.711  1.3
2 20  34.0 38.236 -85.718  38.232 -85.71  1.83
7 14  4.0 38.236 -85.717  38.233 -85.711  0.39
3 13  4.0 38.237 -85.718  38.232 -85.71  0.57
1 7  4.0 38.237 -85.718  38.232 -85.71  0.58
1 7  4.0 38.237 -85.718  38.232 -85.71  0.6
3 15  5.0 38.236 -85.716  38.233 -85.712  0.081
1 21  5.0 38.236 -85.716  38.233 -85.712  0.311
1 18  5.0 38.236 -85.717  38.233 -85.711  0.4
6 20  6.0 38.236 -85.716  38.233 -85.712  0.311
2 12  6.0 38.237 -85.718  38.232 -85.71  0.73
1 16  6.0 38.236 -85.716  38.233 -85.712  0.75
1 11  7.0 38.236 -85.716  38.233 -85.712  0.289
1 12  7.0 38.236 -85.717  38.233 -85.711  0.43
3 9  8.0 38.236 -85.716  38.233 -85.712  0.311
7 11  8.0 38.236 -85.717  38.233 -85.711  0.58
4 19  10.0 38.236 -85.716  38.233 -85.712  0.684
7 12  11.0 38.236 -85.717  38.233 -85.711  0.93
7 15  13.0 38.236 -85.716  38.233 -85.712  0.497
3 13  20.0 38.237 -85.718  38.232 -85.71  1.73
1 15  8.0 38.237 -85.718  38.233 -85.71  1.27
6 15  13.0 38.237 -85.717  38.233 -85.711  0.684
5 7  16.0 38.237 -85.718  38.233 -85.71  2.05
7 19  20.0 38.239 -85.717  38.233 -85.711  2.61
2 20  8.0 38.241 -85.716  38.233 -85.712  0.49
2 17  46.0 38.243 -85.717  38.233 -85.711  1.43
3 17  10.0 38.23 -85.714  38.229 -85.713  0.64
6 12  3.0 38.23 -85.714  38.232 -85.713  0.435
7 17  20.0 38.233 -85.717  38.229 -85.71  1.181
2 14  28.0 38.23 -85.715  38.232 -85.712  0.69
7 17  37.0 38.232 -85.714  38.231 -85.713  1.59
5 14  14.0 38.236 -85.716  38.23 -85.711  1.367
6 19  4.0 38.235 -85.717  38.232 -85.71  0.48
7 9  6.0 38.235 -85.717  38.232 -85.71  0.46
7 19  6.0 38.235 -85.717  38.232 -85.71  0.48
3 17  7.0 38.236 -85.715  38.231 -85.712  0.249
4 19  7.0 38.235 -85.717  38.232 -85.71  0.932
2 12  11.0 38.237 -85.715  38.23 -85.712  0.621
4 11  28.0 38.235 -85.717  38.232 -85.71  0.746
2 14  35.0 38.235 -85.717  38.232 -85.71  1.72
1 17  3.0 38.235 -85.715  38.233 -85.712  0.29
1 7  4.0 38.235 -85.716  38.233 -85.711  0.29
1 18  5.0 38.236 -85.717  38.232 -85.71  0.49
6 16  6.0 38.236 -85.717  38.232 -85.71  0.559
6 15  10.0 38.236 -85.717  38.232 -85.71  0.76
3 11  12.0 38.236 -85.717  38.232 -85.71  1.93
7 15  16.0 38.235 -85.715  38.233 -85.712  2.299
2 15  22.0 38.236 -85.717  38.232 -85.71  1.243
1 21  23.0 38.236 -85.717  38.232 -85.71  2.17
1 17  24.0 38.236 -85.717  38.232 -85.71  2.46
2 20  38.0 38.236 -85.717  38.232 -85.71  2.68
1 7  2.0 38.236 -85.716  38.233 -85.711  0.3
6 15  2.0 38.236 -85.716  38.233 -85.711  0.33
6 21  4.0 38.236 -85.716  38.233 -85.711  0.367
6 10  6.0 38.236 -85.716  38.233 -85.711  0.311
5 9  6.0 38.237 -85.717  38.232 -85.71  0.53
5 9  6.0 38.237 -85.717  38.232 -85.71  0.53
7 12  7.0 38.236 -85.717  38.233 -85.71  0.56
3 20  23.0 38.236 -85.717  38.233 -85.71  2.789
1 11  32.0 38.236 -85.716  38.233 -85.711  0.541
6 20  46.0 38.236 -85.716  38.233 -85.711  4.32
3 18  14.0 38.239 -85.716  38.232 -85.711  1.46
2 16  25.0 38.225 -85.716  38.232 -85.71  2.33
7 8  15.0 38.228 -85.714  38.23 -85.712  1.9
1 19  8.0 38.229 -85.713  38.23 -85.713  0.684
6 20  39.0 38.231 -85.712  38.23 -85.714  2.299
6 18  10.0 38.231 -85.715  38.232 -85.711  1.47
4 12  52.0 38.232 -85.712  38.233 -85.714  5.02
7 16  4.0 38.235 -85.715  38.231 -85.711  0.5
6 2  5.0 38.235 -85.712  38.231 -85.714  0.39
7 16  5.0 38.235 -85.715  38.231 -85.711  0.5
1 17  30.0 38.233 -85.715  38.233 -85.711  3.75
1 19  35.0 38.234 -85.713  38.232 -85.713  1.926
5 9  4.0 38.234 -85.714  38.233 -85.712  0.554
2 12  2.0 38.235 -85.715  38.233 -85.711  0.33
1 17  3.0 38.236 -85.716  38.232 -85.71  0.21
1 10  3.0 38.235 -85.714  38.233 -85.712  0.31
3 11  3.0 38.236 -85.716  38.232 -85.71  0.45
7 14  4.0 38.235 -85.715  38.233 -85.711  0.24
3 13  4.0 38.236 -85.716  38.232 -85.71  0.452
2 13  4.0 38.236 -85.716  38.232 -85.71  0.55
5 12  4.0 38.236 -85.716  38.232 -85.71  0.87
4 21  6.0 38.235 -85.715  38.233 -85.711  0.42
7 14  6.0 38.236 -85.716  38.232 -85.71  0.497
7 2  6.0 38.235 -85.714  38.233 -85.712  0.52
3 18  7.0 38.236 -85.714  38.232 -85.712  0.17
4 20  7.0 38.235 -85.715  38.233 -85.711  0.249
5 14  8.0 38.235 -85.714  38.233 -85.712  0.39
1 20  10.0 38.236 -85.716  38.232 -85.71  0.435
2 14  10.0 38.235 -85.715  38.233 -85.711  0.62
1 12  10.0 38.235 -85.715  38.233 -85.711  0.78
6 14  11.0 38.235 -85.714  38.233 -85.712  0.62
1 17  12.0 38.236 -85.716  38.232 -85.71  1.12
3 11  14.0 38.235 -85.715  38.233 -85.711  2.25
3 13  18.0 38.236 -85.716  38.232 -85.71  1.02
2 12  21.0 38.236 -85.716  38.232 -85.71  0.497
1 20  21.0 38.236 -85.716  38.232 -85.71  0.808
3 9  7.0 38.236 -85.713  38.233 -85.713  0.35
2 17  8.0 38.237 -85.716  38.232 -85.71  0.64
7 11  38.0 38.236 -85.716  38.233 -85.71  2.92
1 11  3.0 38.221 -85.712  38.229 -85.713  0.71
1 9  32.0 38.23 -85.711  38.229 -85.714  1.45
3 20  8.0 38.231 -85.715  38.23 -85.71  0.37
6 8  3.0 38.232 -85.714  38.23 -85.711  0.24
4 9  23.0 38.229 -85.713  38.233 -85.712  0.5
3 10  35.0 38.231 -85.712  38.231 -85.713  2.113
1 11  8.0 38.233 -85.711  38.231 -85.714  0.186
3 20  8.0 38.233 -85.711  38.231 -85.714  0.22
3 20  8.0 38.233 -85.711  38.231 -85.714  0.33
1 10  22.0 38.233 -85.711  38.231 -85.714  3.48
5 20  35.0 38.233 -85.711  38.231 -85.714  3.853
1 19  38.0 38.233 -85.711  38.231 -85.714  3.111
1 17  6.0 38.233 -85.712  38.232 -85.713  0.08
7 15  8.0 38.233 -85.711  38.232 -85.714  0.25
7 19  12.0 38.235 -85.714  38.23 -85.711  0.94
5 14  15.0 38.236 -85.715  38.23 -85.71  1.305
5 14  28.0 38.235 -85.714  38.231 -85.711  1.99
2 19  3.0 38.235 -85.715  38.232 -85.71  0.34
1 14  3.0 38.235 -85.715  38.232 -85.71  0.35
7 14  4.0 38.235 -85.715  38.232 -85.71  0.373
7 14  4.0 38.235 -85.715  38.232 -85.71  0.373
6 9  4.0 38.235 -85.715  38.232 -85.71  0.6
4 20  5.0 38.235 -85.715  38.232 -85.71  0.311
4 18  5.0 38.235 -85.715  38.232 -85.71  0.42
6 18  6.0 38.235 -85.715  38.232 -85.71  0.34
4 8  8.0 38.234 -85.712  38.233 -85.713  0.68
7 17  19.0 38.235 -85.715  38.232 -85.71  0.249
5 17  21.0 38.234 -85.712  38.233 -85.713  3.23
2 20  4.0 38.235 -85.714  38.233 -85.711  0.25
7 11  4.0 38.235 -85.714  38.233 -85.711  0.28
1 18  5.0 38.235 -85.714  38.233 -85.711  0.57
6 7  6.0 38.235 -85.714  38.233 -85.711  0.78
1 16  12.0 38.235 -85.714  38.233 -85.711  0.93
1 16  12.0 38.235 -85.714  38.233 -85.711  0.94
4 19  30.0 38.235 -85.715  38.233 -85.71  0.87
1 18  16.0 38.237 -85.715  38.232 -85.71  2.361
6 12  4.0 38.239 -85.715  38.233 -85.71  0.55
1 16  9.0 38.242 -85.713  38.23 -85.712  1.51
3 7  4.0 38.227 -85.712  38.23 -85.712  0.22
3 14  2.0 38.229 -85.712  38.23 -85.712  0.24
7 17  8.0 38.232 -85.714  38.23 -85.71  0.373
6 11  11.0 38.231 -85.712  38.231 -85.712  0.84
2 8  10.0 38.231 -85.714  38.232 -85.71  0.56
1 20  4.0 38.232 -85.712  38.232 -85.712  0.311
6 12  11.0 38.231 -85.712  38.233 -85.712  1.13
7 18  15.0 38.234 -85.712  38.231 -85.712  0.66
5 16  23.0 38.233 -85.712  38.232 -85.712  1.43
2 18  31.0 38.232 -85.714  38.233 -85.71  4.598
7 10  43.0 38.232 -85.713  38.233 -85.711  0.43
2 22  2.0 38.233 -85.712  38.233 -85.712  0.497
6 6  3.0 38.233 -85.712  38.233 -85.712  0.124
6 19  3.0 38.233 -85.712  38.233 -85.712  0.25
7 12  4.0 38.233 -85.712  38.233 -85.712  0.09
1 14  6.0 38.233 -85.712  38.233 -85.712  0.062
1 17  6.0 38.233 -85.712  38.233 -85.712  0.186
4 17  7.0 38.233 -85.711  38.233 -85.713  0.31
1 14  7.0 38.233 -85.712  38.233 -85.712  0.87
4 16  7.0 38.233 -85.712  38.233 -85.712  1.1
1 6  8.0 38.233 -85.712  38.233 -85.712  0.93
4 13  9.0 38.233 -85.712  38.233 -85.712  0.19
1 11  11.0 38.233 -85.712  38.233 -85.712  0.78
7 7  27.0 38.233 -85.712  38.233 -85.712  2.92
1 7  28.0 38.233 -85.712  38.233 -85.712  3.27
1 7  30.0 38.233 -85.712  38.233 -85.712  3.27
7 15  33.0 38.233 -85.712  38.233 -85.712  0.95
6 18  45.0 38.233 -85.712  38.233 -85.712  4.722
7 10  53.0 38.233 -85.712  38.233 -85.712  3.56
5 8  3.0 38.234 -85.713  38.233 -85.711  0.06
3 12  3.0 38.234 -85.713  38.233 -85.711  0.16
7 20  4.0 38.235 -85.714  38.232 -85.71  0.28
7 1  5.0 38.234 -85.713  38.233 -85.711  0.14
7 20  5.0 38.235 -85.714  38.232 -85.71  0.28
2 19  8.0 38.234 -85.712  38.233 -85.712  0.186
1 3  9.0 38.234 -85.712  38.233 -85.712  0.64
1 3  10.0 38.234 -85.712  38.233 -85.712  0.67
1 3  11.0 38.234 -85.712  38.233 -85.712  0.69
1 9  18.0 38.235 -85.714  38.232 -85.71  1.15
7 13  19.0 38.235 -85.714  38.232 -85.71  1.84
1 16  19.0 38.234 -85.713  38.233 -85.711  2.672
1 11  35.0 38.234 -85.713  38.233 -85.711  1.53
1 11  36.0 38.234 -85.713  38.233 -85.711  1.44
7 16  38.0 38.234 -85.712  38.233 -85.712  2.87
6 13  5.0 38.235 -85.714  38.233 -85.71  0.57
7 10  14.0 38.235 -85.713  38.233 -85.711  2.37
3 12  8.0 38.239 -85.711  38.231 -85.713  0.92
7 17  22.0 38.237 -85.71  38.233 -85.714  1.59
6 16  14.0 38.216 -85.712  38.231 -85.711  1.32
3 4  4.0 38.22 -85.709  38.229 -85.714  0.8
7 14  3.0 38.228 -85.712  38.23 -85.711  0.26
5 20  4.0 38.229 -85.713  38.23 -85.71  0.497
1 15  3.0 38.23 -85.712  38.231 -85.711  0.14
4 16  4.0 38.233 -85.713  38.23 -85.71  0.25
3 17  8.0 38.232 -85.709  38.231 -85.714  0.74
6 12  5.0 38.233 -85.711  38.231 -85.712  0.186
4 14  9.0 38.232 -85.713  38.232 -85.71  0.71
2 10  16.0 38.233 -85.711  38.231 -85.712  1.243
5 15  17.0 38.232 -85.71  38.232 -85.713  1.09
6 14  24.0 38.234 -85.71  38.23 -85.713  2.4
6 19  28.0 38.232 -85.711  38.232 -85.712  2.299
7 4  29.0 38.233 -85.711  38.231 -85.712  1.243
1 12  5.0 38.233 -85.711  38.232 -85.712  0.25
1 18  7.0 38.233 -85.711  38.232 -85.712  0.88
1 18  8.0 38.233 -85.711  38.232 -85.712  0.89
2 11  12.0 38.233 -85.711  38.232 -85.712  1.056
4 13  15.0 38.233 -85.712  38.232 -85.711  2.05
7 9  17.0 38.233 -85.711  38.232 -85.712  1.74
7 9  2.0 38.233 -85.711  38.233 -85.712  0.25
7 18  3.0 38.233 -85.712  38.233 -85.711  0.062
6 19  3.0 38.233 -85.711  38.233 -85.712  0.19
2 13  3.0 38.234 -85.713  38.232 -85.71  0.27
7 16  5.0 38.233 -85.711  38.233 -85.712  0.08
7 12  5.0 38.234 -85.713  38.232 -85.71  0.19
5 15  5.0 38.234 -85.713  38.232 -85.71  0.28
7 11  5.0 38.233 -85.711  38.233 -85.712  0.311
7 7  5.0 38.233 -85.712  38.233 -85.711  0.61
6 16  6.0 38.233 -85.712  38.233 -85.711  0.435
3 9  6.0 38.233 -85.711  38.233 -85.712  0.68
3 20  10.0 38.233 -85.711  38.233 -85.712  1.95
7 12  11.0 38.233 -85.711  38.233 -85.712  0.87
7 5  12.0 38.233 -85.711  38.233 -85.712  1.14
1 10  15.0 38.233 -85.712  38.233 -85.711  0.932
6 18  16.0 38.234 -85.713  38.232 -85.71  0.808
7 14  21.0 38.233 -85.711  38.233 -85.712  2.05
5 21  25.0 38.233 -85.711  38.233 -85.712  2.22
7 7  27.0 38.233 -85.711  38.233 -85.712  2.82
2 16  27.0 38.233 -85.712  38.233 -85.711  3.42
7 4  31.0 38.233 -85.711  38.233 -85.712  4.94
4 13  38.0 38.233 -85.711  38.233 -85.712  1.78
1 7  38.0 38.234 -85.713  38.232 -85.71  2.89
7 17  40.0 38.233 -85.712  38.233 -85.711  2.33
1 7  40.0 38.234 -85.713  38.232 -85.71  2.78
7 4  44.0 38.233 -85.711  38.233 -85.712  4.86
6 20  54.0 38.233 -85.712  38.233 -85.711  4.61
1 11  3.0 38.235 -85.713  38.232 -85.71  0.29
1 13  5.0 38.234 -85.712  38.233 -85.711  0.67
7 23  9.0 38.234 -85.712  38.233 -85.711  1.74
7 6  31.0 38.234 -85.712  38.233 -85.711  0.23
7 9  34.0 38.234 -85.712  38.233 -85.711  4.23
2 16  6.0 38.235 -85.711  38.233 -85.712  0.26
2 13  48.0 38.226 -85.712  38.229 -85.71  1.75
5 17  7.0 38.223 -85.71  38.233 -85.712  0.698
7 13  9.0 38.227 -85.708  38.229 -85.714  1.23
1 10  11.0 38.223 -85.71  38.233 -85.712  1.24
1 15  3.0 38.228 -85.711  38.229 -85.711  0.15
3 13  7.0 38.231 -85.708  38.229 -85.714  0.28
4 15  8.0 38.23 -85.711  38.231 -85.711  0.68
1 14  11.0 38.229 -85.709  38.232 -85.713  0.497
7 15  4.0 38.23 -85.709  38.232 -85.713  0.44
6 18  6.0 38.232 -85.711  38.23 -85.711  0.249
1 7  3.0 38.232 -85.712  38.231 -85.71  0.13
4 11  3.0 38.231 -85.708  38.232 -85.714  0.39
5 19  4.0 38.232 -85.71  38.231 -85.712  0.249
6 12  4.0 38.233 -85.711  38.23 -85.711  0.29
6 12  5.0 38.232 -85.71  38.231 -85.712  0.186
1 18  19.0 38.233 -85.711  38.23 -85.711  1.83
4 20  29.0 38.231 -85.711  38.232 -85.711  0.89
7 11  4.0 38.231 -85.711  38.233 -85.711  0.26
1 13  16.0 38.232 -85.712  38.232 -85.71  0.9
4 14  35.0 38.232 -85.709  38.232 -85.713  4.45
5 11  2.0 38.233 -85.711  38.232 -85.711  0.24
3 16  4.0 38.232 -85.71  38.233 -85.712  0.186
2 17  5.0 38.233 -85.711  38.232 -85.711  0.435
6 11  6.0 38.232 -85.71  38.233 -85.712  0.16
5 22  7.0 38.232 -85.71  38.233 -85.712  0.26
1 13  9.0 38.232 -85.71  38.233 -85.712  0.83
7 11  9.0 38.233 -85.711  38.232 -85.711  0.85
7 11  9.0 38.233 -85.711  38.232 -85.711  0.86
1 11  10.0 38.233 -85.711  38.232 -85.711  0.67
2 11  11.0 38.233 -85.711  38.232 -85.711  0.684
1 19  14.0 38.232 -85.71  38.233 -85.712  2.423
1 13  15.0 38.233 -85.712  38.232 -85.71  0.9
4 20  15.0 38.232 -85.711  38.233 -85.711  1.429
1 22  17.0 38.232 -85.71  38.233 -85.712  2.46
1 4  31.0 38.233 -85.712  38.232 -85.71  3.98
5 19  34.0 38.232 -85.71  38.233 -85.712  0.621
5 10  54.0 38.232 -85.71  38.233 -85.712  2.23
6 9  3.0 38.233 -85.711  38.233 -85.711  0.1
7 13  3.0 38.233 -85.712  38.233 -85.71  0.158
7 17  4.0 38.233 -85.711  38.233 -85.711  0.11
7 12  4.0 38.233 -85.711  38.233 -85.711  0.25
7 4  4.0 38.233 -85.711  38.233 -85.711  0.29
7 9  5.0 38.233 -85.711  38.233 -85.711  0.14
3 13  5.0 38.233 -85.711  38.233 -85.711  0.186
1 11  5.0 38.233 -85.711  38.233 -85.711  0.72
2 13  5.0 38.233 -85.711  38.233 -85.711  0.91
1 9  6.0 38.233 -85.711  38.233 -85.711  0.32
5 19  6.0 38.233 -85.711  38.233 -85.711  0.61
1 6  7.0 38.233 -85.711  38.233 -85.711  0.07
5 9  7.0 38.233 -85.711  38.233 -85.711  0.13
6 12  7.0 38.233 -85.711  38.233 -85.711  0.2
1 9  7.0 38.233 -85.711  38.233 -85.711  0.311
2 12  7.0 38.233 -85.711  38.233 -85.711  0.892
1 7  7.0 38.233 -85.711  38.233 -85.711  1.04
1 12  8.0 38.233 -85.711  38.233 -85.711  0.31
3 11  8.0 38.233 -85.711  38.233 -85.711  0.59
1 13  8.0 38.233 -85.711  38.233 -85.711  0.75
7 8  8.0 38.233 -85.711  38.233 -85.711  1.01
1 10  9.0 38.233 -85.711  38.233 -85.711  0.497
7 8  9.0 38.233 -85.711  38.233 -85.711  1.16
3 11  10.0 38.233 -85.711  38.233 -85.711  0.37
7 10  10.0 38.233 -85.711  38.233 -85.711  0.41
7 8  10.0 38.233 -85.711  38.233 -85.711  0.66
2 8  10.0 38.233 -85.711  38.233 -85.711  0.74
1 14  10.0 38.233 -85.711  38.233 -85.711  1.35
3 11  11.0 38.233 -85.711  38.233 -85.711  0.373
3 12  11.0 38.233 -85.711  38.233 -85.711  0.59
7 8  11.0 38.233 -85.711  38.233 -85.711  1.11
7 8  11.0 38.233 -85.711  38.233 -85.711  1.25
6 18  11.0 38.233 -85.711  38.233 -85.711  1.553
1 9  12.0 38.233 -85.711  38.233 -85.711  0.55
7 11  12.0 38.233 -85.711  38.233 -85.711  1.17
3 21  12.0 38.233 -85.711  38.233 -85.711  1.44
1 9  13.0 38.233 -85.711  38.233 -85.711  0.68
7 11  13.0 38.233 -85.711  38.233 -85.711  1.08
7 8  13.0 38.233 -85.711  38.233 -85.711  1.12
7 18  14.0 38.233 -85.711  38.233 -85.711  0.621
7 13  15.0 38.233 -85.711  38.233 -85.711  1.24
2 10  15.0 38.233 -85.711  38.233 -85.711  1.429
1 11  17.0 38.233 -85.711  38.233 -85.711  0.28
1 9  17.0 38.233 -85.711  38.233 -85.711  2.05
7 17  17.0 38.233 -85.711  38.233 -85.711  2.44
7 13  18.0 38.233 -85.711  38.233 -85.711  1.21
1 9  19.0 38.233 -85.711  38.233 -85.711  2.14
1 13  20.0 38.233 -85.711  38.233 -85.711  0.81
7 12  20.0 38.233 -85.711  38.233 -85.711  1.59
2 8  20.0 38.233 -85.711  38.233 -85.711  2.27
7 14  21.0 38.233 -85.711  38.233 -85.711  2.05
7 17  21.0 38.233 -85.711  38.233 -85.711  2.75
2 15  24.0 38.233 -85.711  38.233 -85.711  3.72
1 11  25.0 38.233 -85.711  38.233 -85.711  0.29
2 14  25.0 38.233 -85.711  38.233 -85.711  1.13
3 15  27.0 38.233 -85.711  38.233 -85.711  3.84
3 15  29.0 38.233 -85.711  38.233 -85.711  0.7
1 15  33.0 38.233 -85.711  38.233 -85.711  3.81
7 12  41.0 38.233 -85.711  38.233 -85.711  4.27
3 12  47.0 38.233 -85.711  38.233 -85.711  1.31
7 6  49.0 38.233 -85.711  38.233 -85.711  3.5
6 20  5.0 38.234 -85.712  38.233 -85.71  0.186
7 10  7.0 38.234 -85.712  38.233 -85.71  0.17
4 15  4.0 38.238 -85.711  38.233 -85.711  0.55
2 10  30.0 38.224 -85.711  38.229 -85.71  1.1
5 17  7.0 38.223 -85.709  38.232 -85.712  0.606
1 17  6.0 38.223 -85.71  38.233 -85.711  0.706
1 11  10.0 38.223 -85.71  38.233 -85.711  0.77
2 16  6.0 38.228 -85.71  38.23 -85.711  0.34
6 19  6.0 38.231 -85.71  38.23 -85.711  0.21
7 11  10.0 38.232 -85.711  38.229 -85.71  0.93
2 15  22.0 38.231 -85.709  38.23 -85.712  2.84
3 7  3.0 38.229 -85.708  38.233 -85.713  0.27
5 12  5.0 38.233 -85.711  38.229 -85.71  0.43
1 7  15.0 38.233 -85.707  38.229 -85.714  0.44
7 18  35.0 38.231 -85.711  38.231 -85.71  3.04
3 11  36.0 38.232 -85.71  38.23 -85.711  2.26
1 13  7.0 38.233 -85.711  38.23 -85.71  0.39
7 21  40.0 38.231 -85.711  38.232 -85.71  1.305
1 18  49.0 38.23 -85.709  38.233 -85.712  4.76
1 17  20.0 38.234 -85.711  38.23 -85.71  1.3
7 17  32.0 38.233 -85.709  38.231 -85.712  2.05
3 11  37.0 38.232 -85.71  38.232 -85.711  2.67
1 19  44.0 38.232 -85.709  38.232 -85.712  2.237
1 20  2.0 38.232 -85.709  38.233 -85.712  0.2
7 12  3.0 38.233 -85.711  38.232 -85.71  0.08
5 15  3.0 38.232 -85.709  38.233 -85.712  0.21
3 22  4.0 38.232 -85.71  38.233 -85.711  0.09
4 15  4.0 38.232 -85.71  38.233 -85.711  0.124
1 19  4.0 38.232 -85.71  38.233 -85.711  0.18
7 19  4.0 38.232 -85.707  38.233 -85.714  0.35
6 15  4.0 38.233 -85.711  38.232 -85.71  0.38
7 20  5.0 38.232 -85.71  38.233 -85.711  0.15
2 0  5.0 38.232 -85.71  38.233 -85.711  0.36
7 16  6.0 38.233 -85.711  38.232 -85.71  0.25
1 13  6.0 38.232 -85.709  38.233 -85.712  0.47
1 11  7.0 38.233 -85.711  38.232 -85.71  0.48
7 12  8.0 38.232 -85.71  38.233 -85.711  0.18
1 16  8.0 38.232 -85.709  38.233 -85.712  0.37
1 11  8.0 38.233 -85.711  38.232 -85.71  0.49
4 17  9.0 38.232 -85.71  38.233 -85.711  0.249
1 11  9.0 38.233 -85.711  38.232 -85.71  0.48
3 16  11.0 38.233 -85.711  38.232 -85.71  0.26
7 14  13.0 38.233 -85.711  38.232 -85.71  0.47
3 15  13.0 38.232 -85.71  38.233 -85.711  0.48
1 14  15.0 38.232 -85.71  38.233 -85.711  1.35
1 14  16.0 38.232 -85.71  38.233 -85.711  1.1
1 15  16.0 38.232 -85.709  38.233 -85.712  1.27
2 13  16.0 38.233 -85.711  38.232 -85.71  1.34
1 22  17.0 38.232 -85.71  38.233 -85.711  2.41
2 14  19.0 38.232 -85.709  38.233 -85.712  2.78
7 10  21.0 38.233 -85.711  38.232 -85.71  1.62
3 8  21.0 38.232 -85.71  38.233 -85.711  2.14
3 12  22.0 38.233 -85.711  38.232 -85.71  1.99
3 8  22.0 38.232 -85.71  38.233 -85.711  2.87
2 8  23.0 38.232 -85.71  38.233 -85.711  0.91
7 15  23.0 38.232 -85.709  38.233 -85.712  1.67
5 7  23.0 38.232 -85.71  38.233 -85.711  2.43
7 15  24.0 38.232 -85.709  38.233 -85.712  1.73
7 14  25.0 38.232 -85.709  38.233 -85.712  2.92
5 7  26.0 38.232 -85.71  38.233 -85.711  2.18
7 15  27.0 38.232 -85.709  38.233 -85.712  1.7
2 11  28.0 38.232 -85.71  38.233 -85.711  3.418
2 11  30.0 38.232 -85.71  38.233 -85.711  3.63
5 8  32.0 38.232 -85.71  38.233 -85.711  3.26
5 19  34.0 38.232 -85.71  38.233 -85.711  1.305
3 12  34.0 38.233 -85.711  38.232 -85.71  2.05
6 19  36.0 38.233 -85.711  38.232 -85.71  1.988
3 8  36.0 38.232 -85.711  38.233 -85.71  2.6
6 4  36.0 38.233 -85.711  38.232 -85.71  3.89
6 21  50.0 38.232 -85.71  38.233 -85.711  1.59
7 10  50.0 38.232 -85.71  38.233 -85.711  4.101
1 18  2.0 38.233 -85.71  38.233 -85.711  0.684
7 20  3.0 38.233 -85.71  38.233 -85.711  0.1
7 9  3.0 38.233 -85.709  38.233 -85.712  0.186
5 13  3.0 38.233 -85.709  38.233 -85.712  0.29
7 8  6.0 38.233 -85.711  38.233 -85.71  0.11
3 17  7.0 38.233 -85.71  38.233 -85.711  0.497
4 20  10.0 38.233 -85.71  38.233 -85.711  0.348
6 19  12.0 38.233 -85.711  38.233 -85.71  0.29
1 8  18.0 38.233 -85.71  38.233 -85.711  1.52
7 14  18.0 38.233 -85.71  38.233 -85.711  1.86
6 17  21.0 38.233 -85.711  38.233 -85.71  0.58
3 12  21.0 38.233 -85.711  38.233 -85.71  1.82
7 14  22.0 38.233 -85.71  38.233 -85.711  1.33
2 15  22.0 38.233 -85.71  38.233 -85.711  3.0
7 13  23.0 38.233 -85.71  38.233 -85.711  1.9
1 15  31.0 38.233 -85.711  38.233 -85.71  3.95
2 10  40.0 38.233 -85.711  38.233 -85.71  1.491
2 11  47.0 38.233 -85.711  38.233 -85.71  0.04
2 18  10.0 38.239 -85.708  38.232 -85.713  0.68
7 16  6.0 38.223 -85.707  38.23 -85.713  0.589
2 16  3.0 38.226 -85.709  38.23 -85.711  0.28
2 14  4.0 38.225 -85.708  38.231 -85.712  0.31
2 17  4.0 38.227 -85.709  38.23 -85.711  0.76
2 15  11.0 38.229 -85.71  38.229 -85.71  1.54
2 16  14.0 38.229 -85.71  38.229 -85.71  2.26
3 10  30.0 38.229 -85.71  38.229 -85.71  3.74
6 21  6.0 38.228 -85.71  38.231 -85.71  0.6
3 3  14.0 38.228 -85.709  38.231 -85.711  0.87
4 11  11.0 38.229 -85.71  38.232 -85.71  0.59
1 20  36.0 38.231 -85.709  38.23 -85.711  2.54
3 16  9.0 38.231 -85.706  38.231 -85.714  0.88
7 11  4.0 38.233 -85.709  38.23 -85.711  0.32
1 13  6.0 38.23 -85.708  38.233 -85.712  0.311
7 20  9.0 38.232 -85.709  38.231 -85.711  0.19
6 17  3.0 38.232 -85.71  38.232 -85.71  0.06
6 12  3.0 38.232 -85.71  38.232 -85.71  0.062
1 15  3.0 38.232 -85.71  38.232 -85.71  0.3
1 21  3.0 38.232 -85.71  38.232 -85.71  1.678
3 14  4.0 38.232 -85.71  38.232 -85.71  0.062
3 15  4.0 38.232 -85.71  38.232 -85.71  0.1
4 13  4.0 38.231 -85.708  38.233 -85.712  0.25
6 17  4.0 38.232 -85.71  38.232 -85.71  0.33
1 11  4.0 38.232 -85.71  38.232 -85.71  0.684
1 19  4.0 38.232 -85.71  38.232 -85.71  0.684
5 19  5.0 38.231 -85.708  38.233 -85.712  0.26
2 12  5.0 38.232 -85.71  38.232 -85.71  0.31
1 12  5.0 38.232 -85.71  38.232 -85.71  0.34
6 19  6.0 38.232 -85.71  38.232 -85.71  0.062
2 9  6.0 38.232 -85.71  38.232 -85.71  0.17
6 15  6.0 38.232 -85.71  38.232 -85.71  0.42
6 7  6.0 38.232 -85.71  38.232 -85.71  0.5
2 18  6.0 38.232 -85.71  38.232 -85.71  0.66
1 19  7.0 38.232 -85.71  38.232 -85.71  0.062
1 18  7.0 38.232 -85.71  38.232 -85.71  0.53
3 13  7.0 38.232 -85.71  38.232 -85.71  0.746
2 20  8.0 38.232 -85.71  38.232 -85.71  0.124
7 22  8.0 38.232 -85.71  38.232 -85.71  0.186
1 15  8.0 38.232 -85.71  38.232 -85.71  0.47
2 18  9.0 38.232 -85.71  38.232 -85.71  0.4
4 9  9.0 38.232 -85.71  38.232 -85.71  0.61
1 19  9.0 38.232 -85.71  38.232 -85.71  0.68
6 16  10.0 38.232 -85.71  38.232 -85.71  0.373
4 21  10.0 38.232 -85.71  38.232 -85.71  0.435
6 20  10.0 38.232 -85.71  38.232 -85.71  0.66
5 14  10.0 38.232 -85.71  38.232 -85.71  0.76
5 20  10.0 38.232 -85.71  38.232 -85.71  0.9
1 19  10.0 38.232 -85.71  38.232 -85.71  0.91
2 11  11.0 38.232 -85.71  38.232 -85.71  1.367
1 13  12.0 38.232 -85.71  38.232 -85.71  0.67
6 19  13.0 38.232 -85.71  38.232 -85.71  1.04
7 14  14.0 38.232 -85.71  38.232 -85.71  0.85
2 12  15.0 38.232 -85.71  38.232 -85.71  0.21
3 17  15.0 38.232 -85.71  38.232 -85.71  1.07
6 16  15.0 38.232 -85.71  38.232 -85.71  1.52
3 17  20.0 38.232 -85.71  38.232 -85.71  2.02
6 13  21.0 38.232 -85.71  38.232 -85.71  1.59
1 15  22.0 38.232 -85.708  38.232 -85.712  1.19
2 17  23.0 38.232 -85.71  38.232 -85.71  2.16
6 18  25.0 38.232 -85.71  38.232 -85.71  1.2
2 6  25.0 38.232 -85.71  38.232 -85.71  2.64
2 17  26.0 38.