7 15  36.0 38.257 -85.766  38.241 -85.734  3.11
6 18  12.0 38.223 -85.764  38.238 -85.735  2.43
4 16  22.0 38.246 -85.766  38.239 -85.731  2.66
7 18  27.0 38.245 -85.763  38.241 -85.734  2.361
1 11  12.0 38.254 -85.763  38.242 -85.734  1.89
7 21  32.0 38.221 -85.763  38.239 -85.733  3.08
7 21  33.0 38.221 -85.763  38.239 -85.733  3.18
3 4  15.0 38.227 -85.763  38.24 -85.732  2.47
2 18  7.0 38.251 -85.76  38.242 -85.735  1.41
4 14  40.0 38.257 -85.764  38.239 -85.731  2.85
7 3  12.0 38.225 -85.762  38.24 -85.732  2.35
7 9  12.0 38.226 -85.761  38.24 -85.733  2.61
6 8  13.0 38.225 -85.762  38.241 -85.732  2.66
6 8  13.0 38.226 -85.762  38.24 -85.732  2.672
5 9  11.0 38.228 -85.759  38.239 -85.735  2.61
4 3  12.0 38.227 -85.76  38.24 -85.734  2.2
1 22  19.0 38.229 -85.76  38.242 -85.734  2.353
1 19  12.0 38.248 -85.759  38.239 -85.735  1.864
1 15  10.0 38.249 -85.759  38.242 -85.735  1.88
1 17  8.0 38.251 -85.759  38.242 -85.735  1.62
7 9  10.0 38.251 -85.759  38.242 -85.735  1.77
7 14  42.0 38.257 -85.763  38.24 -85.731  3.17
5 4  12.0 38.223 -85.76  38.239 -85.733  2.21
5 9  13.0 38.225 -85.76  38.24 -85.733  2.672
4 16  12.0 38.248 -85.758  38.238 -85.735  1.72
1 22  11.0 38.25 -85.758  38.242 -85.735  1.678
6 19  8.0 38.251 -85.758  38.242 -85.735  1.52
1 14  18.0 38.257 -85.758  38.238 -85.735  2.63
6 9  25.0 38.256 -85.762  38.241 -85.731  2.919
6 4  15.0 38.22 -85.761  38.241 -85.731  2.61
5 9  14.0 38.224 -85.761  38.24 -85.731  2.734
7 9  14.0 38.224 -85.76  38.24 -85.732  2.734
2 5  12.0 38.226 -85.76  38.24 -85.732  2.3
1 13  16.0 38.25 -85.76  38.239 -85.732  2.74
6 18  10.0 38.252 -85.757  38.242 -85.735  1.72
2 13  12.0 38.252 -85.759  38.242 -85.733  1.44
4 16  12.0 38.252 -85.757  38.242 -85.735  1.68
6 18  13.0 38.252 -85.759  38.242 -85.733  1.926
1 14  24.0 38.257 -85.757  38.238 -85.735  2.58
3 4  13.0 38.225 -85.76  38.24 -85.731  2.6
4 4  11.0 38.226 -85.76  38.24 -85.731  2.31
7 5  12.0 38.226 -85.76  38.24 -85.731  2.26
4 5  13.0 38.226 -85.76  38.24 -85.731  2.25
3 5  13.0 38.226 -85.76  38.24 -85.731  2.32
7 8  13.0 38.226 -85.76  38.24 -85.731  2.672
7 5  11.0 38.226 -85.76  38.241 -85.731  2.29
6 4  11.0 38.226 -85.76  38.241 -85.731  2.35
4 5  13.0 38.226 -85.76  38.241 -85.731  2.42
5 9  15.0 38.226 -85.76  38.241 -85.731  2.57
6 6  15.0 38.226 -85.76  38.241 -85.731  2.67
7 17  15.0 38.231 -85.76  38.24 -85.731  1.864
6 18  17.0 38.248 -85.76  38.24 -85.731  2.485
5 19  11.0 38.25 -85.757  38.241 -85.734  1.53
1 18  8.0 38.25 -85.756  38.242 -85.735  1.59
7 22  10.0 38.251 -85.756  38.242 -85.735  1.678
5 15  15.0 38.253 -85.757  38.24 -85.734  2.4
3 21  10.0 38.252 -85.756  38.242 -85.735  1.926
7 12  22.0 38.252 -85.758  38.242 -85.733  2.67
3 13  13.0 38.256 -85.757  38.239 -85.734  2.29
4 8  13.0 38.221 -85.759  38.24 -85.731  2.672
5 16  35.0 38.229 -85.756  38.242 -85.734  2.22
1 18  18.0 38.248 -85.757  38.242 -85.733  2.16
6 23  9.0 38.253 -85.755  38.242 -85.735  1.63
7 13  16.0 38.261 -85.759  38.24 -85.731  1.802
2 4  13.0 38.223 -85.757  38.24 -85.732  2.31
5 8  15.0 38.244 -85.758  38.241 -85.731  1.445
7 18  16.0 38.253 -85.757  38.241 -85.732  2.485
1 20  14.0 38.253 -85.757  38.242 -85.732  2.423
3 6  11.0 38.232 -85.757  38.238 -85.731  1.88
2 14  15.0 38.241 -85.753  38.242 -85.735  1.2
7 15  26.0 38.242 -85.755  38.242 -85.733  2.84
2 22  7.0 38.251 -85.753  38.242 -85.735  1.491
5 13  11.0 38.251 -85.757  38.242 -85.731  1.62
7 20  11.0 38.251 -85.753  38.242 -85.735  1.83
7 13  21.0 38.253 -85.757  38.24 -85.731  2.485
3 17  12.0 38.256 -85.754  38.239 -85.734  2.19
5 20  13.0 38.25 -85.756  38.24 -85.731  1.685
6 13  14.0 38.256 -85.756  38.238 -85.731  2.06
1 22  14.0 38.254 -85.752  38.24 -85.735  2.485
2 15  22.0 38.211 -85.755  38.242 -85.731  3.94
4 10  15.0 38.223 -85.755  38.24 -85.731  2.734
6 14  18.0 38.245 -85.755  38.24 -85.731  3.17
7 21  22.0 38.25 -85.753  38.239 -85.733  2.26
7 20  30.0 38.25 -85.753  38.239 -85.733  2.5
1 18  28.0 38.252 -85.753  38.24 -85.733  0.373
7 16  56.0 38.251 -85.754  38.242 -85.732  1.63
2 17  12.0 38.235 -85.751  38.238 -85.734  1.76
2 7  5.0 38.241 -85.752  38.24 -85.733  0.71
4 12  10.0 38.245 -85.75  38.239 -85.735  1.28
3 12  36.0 38.244 -85.75  38.241 -85.735  1.056
7 19  20.0 38.253 -85.753  38.241 -85.732  2.05
4 15  6.0 38.243 -85.751  38.242 -85.733  0.99
7 13  13.0 38.247 -85.751  38.239 -85.733  2.18
4 17  19.0 38.254 -85.751  38.239 -85.733  1.581
2 14  22.0 38.234 -85.751  38.238 -85.732  2.65
2 13  14.0 38.253 -85.748  38.239 -85.735  1.56
3 10  5.0 38.241 -85.748  38.241 -85.734  0.91
6 14  16.0 38.25 -85.751  38.24 -85.731  1.61
4 17  46.0 38.252 -85.75  38.238 -85.732  2.734
2 17  13.0 38.256 -85.751  38.24 -85.731  1.526
5 16  7.0 38.248 -85.747  38.239 -85.733  0.98
5 20  11.0 38.254 -85.746  38.24 -85.734  0.124
2 12  16.0 38.254 -85.749  38.24 -85.731  2.04
6 3  34.0 38.256 -85.745  38.242 -85.735  2.77
2 15  13.0 38.254 -85.748  38.24 -85.731  0.124
4 13  10.0 38.253 -85.745  38.242 -85.734  1.52
6 15  11.0 38.219 -85.743  38.241 -85.735  1.9
1 17  6.0 38.232 -85.743  38.238 -85.735  0.994
6 13  10.0 38.239 -85.747  38.241 -85.731  0.89
7 17  15.0 38.257 -85.746  38.239 -85.732  0.97
1 16  28.0 38.241 -85.746  38.241 -85.731  3.6
2 15  8.0 38.239 -85.745  38.24 -85.731  1.13
6 8  7.0 38.246 -85.745  38.24 -85.731  1.14
3 15  6.0 38.246 -85.741  38.242 -85.735  0.621
2 14  12.0 38.253 -85.745  38.24 -85.731  1.74
2 14  12.0 38.254 -85.745  38.24 -85.731  1.8
7 6  6.0 38.252 -85.744  38.241 -85.731  1.28
6 16  6.0 38.246 -85.741  38.24 -85.733  0.73
1 20  40.0 38.253 -85.741  38.239 -85.733  1.96
1 20  33.0 38.261 -85.74  38.238 -85.734  2.27
6 22  12.0 38.215 -85.742  38.24 -85.731  1.87
5 16  4.0 38.232 -85.738  38.242 -85.735  0.76
6 17  26.0 38.256 -85.742  38.24 -85.731  2.672
1 10  28.0 38.236 -85.737  38.238 -85.735  1.47
4 18  6.0 38.238 -85.737  38.238 -85.735  0.13
6 14  20.0 38.238 -85.737  38.238 -85.735  2.65
1 13  15.0 38.236 -85.737  38.241 -85.735  0.94
5 15  3.0 38.236 -85.737  38.242 -85.735  0.51
5 14  19.0 38.236 -85.737  38.242 -85.735  1.36
7 15  20.0 38.24 -85.737  38.238 -85.735  1.31
4 11  31.0 38.242 -85.741  38.24 -85.731  2.3
7 14  15.0 38.253 -85.74  38.239 -85.732  1.62
6 13  9.0 38.254 -85.741  38.239 -85.731  1.62
7 20  7.0 38.255 -85.737  38.24 -85.735  1.16
2 15  9.0 38.256 -85.739  38.242 -85.733  0.959
2 16  11.0 38.257 -85.741  38.242 -85.731  1.55
7 20  21.0 38.233 -85.736  38.239 -85.735  0.684
5 19  4.0 38.238 -85.737  38.238 -85.734  0.43
4 14  12.0 38.238 -85.736  38.238 -85.735  0.46
7 8  27.0 38.238 -85.736  38.238 -85.735  1.53
7 20  45.0 38.239 -85.736  38.238 -85.735  4.412
6 7  11.0 38.242 -85.737  38.241 -85.734  0.65
1 12  8.0 38.253 -85.737  38.238 -85.734  1.39
7 14  15.0 38.252 -85.739  38.239 -85.732  1.62
3 11  12.0 38.256 -85.74  38.239 -85.731  1.62
2 17  6.0 38.23 -85.736  38.239 -85.734  0.746
5 19  35.0 38.234 -85.735  38.238 -85.735  4.69
4 10  5.0 38.236 -85.737  38.24 -85.733  0.746
7 19  2.0 38.238 -85.736  38.24 -85.734  0.21
2 17  9.0 38.239 -85.735  38.239 -85.735  1.02
6 8  18.0 38.239 -85.736  38.239 -85.734  0.71
2 15  18.0 38.239 -85.735  38.239 -85.735  1.25
1 16  20.0 38.239 -85.735  38.239 -85.735  0.97
6 10  27.0 38.239 -85.735  38.239 -85.735  3.47
5 23  49.0 38.239 -85.735  38.239 -85.735  5.05
1 15  14.0 38.24 -85.735  38.241 -85.735  0.34
2 5  13.0 38.241 -85.735  38.241 -85.735  0.64
2 22  4.0 38.242 -85.735  38.242 -85.735  0.559
5 16  30.0 38.242 -85.735  38.242 -85.735  3.34
5 16  34.0 38.242 -85.735  38.242 -85.735  3.57
5 19  5.0 38.243 -85.735  38.242 -85.735  0.186
1 12  8.0 38.253 -85.736  38.239 -85.734  1.34
6 19  8.0 38.253 -85.736  38.241 -85.734  1.49
5 16  10.0 38.256 -85.738  38.239 -85.732  0.808
4 19  8.0 38.226 -85.738  38.24 -85.731  0.124
1 6  21.0 38.234 -85.735  38.238 -85.734  2.41
3 9  2.0 38.241 -85.736  38.239 -85.733  0.29
7 16  6.0 38.241 -85.736  38.239 -85.733  0.41
3 13  19.0 38.241 -85.735  38.239 -85.734  0.62
1 11  30.0 38.241 -85.738  38.241 -85.731  3.364
7 12  22.0 38.241 -85.734  38.242 -85.735  2.548
1 14  7.0 38.253 -85.734  38.238 -85.735  1.36
4 14  10.0 38.252 -85.738  38.24 -85.731  1.243
5 12  10.0 38