6 12  28.0 38.247 -85.765  38.227 -85.709  4.04
4 3  30.0 38.223 -85.763  38.227 -85.709  3.66
3 18  22.0 38.223 -85.764  38.227 -85.706  4.491
4 3  30.0 38.227 -85.761  38.227 -85.708  3.49
2 17  30.0 38.251 -85.76  38.225 -85.709  3.92
7 16  26.0 38.231 -85.761  38.225 -85.707  2.95
4 18  50.0 38.242 -85.76  38.227 -85.708  4.84
4 12  27.0 38.22 -85.758  38.224 -85.709  3.39
3 13  27.0 38.245 -85.762  38.226 -85.704  4.31
4 10  51.0 38.253 -85.758  38.227 -85.708  3.72
6 15  22.0 38.22 -85.757  38.224 -85.708  3.75
7 7  22.0 38.22 -85.756  38.224 -85.709  4.24
7 11  25.0 38.251 -85.759  38.228 -85.706  3.66
7 22  28.0 38.248 -85.758  38.228 -85.706  2.61
3 13  40.0 38.254 -85.76  38.228 -85.704  4.39
3 17  16.0 38.211 -85.753  38.228 -85.709  3.29
4 14  24.0 38.22 -85.752  38.224 -85.709  3.68
1 12  38.0 38.232 -85.757  38.227 -85.704  3.604
4 13  19.0 38.254 -85.752  38.227 -85.709  3.11
3 14  19.0 38.242 -85.753  38.228 -85.707  3.82
7 8  29.0 38.219 -85.754  38.227 -85.705  3.2
2 18  22.0 38.255 -85.754  38.227 -85.705  0.39
1 11  21.0 38.225 -85.752  38.227 -85.705  3.78
7 15  21.0 38.253 -85.752  38.227 -85.704  3.155
3 11  20.0 38.255 -85.747  38.224 -85.708  3.39
3 18  16.0 38.237 -85.748  38.225 -85.706  2.89
5 5  14.0 38.252 -85.747  38.228 -85.707  2.53
2 19  17.0 38.219 -85.747  38.228 -85.705  2.99
5 23  34.0 38.255 -85.747  38.227 -85.704  3.41
3 16  20.0 38.257 -85.744  38.226 -85.707  3.08
6 12  19.0 38.216 -85.742  38.224 -85.707  2.19
6 12  15.0 38.239 -85.743  38.226 -85.706  2.17
2 8  18.0 38.239 -85.743  38.226 -85.705  2.63
7 19  36.0 38.249 -85.738  38.225 -85.709  3.34
1 12  15.0 38.253 -85.74  38.228 -85.706  2.86
1 10  32.0 38.206 -85.737  38.227 -85.708  2.77
4 8  35.0 38.216 -85.739  38.225 -85.706  4.23
4 7  37.0 38.217 -85.739  38.226 -85.706  5.09
4 17  25.0 38.259 -85.736  38.225 -85.708  3.43
6 17  15.0 38.239 -85.737  38.224 -85.706  2.58
7 23  15.0 38.25 -85.738  38.228 -85.705  2.92
5 13  23.0 38.242 -85.738  38.226 -85.704  2.36
4 17  23.0 38.261 -85.735  38.227 -85.706  3.31
6 18  10.0 38.226 -85.732  38.227 -85.708  1.49
6 17  16.0 38.221 -85.735  38.228 -85.704  2.24
1 9  15.0 38.239 -85.732  38.226 -85.707  1.99
7 20  20.0 38.254 -85.73  38.226 -85.708  3.231
1 9  15.0 38.24 -85.73  38.226 -85.707  2.02
3 15  14.0 38.246 -85.729  38.225 -85.707  2.6
4 13  28.0 38.246 -85.73  38.225 -85.706  3.42
2 18  14.0 38.246 -85.731  38.228 -85.705  2.361
4 16  14.0 38.227 -85.73  38.225 -85.705  1.51
4 8  10.0 38.233 -85.726  38.227 -85.708  1.5
7 13  43.0 38.235 -85.728  38.226 -85.706  2.51
2 12  17.0 38.243 -85.729  38.228 -85.705  1.89
7 18  13.0 38.235 -85.724  38.227 -85.709  1.601
6 10  29.0 38.238 -85.725  38.226 -85.708  2.98
7 17  8.0 38.239 -85.724  38.227 -85.709  1.43
4 20  8.0 38.241 -85.725  38.227 -85.708  0.81
5 15  14.0 38.241 -85.725  38.227 -85.708  1.97
6 19  26.0 38.241 -85.725  38.227 -85.708  1.51
6 19  27.0 38.241 -85.725  38.227 -85.708  1.52
4 17  47.0 38.241 -85.725  38.227 -85.708  2.88
4 17  49.0 38.241 -85.725  38.227 -85.708  1.75
7 13  9.0 38.242 -85.725  38.227 -85.708  1.74
4 21  13.0 38.246 -85.728  38.227 -85.705  0.062
7 16  9.0 38.24 -85.725  38.224 -85.707  1.43
1 12  26.0 38.238 -85.725  38.228 -85.707  4.11
1 12  26.0 38.242 -85.724  38.227 -85.708  1.73
3 11  16.0 38.243 -85.728  38.228 -85.704  1.72
7 16  19.0 38.234 -85.724  38.224 -85.707  1.28
6 20  27.0 38.238 -85.727  38.227 -85.704  4.101
7 14  28.0 38.239 -85.722  38.228 -85.709  3.11
7 20  11.0 38.242 -85.723  38.227 -85.708  1.6
1 16  26.0 38.242 -85.727  38.228 -85.704  1.57
4 18  14.0 38.244 -85.727  38.227 -85.704  2.03
3 5  11.0 38.231 -85.724  38.224 -85.706  1.51
5 17  10.0 38.236 -85.722  38.225 -85.708  1.31
7 21  10.0 38.241 -85.724  38.226 -85.706  1.49
1 5  16.0 38.242 -85.726  38.228 -85.704  2.17
5 21  17.0 38.237 -85.724  38.224 -85.705  1.864
7 21  17.0 38.237 -85.722  38.225 -85.707  1.678
5 19  14.0 38.239 -85.721  38.225 -85.708  2.3
5 18  18.0 38.239 -85.722  38.226 -85.707  2.06
5 18  18.0 38.239 -85.722  38.226 -85.707  2.14
6 20  9.0 38.241 -85.721  38.225 -85.708  1.34
6 14  13.0 38.242 -85.722  38.224 -85.707  1.6
5 8  30.0 38.238 -85.722  38.228 -85.707  3.4
1 17  11.0 38.232 -85.72  38.226 -85.708  0.621
7 19  10.0 38.234 -85.719  38.226 -85.709  1.5
1 20  28.0 38.236 -85.72  38.226 -85.708  3.13
5 16  8.0 38.238 -85.719  38.225 -85.709  1.325
1 20  12.0 38.238 -85.72  38.226 -85.708  1.17
7 22  16.0 38.239 -85.722  38.228 -85.706  1.12
1 11  7.0 38.228 -85.719  38.227 -85.708  0.84
7 11  11.0 38.233 -85.718  38.225 -85.709  1.243
1 19  20.0 38.231 -85.721  38.227 -85.706  2.05
5 17  18.0 38.236 -85.719  38.227 -85.708  2.38
7 14  30.0 38.236 -85.718  38.227 -85.709  3.38
4 16  15.0 38.241 -85.723  38.224 -85.704  2.31
7 17  10.0 38.239 -85.721  38.227 -85.706  1.38
6 20  8.0 38.235 -85.721  38.228 -85.705  0.684
3 11  10.0 38.237 -85.72  38.226 -85.706  1.32
1 7  13.0 38.236 -85.717  38.227 -85.709  1.56
7 15  9.0 38.242 -85.72  38.226 -85.706  1.4
5 17  18.0 38.24 -85.719  38.228 -85.707  2.41
1 17  10.0 38.235 -85.717  38.226 -85.708  1.35
3 17  7.0 38.235 -85.721  38.227 -85.704  1.17
1 0  12.0 38.237 -85.72  38.225 -85.705  1.57
2 9  18.0 38.235 -85.717  38.227 -85.708  1.2
2 9  18.0 38.235 -85.717  38.227 -85.708  1.55
2 9  19.0 38.235 -85.717  38.227 -85.708  1.26
2 9  26.0 38.235 -85.717  38.227 -85.708  1.56
4 21  25.0 38.236 -85.716  38.227 -85.709  1.802
1 17  22.0 38.237 -85.716  38.227 -85.709  1.41
6 17  12.0 38.236 -85.718  38.224 -85.706  1.61
1 3  10.0 38.236 -85.716  38.227 -85.708  0.88
6 20  9.0 38.239 -85.719  38.228 -85.705  1.367
5 17  3.0 38.227 -85.714  38.227 -85.709  0.18
1 21  5.0 38.229 -85.714  38.228 -85.709  1.43
7 15  8.0 38.234 -85.715  38.225 -85.708  0.92
1 6  9.0 38.233 -85.717  38.226 -85.706  0.78
1 18  13.0 38.231 -85.718  38.228 -85.705  1.03
6 17  12.0 38.236 -85.717  38.224 -85.706  1.68
3 14  25.0 38.236 -85.717  38.225 -85.706  2.72
1 12  6.0 38.235 -85.715  38.227 -85.708  0.8
7 22  14.0 38.236 -85.717  38.227 -85.706  1.74
2 17  12.0 38.223 -85.714  38.224 -85.708  0.21
2 16  14.0 38.227 -85.714  38.227 -85.708  0.43
2 8  6.0 38.229 -85.717  38.227 -85.705  0.66
1 3  10.0 38.233 -85.716  38.226 -85.706  0.89
5 8  9.0 38.235 -85.715  38.225 -85.707  0.746
3 9  8.0 38.238 -85.716  38.224 -85.706  1.37
1 12  5.0 38.236 -85.714  38.227 -85.708  0.82
1 22  18.0 38.236 -85.716  38.227 -85.706  1.98
1 0  9.0 38.219 -85.714  38.227 -85.707  1.11
5 15  4.0 38.225 -85.713  38.224 -85.708  0.31
2 15  6.0 38.225 -85.713  38.226 -85.708  0.44
1 8  5.0 38.231 -85.712  38.225 -85.709  0.56
1 12  8.0 38.23 -85.717  38.226 -85.704  1.12
7 13  21.0 38.232 -85.716  38.225 -85.705  2.17
1 9  5.0 38.233 -85.712  38.225 -85.709  0.563
5 13  11.0 38.234 -85.714  38.225 -85.707  1.25
6 14  6.0 38.228 -85.712  38.227 -85.708  1.678
1 16  3.0 38.229 -85.712  38.227 -85.708  0.36
1 12  3.0 38.229 -85.711  38.228 -85.709  0.08
4 16  4.0 38.23 -85.713  38.228 -85.707  0.56
5 12  10.0 38.232 -85.711  38.227 -85.709  0.336
7 12  5.0 38.233 -85.711  38.228 -85.709  0.64
1 5  11.0 38.234 -85.716  38.228 -85.704  1.93
3 15  6.0 38.223 -85.71  38.225 -85.709  0.61
2 16  23.0 38.225 -85.711  38.226 -85.708  1.67
5 19  9.0 38.225 -85.711  38.227 -85.708  0.435
1 17  9.0 38.224 -85.71  38.228 -85.709  1.01
3 13  9.0 38.227 -85.711  38.226 -85.708  0.72
7 14  28.0 38.229 -85.71  38.226 -85.709  3.67
3 17  6.0 38.233 -85.713  38.224 -85.706  0.79
2 17  11.0 38.236 -85.714  38.226 -85.705  1.55
6 16  30.0 38.237 -85.713  38.225 -85.706  2.8
2 17  7.0 38.22 -85.709  38.228 -85.709  0.559
3 14  13.0 38.223 -85.71  38.227 -85.708  0.71
7 14  13.0 38.223 -85.71  38.227 -85.708  1.305
7 19  8.0 38.224 -85.71  38.227 -85.708  0.69
4 14  33.0 38.224 -85.71  38.227 -85.708  3.28
3 22  6.0 38.226 -85.709  38.227 -85.709  0.124
3 6  3.0 38.227 -85.709  38.227 -85.709  0.4
4 15  5.0 38.227 -85.709  38.227 -85.709  0.83
7 16  8.0 38.227 -85.709  38.227 -85.709  0.82
4 21  9.0 38.227 -85.709  38.227 -85.709  0.66
4 21  9.0 38.227 -85.709  38.227 -85.709  0.69
4 14  9.0 38.227 -85.709  38.227 -85.709  1.39
1 0  10.0 38.227 -85.709  38.227 -85.709  0.11
1 14  10.0 38.227 -85.709  38.227 