3 7  14.0 38.244 -85.774  38.246 -85.745  1.63
5 18  11.0 38.244 -85.771  38.245 -85.743  1.6
1 7  9.0 38.249 -85.767  38.246 -85.745  1.248
5 15  9.0 38.247 -85.767  38.245 -85.743  1.23
3 12  17.0 38.249 -85.769  38.243 -85.741  1.58
7 12  17.0 38.221 -85.765  38.244 -85.744  2.2
5 18  10.0 38.246 -85.765  38.245 -85.744  1.15
7 14  15.0 38.229 -85.763  38.243 -85.745  1.76
5 15  12.0 38.246 -85.767  38.244 -85.741  1.37
5 16  7.0 38.246 -85.764  38.245 -85.744  0.61
5 20  9.0 38.247 -85.766  38.245 -85.742  1.4
5 15  16.0 38.247 -85.764  38.245 -85.744  1.84
5 16  13.0 38.25 -85.766  38.245 -85.742  1.03
6 11  10.0 38.245 -85.765  38.245 -85.742  1.09
7 12  22.0 38.251 -85.762  38.245 -85.745  1.19
1 20  16.0 38.221 -85.761  38.243 -85.745  2.299
6 23  45.0 38.22 -85.762  38.244 -85.744  2.98
3 17  21.0 38.226 -85.764  38.245 -85.742  2.58
5 11  15.0 38.232 -85.763  38.246 -85.743  1.85
5 16  15.0 38.244 -85.762  38.245 -85.744  1.056
4 13  13.0 38.252 -85.761  38.244 -85.745  1.4
7 23  45.0 38.253 -85.761  38.244 -85.745  3.853
3 10  11.0 38.258 -85.763  38.245 -85.743  1.61
6 5  19.0 38.227 -85.76  38.246 -85.745  1.81
5 12  13.0 38.231 -85.762  38.244 -85.743  1.96
6 18  13.0 38.248 -85.763  38.243 -85.742  1.57
6 17  19.0 38.249 -85.764  38.245 -85.741  1.4
7 22  17.0 38.251 -85.764  38.244 -85.741  2.672
7 9  24.0 38.257 -85.762  38.245 -85.743  1.95
1 19  27.0 38.233 -85.759  38.245 -85.745  3.915
2 5  11.0 38.235 -85.76  38.246 -85.744  1.51
7 18  16.0 38.238 -85.759  38.244 -85.745  1.37
6 18  10.0 38.246 -85.761  38.244 -85.743  1.01
4 11  7.0 38.248 -85.759  38.243 -85.745  0.93
4 18  7.0 38.245 -85.76  38.246 -85.744  1.0
2 10  17.0 38.227 -85.759  38.243 -85.744  2.299
6 15  20.0 38.232 -85.761  38.245 -85.742  2.55
5 16  26.0 38.233 -85.758  38.244 -85.745  3.78
3 14  14.0 38.239 -85.76  38.245 -85.743  0.062
7 16  13.0 38.243 -85.761  38.243 -85.742  1.23
1 8  6.0 38.243 -85.76  38.245 -85.743  0.88
6 17  7.0 38.248 -85.759  38.243 -85.744  0.77
7 16  15.0 38.246 -85.762  38.245 -85.741  1.3
5 17  9.0 38.253 -85.758  38.244 -85.745  1.09
3 16  15.0 38.254 -85.758  38.243 -85.745  0.746
6 13  23.0 38.252 -85.76  38.245 -85.743  1.26
7 15  9.0 38.256 -85.758  38.243 -85.745  1.54
7 9  25.0 38.256 -85.761  38.244 -85.742  2.12
3 13  20.0 38.223 -85.761  38.244 -85.741  2.72
5 8  11.0 38.225 -85.757  38.245 -85.745  1.85
3 15  15.0 38.237 -85.758  38.246 -85.744  2.06
1 21  29.0 38.244 -85.758  38.245 -85.744  2.051
7 16  16.0 38.246 -85.761  38.245 -85.741  1.24
6 14  10.0 38.249 -85.757  38.246 -85.745  0.83
3 20  11.0 38.251 -85.758  38.245 -85.744  1.243
5 22  14.0 38.252 -85.758  38.244 -85.744  2.37
5 16  18.0 38.253 -85.757  38.243 -85.745  1.616
6 17  28.0 38.254 -85.759  38.245 -85.743  2.113
6 9  46.0 38.253 -85.758  38.246 -85.744  2.22
7 23  55.0 38.256 -85.758  38.244 -85.744  4.971
4 15  8.0 38.229 -85.757  38.245 -85.744  1.2
3 13  20.0 38.237 -85.756  38.246 -85.745  1.429
7 8  7.0 38.244 -85.759  38.245 -85.742  1.04
7 22  17.0 38.245 -85.759  38.245 -85.742  2.237
6 14  11.0 38.251 -85.756  38.244 -85.745  1.056
4 10  11.0 38.25 -85.759  38.246 -85.742  1.06
5 20  9.0 38.251 -85.757  38.246 -85.744  1.28
1 12  9.0 38.253 -85.757  38.245 -85.744  1.181
2 7  16.0 38.253 -85.757  38.245 -85.744  1.34
6 10  7.0 38.243 -85.757  38.244 -85.743  1.2
5 17  23.0 38.244 -85.756  38.245 -85.744  0.94
5 15  29.0 38.247 -85.759  38.243 -85.741  1.13
2 13  37.0 38.247 -85.758  38.243 -85.742  2.95
4 16  8.0 38.247 -85.755  38.244 -85.745  0.57
6 13  10.0 38.247 -85.756  38.244 -85.744  0.96
7 23  20.0 38.248 -85.759  38.243 -85.741  3.045
3 20  7.0 38.247 -85.757  38.245 -85.743  0.83
4 13  8.0 38.249 -85.756  38.243 -85.744  1.09
5 18  13.0 38.246 -85.759  38.246 -85.741  1.118
7 12  28.0 38.247 -85.759  38.246 -85.741  0.56
7 22  50.0 38.25 -85.756  38.245 -85.744  2.945
4 15  9.0 38.251 -85.756  38.245 -85.744  0.9
6 22  11.0 38.251 -85.757  38.245 -85.743  1.181
6 12  5.0 38.254 -85.755  38.245 -85.745  1.33
6 21  35.0 38.254 -85.758  38.245 -85.742  0.186
4 16  9.0 38.256 -85.756  38.244 -85.744  1.61
4 12  14.0 38.259 -85.756  38.246 -85.744  1.62
5 14  28.0 38.215 -85.757  38.245 -85.742  2.672
1 15  54.0 38.223 -85.754  38.244 -85.745  4.05
5 15  14.0 38.229 -85.757  38.245 -85.742  2.0
7 16  14.0 38.233 -85.755  38.243 -85.744  1.07
2 14  9.0 38.234 -85.757  38.244 -85.742  1.056
3 7  34.0 38.242 -85.758  38.244 -85.741  1.66
2 19  9.0 38.245 -85.755  38.243 -85.744  0.72
2 17  6.0 38.25 -85.756  38.243 -85.743  1.09
6 10  9.0 38.249 -85.757  38.245 -85.742  1.056
7 22  15.0 38.251 -85.757  38.243 -85.742  1.74
6 12  7.0 38.252 -85.755  38.243 -85.744  1.26
1 18  7.0 38.251 -85.755  38.245 -85.744  0.932
7 20  16.0 38.251 -85.757  38.245 -85.742  1.74
1 9  24.0 38.25 -85.755  38.246 -85.744  1.24
5 13  11.0 38.253 -85.757  38.245 -85.742  1.34
3 15  12.0 38.255 -85.754  38.243 -85.745  1.45
7 8  7.0 38.254 -85.757  38.245 -85.742  1.37
5 16  10.0 38.256 -85.754  38.243 -85.745  0.808
5 12  15.0 38.254 -85.757  38.245 -85.742  1.616
1 15  11.0 38.255 -85.757  38.246 -85.742  1.37
7 12  19.0 38.256 -85.757  38.245 -85.742  1.64
6 16  25.0 38.257 -85.757  38.245 -85.742  1.93
3 13  6.0 38.237 -85.754  38.246 -85.744  1.13
6 15  16.0 38.243 -85.757  38.243 -85.741  0.87
4 8  5.0 38.245 -85.753  38.244 -85.745  0.5
3 11  8.0 38.245 -85.755  38.244 -85.743  0.684
6 16  11.0 38.245 -85.756  38.244 -85.742  1.04
3 16  7.0 38.246 -85.754  38.245 -85.744  0.57
6 6  15.0 38.246 -85.757  38.245 -85.741  0.87
5 13  5.0 38.247 -85.754  38.245 -85.744  0.54
6 23  27.0 38.249 -85.757  38.243 -85.741  3.48
2 15  11.0 38.25 -85.756  38.243 -85.742  0.874
5 14  19.0 38.248 -85.754  38.245 -85.744  0.73
6 15  16.0 38.251 -85.756  38.245 -85.742  1.3
7 10  18.0 38.252 -85.757  38.244 -85.741  1.34
6 14  19.0 38.252 -85.757  38.244 -85.741  1.48
1 6  5.0 38.251 -85.757  38.246 -85.741  1.118
7 14  5.0 38.252 -85.753  38.246 -85.745  0.79
2 19  5.0 38.253 -85.753  38.245 -85.745  0.99
4 15  9.0 38.252 -85.756  38.246 -85.742  1.26
7 8  16.0 38.253 -85.757  38.245 -85.741  1.32
7 23  16.0 38.253 -85.755  38.245 -85.743  1.802
7 8  17.0 38.253 -85.757  38.245 -85.741  1.35
7 14  19.0 38.253 -85.757  38.245 -85.741  1.367
7 17  11.0 38.254 -85.754  38.245 -85.744  1.293
2 22  12.0 38.253 -85.757  38.246 -85.741  1.305
4 12  18.0 38.257 -85.753  38.243 -85.745  1.53
4 23  11.0 38.258 -85.754  38.243 -85.744  1.33
6 13  6.0 38.236 -85.753  38.243 -85.744  0.82
7 11  5.0 38.238 -85.754  38.243 -85.743  0.994
2 19  6.0 38.237 -85.753  38.245 -85.744  0.93
7 16  17.0 38.236 -85.755  38.246 -85.742  1.27
2 15  4.0 38.246 -85.752  38.243 -85.745  0.66
5 18  13.0 38.244 -85.755  38.245 -85.742  1.07
3 18  3.0 38.246 -85.752  38.245 -85.745  0.07
6 18  18.0 38.247 -85.756  38.245 -85.741  1.181
3 17  5.0 38.248 -85.752  38.245 -85.745  1.0
6 11  7.0 38.249 -85.754  38.244 -85.743  0.92
6 12  8.0 38.249 -85.756  38.245 -85.741  0.99
7 24  7.0 38.251 -85.752  38.246 -85.745  0.559
3 16  8.0 38.252 -85.753  38.245 -85.744  0.994
7 12  19.0 38.252 -85.756  38.246 -85.741  1.87
1 17  15.0 38.257 -85.754  38.245 -85.743  2.858
1 19  46.0 38.257 -85.752  38.245 -85.745  1.38
4 12  14.0 38.226 -85.755  38.245 -85.741  1.78
2 9  8.0 38.231 -85.755  38.245 -85.741  1.429
6 6  13.0 38.233 -85.751  38.243 -85.745  0.994
6 10  12.0 38.233 -85.752  38.245 -85.744  1.802
7 17  19.0 38.233 -85.752  38.246 -85.744  1.292
3 10  6.0 38.245 -85.751  38.244 -85.745  0.31
3 4  4.0 38.247 -85.751  38.243 -85.745  0.6
7 5  14.0 38.247 -85.751  38.244 -85.745  2.03
3 16  10.0 38.248 -85.755  38.245 -85.741  0.932
1 7  5.0 38.248 -85.751  38.246 -85.745  0.401
6 7  7.0 38.248 -85.755  38.246 -85.741  0.79
1 23  10.0 38.25 -85.752  38.246 -85.744  0.684
6 9  13.0 38.254 -85.752  38.244 -85.744  1.18
3 15  15.0 38.255 -85.751  38.244 -85.745  0.855
5 11  46.0 38.255 -85.755  38.244 -85.741  3.54
7 10  7.0 38.256 -85.752  38.244 -85.744  1.08
2 16  11.0 38.258 -85.753  38.245 -85.743  1.38
6 15  16.0 38.258 -85.755  38.245 -85.741  1.61
7 16  11.0 38.227 -85.753  38.244 -85.742  1.76
6 10  8.0 38.232 -85.754  38.245 -85.741  1.553
6 22  39.0 38.235 -85.752  38.243 -85.743  3.92
1 14  10.0 38.235 -85.754  38.245 -85.741  1.58
2 16  46.0 38.235 -85.754  38.246 -85.741  4.66
3 15  17.0 38.24 -85.753  38.245 -85.742  1.32
5 7  11.0 38.244 -85.752  38.244 -85.743  1.29
5 16  16.0 38.245 -85.752  38.244 -85.743  1.54
4 12  6.0 38.244 -85.75  38.246 -85.745  0.56
4 14  12.0 38.246 -85.75  38.244 -85.745  0.808
6 21  14.0 38.246 -85.752  38.245 -85.743  0.56
3 15  4.0 38.25 -85.752  38.245 -85.743  0.8
5 17  7.0 38.249 -85.752  38.246 -85.743  0.465
5 17  5.0 38.25 -85.75  38.246 -85.745  0.52
3 13  5.0 38.25 -85.754  38.246 -85.741  0.76
6 23  16.0 38.251 -85.754  38.245 -85.741  2.113
4 12  13.0 38.253 -85.752  38.244 -85.743  1.28
5 12  12.0 38.254 -85.754  38.245 -85.741  1.1
6 15  40.0 38.226 -85.751  38.245 -85.743  3.293
7 3  32.0 38.231 -85.749  38.244 -85.745  1.05
3 15  9.0 38.233 -85.753  38.245 -85.741  1.102
7 17  15.0 38.235 -85.751  38.245 -85.743  3.355
2 9  3.0 38.247 -85.749  38.243 -85.745  0.31
5 7  5.0 38.246 -85.751  38.246 -85.743  0.43
3 8  3.0 38.247 -85.749  38.246 -85.745  0.237
2 6  6.0 38.247 -85.753  38.246 -85.741  0.76
2 10  5.0 38.25 -85.75  38.245 -85.744  0.5
2 10  11.0 38.252 -85.753  38.243 -85.741  1.22
1 18  14.0 38.253 -85.75  38.243 -85.744  0.11
4 10  5.0 38.251 -85.749  38.246 -85.745  0.74
5 14  7.0 38.256 -85.753  38.243 -85.741  0.89
6 22  13.0 38.254 -85.752  38.245 -85.742  0.746
4 14  14.0 38.254 -85.752  38.245 -85.742  1.04
7 13  6.0 38.255 -85.751  38.245 -85.743  0.746
6 22  7.0 38.255 -85.749  38.245 -85.745  0.94
6 13  12.0 38.256 -85.752  38.245 -85.742  1.33
5 17  13.0 38.255 -85.751  38.246 -85.743  0.621
3 15  9.0 38.256 -85.751  38.246 -85.743  1.05
3 11  5.0 38.238 -85.749  38.244 -85.744  0.74
6 12  7.0 38.241 -85.75  38.245 -85.743  0.61
2 8  5.0 38.244 -85.75  38.245 -85.743  0.435
7 12  3.0 38.245 -85.75  38.245 -85.743  0.56
5 8  5.0 38.246 -85.75  38.244 -85.743  0.54
4 14  11.0 38.247 -85.749  38.244 -85.744  1.181
4 19  7.0 38.249 -85.75  38.245 -85.743  0.685
2 11  7.0 38.254 -85.749  38.244 -85.744  0.8
6 20  4.0 38.255 -85.748  38.246 -85.745  0.92
6 12  10.0 38.228 -85.751  38.244 -85.741  1.58
6 21  37.0 38.242 -85.75  38.243 -85.742  3.43
1 8  5.0 38.243 -85.748  38.243 -85.744  0.16
3 14  3.0 38.245 -85.747  38.244 -85.745  0.15
6 16  31.0 38.245 -85.747  38.244 -85.745  2.67
3 17  6.0 38.245 -85.751  38.245 -85.741  0.69
5 13  4.0 38.249 -85.749  38.243 -85.743  0.72
5 14  5.0 38.247 -85.75  38.245 -85.742  0.497
4 16  6.0 38.247 -85.749  38.246 -85.743  0.47
4 11  4.0 38.248 -85.75  38.246 -85.742  0.371
4 16  5.0 38.249 -85.748  38.246 -85.744  0.37
4 14  6.0 38.25 -85.747  38.245 -85.745  0.81
7 7  21.0 38.253 -85.748  38.245 -85.744  1.55
1 12  47.0 38.256 -85.75  38.243 -85.742  1.89
6 15  49.0 38.229 -85.749  38.245 -85.742  2.796
5 13  10.0 38.233 -85.749  38.245 -85.742  1.243
5 18  10.0 38.235 -85.747  38.244 -85.744  0.746
7 15  6.0 38.241 -85.748  38.244 -85.743  0.684
4 14  6.0 38.241 -85.748  38.245 -85.743  0.36
2 15  4.0 38.243 -85.747  38.245 -85.744  0.34
5 17  37.0 38.244 -85.747  38.244 -85.744  4.32
2 19  17.0 38.245 -85.746  38.244 -85.745  1.99
3 18  7.0 38.245 -85.747  38.245 -85.744  1.17
1 20  6.0 38.245 -85.747  38.246 -85.744  0.99
5 13  7.0 38.246 -85.749  38.245 -85.742  0.497
4 12  37.0 38.246 -85.75  38.245 -85.741  4.69
7 10  19.0 38.253 -85.746  38.244 -85.745  3.231
1 23  8.0 38.256 -85.746  38.243 -85.745  1.08
3 13  31.0 38.221 -85.747  38.245 -85.743  2.65
2 7  4.0 38.236 -85.745  38.245 -85.745  0.56
7 23  31.0 38.242 -85.747  38.243 -85.743  3.79
5 16  4.0 38.243 -85.745  38.243 -85.745  0.09
6 10  13.0 38.243 -85.745  38.243 -85.745  0.39
6 14  13.0 38.243 -85.745  38.243 -85.745  1.243
7 10  38.0 38.243 -85.745  38.243 -85.745  0.932
1 12  4.0 38.243 -85.745  38.244 -85.745  0.23
2 19  4.0 38.244 -85.745  38.244 -85.745  0.435
1 14  6.0 38.244 -85.745  38.244 -85.745  0.2
4 23  10.0 38.244 -85.745  38.244 -85.745  0.932
7 8  15.0 38.244 -85.745  38.244 -85.745  1.02
6 17  36.0 38.244 -85.745  38.244 -85.745  0.32
6 17  41.0 38.244 -85.745  38.244 -85.745  2.52
4 21  4.0 38.246 -85.745  38.243 -85.745  0.249
6 18  7.0 38.244 -85.747  38.245 -85.743  0.249
5 12  7.0 38.245 -85.748  38.244 -85.742  0.52
7 13  15.0 38.246 -85.746  38.243 -85.744  0.9
2 14  3.0 38.245 -85.747  38.245 -85.743  0.28
3 13  4.0 38.245 -85.749  38.245 -85.741  0.559
5 9  4.0 38.248 -85.746  38.243 -85.744  0.29
4 7  5.0 38.245 -85.745  38.246 -85.745  0.24
6 20  5.0 38.248 -85.749  38.246 -85.741  0.14
4 17  5.0 38.249 -85.746  38.246 -85.744  0.37
6 9  4.0 38.251 -85.749  38.245 -85.741  0.63
3 17  5.0 38.252 -85.745  38.244 -85.745  0.48
3 14  5.0 38.254 -85.748  38.245 -85.742  1.0
7 14  32.0 38.255 -85.747  38.245 -85.743  4.101
4 12  13.0 38.219 -85.745  38.246 -85.744  1.93
2 21  7.0 38.234 -85.747  38.245 -85.742  1.03
4 15  21.0 38.238 -85.744  38.246 -85.745  0.746
6 14  8.0 38.241 -85.744  38.244 -85.745  0.28
5 12  9.0 38.239 -85.747  38.246 -85.742  0.84
2 18  49.0 38.241 -85.746  38.245 -85.743  3.39
5 15  4.0 38.241 -85.744  38.246 -85.745  0.63
7 15  12.0 38.243 -85.745  38.244 -85.744  0.41
2 12  14.0 38.243 -85.744  38.244 -85.745  1.04
2 23  17.0 38.244 -85.748  38.243 -85.741  2.57
6 14  3.0 38.243 -85.748  38.245 -85.741  0.52
6 10  4.0 38.243 -85.746  38.245 -85.743  0.26
6 17  8.0 38.243 -85.746  38.245 -85.743  0.93
6 20  11.0 38.244 -85.744  38.244 -85.745  1.118
4 6  4.0 38.243 -85.744  38.246 -85.745  0.28
7 13  3.0 38.247 -85.744  38.244 -85.745  0.225
2 6  4.0 38.248 -85.744  38.244 -85.745  0.35
5 15  12.0 38.249 -85.746  38.244 -85.743  0.91
6 15  13.0 38.249 -85.746  38.246 -85.743  0.43
4 6  5.0 38.25 -85.746  38.246 -85.743  0.497
7 11  11.0 38.254 -85.744  38.246 -85.745  0.68
2 21  16.0 38.258 -85.745  38.244 -85.744  2.423
4 19  19.0 38.241 -85.746  38.244 -85.742  0.56
5 13  46.0 38.242 -85.745  38.243 -85.743  3.29
3 18  3.0 38.243 -85.744  38.243 -85.744  0.055
6 15  9.0 38.243 -85.745  38.245 -85.743  0.28
7 20  13.0 38.245 -85.743  38.243 -85.745  0.88
4 13  16.0 38.243 -85.745  38.245 -85.743  1.181
7 9  31.0 38.243 -85.746  38.245 -85.742  2.64
6 15  4.0 38.245 -85.743  38.244 -85.745  0.17
6 15  6.0 38.244 -85.745  38.245 -85.743  0.19
6 15  6.0 38.245 -85.743  38.244 -85.745  0.24
3 15  4.0 38.244 -85.745  38.246 -85.743  0.16
4 13  4.0 38.245 -85.747  38.245 -85.741  0.311
5 21  5.0 38.247 -85.745  38.243 -85.743  0.73
2 18  43.0 38.245 -85.745  38.245 -85.743  3.54
5 15  5.0 38.247 -85.745  38.244 -85.743  0.76
4 11  6.0 38.246 -85.744  38.246 -85.744  0.684
2 16  9.0 38.246 -85.744  38.246 -85.744  0.994
7 9  6.0 38.249 -85.747  38.244 -85.741  0.68
6 12  36.0 38.25 -85.743  38.243 -85.745  0.61
5 10  3.0 38.249 -85.744  38.245 -85.744  0.1
4 12  4.0 38.249 -85.745  38.245 -85.743  0.373
3 15  6.0 38.251 -85.743  38.244 -85.745  0.311
2 7  8.0 38.252 -85.744  38.243 -85.744  0.62
7 21  13.0 38.255 -85.743  38.243 -85.745  1.39
4 8  7.0 38.254 -85.745  38.246 -85.743  0.73
2 11  13.0 38.256 -85.746  38.244 -85.742  1.56
5 18  10.0 38.236 -85.744  38.244 -85.743  0.767
4 13  7.0 38.243 -85.744  38.243 -85.743  0.56
6 11  3.0 38.242 -85.743  38.245 -85.744  0.173
6 13  3.0 38.242 -85.745  38.246 -85.742  0.28
7 13  6.0 38.244 -85.744  38.245 -85.743  1.02
4 8  8.0 38.243 -85.744  38.246 -85.743  0.249
6 19  15.0 38.246 -85.745  38.243 -85.742  0.77
1 16  3.0 38.246 -85.742  38.245 -85.745  0.13
5 14  4.0 38.248 -85.746  38.245 -85.741  0.4
7 20  4.0 38.251 -85.743  38.243 -85.744  0.56
7 18  11.0 38.251 -85.742  38.243 -85.745  0.89
1 18  33.0 38.248 -85.744  38.246 -85.743  2.485
5 21  43.0 38.25 -85.746  38.246 -85.741  4.66
7 13  7.0 38.257 -85.744  38.245 -85.743  0.98
2 7  7.0 38.232 -85.743  38.245 -85.743  0.86
4 22  13.0 38.24 -85.744  38.243 -85.742  1.19
5 21  11.0 38.243 -85.743  38.244 -85.743  0.446
6 12  3.0 38.243 -85.744  38.245 -85.742  0.41
7 20  9.0 38.244 -85.744  38.245 -85.742  1.243
3 8  2.0 38.245 -85.743  38.245 -85.743  0.497
1 15  4.0 38.244 -85.743  38.246 -85.743  0.373
6 11  6.0 38.245 -85.743  38.245 -85.743  0.435
6 10  10.0 38.245 -85.744  38.245 -85.742  0.11
6 18  10.0 38.245 -85.743  38.245 -85.743  0.621
7 7  13.0 38.247 -85.741  38.243 -85.74