6 12  20.0 38.261 -85.781  38.247 -85.73  3.05
4 19  11.0 38.254 -85.767  38.247 -85.73  2.09
6 19  18.0 38.258 -85.766  38.247 -85.73  2.41
2 15  26.0 38.256 -85.765  38.247 -85.73  3.61
7 16  14.0 38.257 -85.767  38.249 -85.728  2.548
2 15  25.0 38.256 -85.764  38.247 -85.73  3.66
4 13  29.0 38.256 -85.764  38.247 -85.73  2.09
3 14  15.0 38.231 -85.763  38.248 -85.73  2.69
3 18  25.0 38.257 -85.763  38.247 -85.73  1.94
1 12  37.0 38.257 -85.763  38.247 -85.73  3.604
5 20  12.0 38.246 -85.762  38.25 -85.73  2.42
7 23  18.0 38.257 -85.763  38.249 -85.729  2.21
3 13  30.0 38.249 -85.761  38.247 -85.73  2.49
4 10  11.0 38.257 -85.762  38.248 -85.729  1.65
7 23  14.0 38.257 -85.762  38.249 -85.729  2.06
7 6  46.0 38.248 -85.761  38.247 -85.729  1.181
7 8  12.0 38.253 -85.76  38.247 -85.73  2.05
1 15  19.0 38.257 -85.76  38.247 -85.73  2.08
4 13  28.0 38.257 -85.76  38.247 -85.73  2.09
2 7  12.0 38.258 -85.76  38.25 -85.73  1.78
6 17  26.0 38.26 -85.762  38.25 -85.728  0.062
7 12  26.0 38.226 -85.759  38.247 -85.73  3.01
6 21  21.0 38.226 -85.764  38.251 -85.725  2.361
6 21  22.0 38.226 -85.764  38.251 -85.725  3.915
6 13  21.0 38.233 -85.759  38.25 -85.73  2.4
3 16  16.0 38.252 -85.762  38.247 -85.727  2.73
1 17  23.0 38.254 -85.759  38.247 -85.73  1.85
6 13  26.0 38.255 -85.759  38.247 -85.73  3.18
3 18  18.0 38.256 -85.759  38.248 -85.73  1.864
3 11  12.0 38.257 -85.76  38.249 -85.729  1.46
6 14  10.0 38.249 -85.758  38.247 -85.73  1.802
7 16  18.0 38.249 -85.758  38.247 -85.73  1.92
7 14  10.0 38.249 -85.758  38.248 -85.73  1.9
1 13  18.0 38.251 -85.758  38.247 -85.73  1.63
5 19  21.0 38.25 -85.759  38.248 -85.729  2.25
1 17  26.0 38.251 -85.758  38.247 -85.73  1.83
2 15  14.0 38.255 -85.758  38.247 -85.73  1.84
7 13  14.0 38.255 -85.758  38.247 -85.73  1.85
1 15  25.0 38.255 -85.758  38.247 -85.73  3.29
5 11  9.0 38.255 -85.758  38.248 -85.73  1.61
3 17  24.0 38.221 -85.757  38.248 -85.73  4.3
4 9  13.0 38.229 -85.757  38.248 -85.73  2.17
7 13  18.0 38.244 -85.758  38.25 -85.729  2.19
4 18  18.0 38.247 -85.758  38.247 -85.729  2.5
1 14  16.0 38.247 -85.759  38.25 -85.728  2.0
6 13  14.0 38.251 -85.757  38.247 -85.73  1.88
1 17  20.0 38.251 -85.757  38.247 -85.73  1.71
1 17  20.0 38.251 -85.757  38.247 -85.73  1.73
1 17  21.0 38.251 -85.757  38.247 -85.73  1.988
5 19  21.0 38.251 -85.758  38.248 -85.729  2.25
3 16  10.0 38.253 -85.757  38.247 -85.73  1.68
6 19  11.0 38.253 -85.757  38.247 -85.73  1.65
6 19  11.0 38.253 -85.757  38.247 -85.73  1.65
7 15  13.0 38.253 -85.757  38.247 -85.73  1.74
7 16  15.0 38.253 -85.757  38.247 -85.73  1.74
7 15  16.0 38.253 -85.757  38.247 -85.73  1.367
3 20  9.0 38.254 -85.757  38.247 -85.73  1.74
4 14  10.0 38.253 -85.757  38.248 -85.73  1.5
1 17  12.0 38.253 -85.757  38.248 -85.73  1.99
6 15  25.0 38.252 -85.757  38.249 -85.73  1.305
3 18  26.0 38.254 -85.757  38.247 -85.73  1.92
6 21  41.0 38.253 -85.757  38.248 -85.73  2.734
2 14  11.0 38.255 -85.757  38.247 -85.73  1.802
5 18  13.0 38.255 -85.757  38.247 -85.73  1.429
2 15  15.0 38.255 -85.757  38.247 -85.73  2.78
4 17  25.0 38.255 -85.757  38.247 -85.73  1.87
5 8  12.0 38.255 -85.757  38.248 -85.73  1.56
4 11  12.0 38.256 -85.757  38.247 -85.73  1.81
2 15  13.0 38.257 -85.757  38.247 -85.73  1.92
2 15  15.0 38.258 -85.757  38.247 -85.73  1.91
7 13  17.0 38.258 -85.757  38.247 -85.73  2.38
4 13  18.0 38.257 -85.757  38.248 -85.73  2.11
1 11  30.0 38.259 -85.758  38.249 -85.729  2.13
3 14  9.0 38.239 -85.757  38.248 -85.729  2.0
2 18  21.0 38.246 -85.757  38.247 -85.729  2.22
4 19  12.0 38.25 -85.756  38.247 -85.73  1.838
6 21  12.0 38.246 -85.76  38.251 -85.726  2.01
3 12  10.0 38.253 -85.759  38.247 -85.727  1.62
5 10  33.0 38.253 -85.756  38.248 -85.73  1.616
3 9  8.0 38.255 -85.757  38.247 -85.729  1.59
7 12  20.0 38.252 -85.757  38.25 -85.729  1.65
4 16  21.0 38.255 -85.756  38.247 -85.73  1.97
3 16  14.0 38.254 -85.756  38.249 -85.73  1.74
4 23  19.0 38.257 -85.756  38.247 -85.73  2.734
7 20  20.0 38.257 -85.756  38.247 -85.73  0.746
2 11  17.0 38.258 -85.756  38.247 -85.73  2.46
6 8  17.0 38.257 -85.757  38.25 -85.729  1.88
7 10  18.0 38.228 -85.756  38.248 -85.729  3.355
3 16  12.0 38.25 -85.755  38.248 -85.73  1.988
5 19  27.0 38.251 -85.756  38.247 -85.729  0.994
5 15  12.0 38.253 -85.756  38.247 -85.729  2.05
7 11  15.0 38.253 -85.755  38.247 -85.73  1.65
7 15  11.0 38.254 -85.755  38.248 -85.73  1.62
7 16  23.0 38.256 -85.755  38.247 -85.73  1.83
4 16  25.0 38.256 -85.755  38.247 -85.73  1.91
3 23  42.0 38.256 -85.755  38.249 -85.73  3.27
4 15  14.0 38.231 -85.757  38.248 -85.727  2.28
4 18  35.0 38.231 -85.756  38.248 -85.728  3.38
7 19  18.0 38.235 -85.754  38.247 -85.73  3.355
1 1  11.0 38.237 -85.755  38.25 -85.729  1.83
3 13  17.0 38.246 -85.754  38.249 -85.73  1.5
3 17  11.0 38.25 -85.755  38.247 -85.729  1.84
6 12  11.0 38.252 -85.754  38.247 -85.73  1.85
1 12  12.0 38.252 -85.754  38.247 -85.73  1.43
7 14  26.0 38.252 -85.755  38.247 -85.729  2.672
5 8  12.0 38.252 -85.756  38.249 -85.728  1.75
2 19  16.0 38.254 -85.754  38.247 -85.73  2.051
6 7  11.0 38.255 -85.756  38.247 -85.728  1.83
6 21  43.0 38.254 -85.754  38.248 -85.73  2.858
5 18  44.0 38.254 -85.758  38.248 -85.726  2.361
2 11  20.0 38.256 -85.754  38.247 -85.73  2.72
7 16  21.0 38.256 -85.754  38.247 -85.73  1.69
2 11  22.0 38.256 -85.754  38.247 -85.73  3.2
5 17  11.0 38.257 -85.754  38.247 -85.73  1.81
7 16  23.0 38.257 -85.754  38.247 -85.73  2.12
5 12  10.0 38.257 -85.755  38.249 -85.729  1.7
4 9  14.0 38.238 -85.758  38.249 -85.725  2.68
3 17  11.0 38.245 -85.754  38.248 -85.729  0.124
3 14  11.0 38.249 -85.756  38.247 -85.727  1.9
7 14  15.0 38.252 -85.753  38.247 -85.73  1.51
2 17  18.0 38.253 -85.753  38.247 -85.73  2.02
1 18  16.0 38.253 -85.755  38.248 -85.728  1.61
1 13  27.0 38.253 -85.755  38.248 -85.728  2.38
7 14  16.0 38.254 -85.753  38.248 -85.73  3.231
2 15  11.0 38.256 -85.753  38.247 -85.73  1.7
6 18  13.0 38.256 -85.753  38.247 -85.73  1.63
7 11  14.0 38.256 -85.753  38.247 -85.73  1.65
6 16  15.0 38.256 -85.753  38.247 -85.73  1.76
4 16  25.0 38.256 -85.753  38.247 -85.73  2.25
5 11  28.0 38.256 -85.753  38.247 -85.73  2.37
5 11  28.0 38.256 -85.753  38.247 -85.73  2.55
7 14  34.0 38.256 -85.753  38.247 -85.73  2.75
2 19  13.0 38.256 -85.753  38.248 -85.73  1.616
7 14  17.0 38.257 -85.753  38.247 -85.73  1.65
6 16  25.0 38.256 -85.753  38.248 -85.73  1.69
7 16  26.0 38.257 -85.753  38.247 -85.73  2.175
7 14  33.0 38.257 -85.753  38.247 -85.73  2.29
7 18  36.0 38.257 -85.753  38.247 -85.73  3.666
4 20  50.0 38.256 -85.753  38.248 -85.73  3.62
2 22  19.0 38.257 -85.753  38.248 -85.73  2.24
6 13  22.0 38.255 -85.757  38.25 -85.726  3.23
1 13  27.0 38.255 -85.755  38.25 -85.728  2.4
7 21  10.0 38.257 -85.756  38.251 -85.727  1.69
3 10  11.0 38.24 -85.755  38.251 -85.727  1.99
4 13  29.0 38.248 -85.752  38.248 -85.73  2.23
6 14  14.0 38.247 -85.754  38.25 -85.728  1.8
5 14  15.0 38.25 -85.754  38.247 -85.728  2.06
3 18  26.0 38.254 -85.752  38.247 -85.73  1.81
5 9  9.0 38.255 -85.752  38.247 -85.73  1.47
7 14  13.0 38.256 -85.752  38.247 -85.73  0.373
7 16  24.0 38.256 -85.752  38.247 -85.73  2.01
4 18  9.0 38.256 -85.752  38.248 -85.73  1.79
2 13  11.0 38.256 -85.756  38.248 -85.726  1.87
7 12  14.0 38.257 -85.753  38.247 -85.729  1.85
5 21  21.0 38.254 -85.753  38.25 -85.729  1.864
7 16  26.0 38.256 -85.752  38.248 -85.73  1.494
5 21  28.0 38.256 -85.753  38.25 -85.729  2.113
7 10  12.0 38.231 -85.752  38.247 -85.729  1.8
5 19  15.0 38.25 -85.755  38.247 -85.726  2.19
4 13  12.0 38.25 -85.751  38.248 -85.73  1.67
3 11  29.0 38.253 -85.751  38.247 -85.73  1.82
1 13  31.0 38.25 -85.753  38.25 -85.728  2.75
3 11  40.0 38.253 -85.751  38.247 -85.73  1.38
6 19  13.0 38.255 -85.752  38.247 -85.729  1.65
6 16  26.0 38.256 -85.751  38.247 -85.73  1.73
1 15  42.0 38.256 -85.751  38.247 -85.73  1.63
3 16  12.0 38.257 -85.752  38.248 -85.729  1.8
2 17  27.0 38.256 -85.751  38.249 -85.73  1.67
3 16  12.0 38.256 -85.753  38.25 -85.728  1.616
4 16  24.0 38.258 -85.752  38.25 -85.729  2.97
3 15  18.0 38.26 -85.753  38.251 -85.728  2.983
3 20  26.0 38.234 -85.753  38.248 -85.727  3.666
1 14  12.0 38.247 -85.754  38.251 -85.726  2.03
5 16  15.0 38.248 -85.751  38.25 -85.729  1.61
6 16  25.0 38.253 -85.75  38.247 -85.73  1.7
5 18  44.0 38.252 -85.754  38.248 -85.726  2.399
7 16  13.0 38.254 -85.75  38.247 -85.73  1.56
6 18  14.0 38.254 -85.752  38.248 -85.728  1.58
4 17  32.0 38.253 -85.753  38.249 -85.727  1.55
7 16  14.0 38.256 -85.75  38.247 -85.73  1.56
7 12  10.0 38.257 -85.75  38.247 -85.73  1.44
2 13  13.0 38.256 -85.754  38.248 -85.726  1.91
5 19  17.0 38.253 -85.754  38.251 -85.726  1.87
4 12  11.0 38.257 -85.75  38.248 -85.73  1.14
7 10  18.0 38.257 -85.75  38.248 -85.73  1.71
6 8  17.0 38.257 -85.754  38.249 -85.726  1.75
2 11  11.0 38.258 -85.751  38.25 -85.729  1.61
5 15  11.0 38.251 -85.753  38.249 -85.726  1.67
4 10  10.0 38.255 -85.749  38.247 -85.73  1.37
5 12  9.0 38.252 -85.749  38.251 -85.73  1.429
6 20  45.0 38.256 -85.749  38.247 -85.73  3.79
5 6  9.0 38.255 -85.75  38.25 -85.729  1.21
3 14  7.0 38.256 -85.751  38.251 -85.728  1.1
6 13  14.0 38.238 -85.751  38.248 -85.727  1.88
5 0  15.0 38.244 -85.751  38.25 -85.727  1.62
3 13  9.0 38.249 -85.748  38.248 -85.73  0.951
2 14  16.0 38.254 -85.748  38.247 -85.73  1.52
2 14  17.0 38.254 -85.748  38.247 -85.73  1.5
2 14  18.0 38.254 -85.748  38.247 -85.73  1.28
7 14  20.0 38.255 -85.749  38.247 -85.729  1.52
5 15  5.0 38.254 -85.748  38.249 -85.73  0.39
4 19  7.0 38.253 -85.748  38.25 -85.73  1.118
6 15  13.0 38.256 -85.749  38.247 -85.729  1.542
5 18  16.0 38.256 -85.751  38.247 -85.727  0.621
7 12  17.0 38.256 -85.748  38.247 -85.73  1.68
6 16  25.0 38.253 -85.751  38.25 -85.727  3.347
6 17  10.0 38.255 -85.748  38.249 -85.73  1.243
6 10  10.0 38.255 -85.749  38.25 -85.729  1.43
4 20  10.0 38.257 -85.748  38.25 -85.73  1.47
2 21  18.0 38.259 -85.748  38.249 -85.73  1.72
5 20  15.0 38.25 -85.752  38.247 -85.725  1.9
5 18  15.0 38.254 -85.747  38.247 -85.73  1.18
5 15  14.0 38.255 -85.749  38.249 -85.728  1.48
5 6  15.0 38.258 -85.747  38.247 -85.73  1.16
6 14  43.0 38.258 -85.747  38.247 -85.73  1.68
2 15  17.0 38.258 -85.75  38.251 -85.727  1.74
7 12  10.0 38.235 -85.748  38.25 -85.728  1.8
7 9  15.0 38.252 -85.746  38.247 -85.73  1.28
5 18  16.0 38.251 -85.746  38.248 -85.73  1.17
5 16  33.0 38.255 -85.747  38.247 -85.729  2.734
7 11  11.0 38.255 -85.746  38.248 -85.73  1.11
7 11  11.0 38.256 -85.746  38.247 -85.73  1.18
7 9  17.0 38.256 -85.746  38.247 -85.73  1.23
7 12  17.0 38.257 -85.747  38.247 -85.729  1.65
7 10  9.0 38.259 -85.746  38.247 -85.73  1.56
5 14  30.0 38.259 -85.75  38.25 -85.726  1.67
7 15  31.0 38.212 -85.747  38.25 -85.728  4.7
5 16  11.0 38.234 -85.746  38.247 -85.729  1.28
7 16  15.0 38.244 -85.75  38.247 -85.725  1.988
3 15  10.0 38.247 -85.748  38.25 -85.727  1.52
7 17  12.0 38.25 -85.745  38.247 -85.73  1.13
7 16  8.0 38.254 -85.745  38.247 -85.73  1.118
7 16  55.0 38.254 -85.746  38.247 -85.729  1.97
7 13  20.0 38.255 -85.745  38.247 -85.73  1.31
1 16  8.0 38.257 -85.745  38.247 -85.73  1.41
4 17  9.0 38.255 -85.745  38.249 -85.73  1.181
1 16  9.0 38.257 -85.745  38.247 -85.73  1.64
4 18  12.0 38.257 -85.745  38.247 -85.73  1.52
4 18  14.0 38.257 -85.745  38.247 -85.73  1.65
4 16  17.0 38.257 -85.745  38.247 -85.73  1.41
6 19  12.0 38.258 -85.745  38.247 -85.73  0.746
1 15  40.0 38.258 -85.745  38.247 -85.73  4.287
5 17  10.0 38.258 -85.745  38.248 -85.73  1.38
7 14  11.0 38.258 -85.748  38.248 -85.727  0.186
1 14  37.0 38.258 -85.745  38.248 -85.73  3.0
1 14  39.0 38.258 -85.745  38.248 -85.73  3.12
7 23  54.0 38.258 -85.745  38.248 -85.73  4.02
6 17  17.0 38.258 -85.749  38.249 -85.726  1.52
1 12  16.0 38.257 -85.745  38.251 -85.73  1.57
1 13  31.0 38.215 -85.745  38.25 -85.729  2.36
2 6  7.0 38.252 -85.746  38.248 -85.728  1.34
6 15  17.0 38.252 -85.744  38.248 -85.73  1.28
2 13  26.0 38.252 -85.744  38.248 -85.73  2.17
2 11  7.0 38.255 -85.744  38.247 -85.73  0.91
7 20  9.0 38.255 -85.744  38.247 -85.73  0.186
3 16  10.0 38.255 -85.744  38.247 -85.73  1.05
3 16  11.0 38.255 -85.744  38.247 -85.73  1.35
5 16  13.0 38.255 -85.744  38.247 -85.73  1.15
6 16  13.0 38.255 -85.744  38.247 -85.73  1.35
2 17  14.0 38.255 -85.744  38.247 -85.73  1.37
6 16  14.0 38.255 -85.744  38.247 -85.73  1.52
6 16  14.0 38.255 -85.744  38.247 -85.73  1.56
2 11  16.0 38.255 -85.744  38.247 -85.73  1.26
1 12  16.0 38.255 -85.744  38.247 -85.73  2.44
1 12  17.0 38.255 -85.744  38.247 -85.73  2.4
7 14  22.0 38.255 -85.744  38.247 -85.73  1.44
4 16  28.0 38.255 -85.744  38.247 -85.73  1.3
5 10  8.0 38.255 -85.744  38.248 -85.73  0.99
5 10  8.0 38.255 -85.744  38.248 -85.73  1.01
7 13  11.0 38.255 -85.744  38.248 -85.73  1.03
5 16  14.0 38.255 -85.744  38.248 -85.73  1.03
7 9  16.0 38.255 -85.744  38.248 -85.73  1.31
7 16  20.0 38.256 -85.744  38.247 -85.73  1.25
5 10  6.0 38.256 -85.744  38.248 -85.73  0.95
2 18  10.0 38.256 -85.745  38.25 -85.729  1.12
4 8  10.0 38.26 -85.747  38.251 -85.727  1.34
1 19  13.0 38.217 -85.745  38.247 -85.728  2.4
1 15  13.0 38.231 -85.743  38.247 -85.73  2.17
6 18  22.0 38.234 -85.745  38.25 -85.728  1.53
1 13  10.0 38.252 -85.743  38.248 -85.73  0.87
7 20  14.0 38.253 -85.743  38.248 -85.73  0.994
1 18  9.0 38.254 -85.744  38.248 -85.729  1.41
1 10  8.0 38.256 -85.743  38.247 -85.73  1.29
2 11  9.0 38.257 -85.743  38.248 -85.73  1.63
5 15  10.0 38.255 -85.743  38.25 -85.73  1.12
7 10  7.0 38.257 -85.743  38.249 -85.73  1.15
1 14  39.0 38.259 -85.743  38.248 -85.73  3.37
6 12  9.0 38.246 -85.742  38.248 -85.73  0.89
7 20  7.0 38.249 -85.742  38.247 -85.73  0.512
6 15  17.0 38.25 -85.742  38.247 -85.73  1.39
1 17  9.0 38.252 -85.742  38.247 -85.73  0.062
6 13  13.0 38.252 -85.742  38.247 -85.73  0.86
7 11  14.0 38.252 -85.743  38.247 -85.729  1.3
7 17  30.0 38.253 -85.742  38.247 -85.73  1.553
7 17  21.0 38.254 -85.746  38.247 -85.726  1.37
7 7  56.0 38.254 -85.742  38.247 -85.73  0.97
7 7  56.0 38.254 -85.742  38.247 -85.73  0.98
7 13  16.0 38.255 -85.742  38.247 -85.73  1.14
7 17  6.0 38.256 -85.742  38.247 -85.73  1.04
7 7  9.0 38.254 -85.744  38.25 -85.728  1.056
7 17  22.0 38.254 -85.745  38.25 -85.727  2.8
2 10  14.0 38.255 -85.743  38.251 -85.729  0.96
6 16  12.0 38.259 -85.743  38.25 -85.729  1.57
1 15  36.0 38.272 -85.742  38.247 -85.73  2.87
1 15  17.0 38.214 -85.743  38.25 -85.728  3.02
6 15  14.0 38.229 -85.741  38.247 -85.73  2.5
2 13  27.0 38.253 -85.741  38.247 -85.73  2.18
3 11  30.0 38.253 -85.741  38.247 -85.73  0.84
6 9  5.0 38.251 -85.742  38.25 -85.729  0.66
2 16  6.0 38.255 -85.742  38.247 -85.729  2.08
2 13  27.0 38.254 -85.741  38.248 -85.73  2.17
6 19  5.0 38.253 -85.743  38.25 -85.728  0.984
5 15  10.0 38.254 -85.742  38.249 -85.729  1.2
2 17  16.0 38.256 -85.742  38.249 -85.729  1.18
1 14  16.0 38.256 -85.742  38.249 -85.729  1.53
1 14  42.0 38.26 -85.743  38.248 -85.728  2.4
4 9  24.0 38.24 -85.741  38.25 -85.729  1.14
5 16  7.0 38.252 -85.74  38.247 -85.73  0.75
5 20  9.0 38.252 -85.74  38.247 -85.73  0.72
7 19  10.0 38.252 -85.74  38.247 -85.73  0.994
7 17  12.0 38.252 -85.74  38.247 -85.73  0.91
7 17  12.0 38.252 -85.74  38.247 -85.73  0.91
6 13  14.0 38.252 -85.741  38.247 -85.729  0.96
7 10  5.0 38.253 -85.74  38.247 -85.73  0.59
7 10  5.0 38.253 -85.74  38.247 -85.73  0.81
3 20  5.0 38.253 -85.74  38.247 -85.73  0.88
3 20  5.0 38.253 -85.74  38.247 -85.73  0.88
2 18  6.0 38.252 -85.74  38.248 -85.73  0.71
1 14  6.0 38.253 -85.74  38.247 -85.73  0.87
6 9  6.0 38.253 -85.74  38.247 -85.73  0.912
6 17  7.0 38.253 -85.74  38.247 -85.73  0.73
6 17  7.0 38.253 -85.74  38.247 -85.73  0.82
1 14  7.0 38.253 -85.74  38.247 -85.73  0.89
6 16  8.0 38.253 -85.74  38.247 -85.73  0.85
1 14  8.0 38.253 -85.74  38.247 -85.73  0.86
1 14  8.0 38.253 -85.74  38.247 -85.73  0.87
6 20  8.0 38.253 -85.74  38.247 -85.73  0.896
1 14  9.0 38.253 -85.74  38.247 -85.73  0.9
7 14  10.0 38.253 -85.74  38.247 -85.73  0.7
7 15  10.0 38.253 -85.74  38.247 -85.73  0.808
7 14  10.0 38.253 -85.74  38.247 -85.73  0.95
6 16  11.0 38.253 -85.74  38.247 -85.73  1.01
3 17  11.0 38.253 -85.74  38.247 -85.73  1.08
7 19  12.0 38.253 -85.74  38.247 -85.73  1.031
7 15  13.0 38.253 -85.74  38.247 -85.73  0.83
7 23  14.0 38.253 -85.74  38.247 -85.73  0.994
5 17  18.0 38.253 -85.74  38.247 -85.73  1.13
5 17  18.0 38.253 -85.74  38.247 -85.73  1.15
5 17  19.0 38.253 -85.74  38.247 -85.73  1.28
3 15  20.0 38.252 -85.74  38.248 -85.73  0.87
1 14  21.0 38.253 -85.74  38.247 -85.73  1.17
4 16  24.0 38.253 -85.74  38.247 -85.73  2.58
1 16  40.0 38.253 -85.74  38.247 -85.73  1.89
1 15  55.0 38.253 -85.74  38.247 -85.73  1.75
7 14  56.0 38.253 -85.74  38.247 -85.73  0.93
6 17  6.0 38.253 -85.74  38.248 -85.73  0.72
6 23  7.0 38.253 -85.74  38.248 -85.73  0.808
6 19  8.0 38.252 -85.742  38.249 -85.728  0.99
7 15  10.0 38.253 -85.74  38.248 -85.73  0.808
7 19  18.0 38.254 -85.74  38.247 -85.73  0.808
1 16  6.0 38.251 -85.74  38.251 -85.73  0.62
4 21  6.0 38.255 -85.74  38.247 -85.73  0.621
5 17  8.0 38.255 -85.74  38.247 -85.73  1.02
5 18  8.0 38.255 -85.74  38.247 -85.73  1.04
7 20  10.0 38.255 -85.74  38.247 -85.73  0.746
5 15  10.0 38.255 -85.74  38.247 -85.73  0.94
6 17  12.0 38.255 -85.74  38.247 -85.73  1.39
7 14  15.0 38.255 -85.74  38.247 -85.73  2.17
6 13  23.0 38.255 -85.74  38.247 -85.73  0.96
5 17  28.0 38.255 -85.74  38.247 -85.73  1.06
1 11  52.0 38.255 -85.741  38.247 -85.729  4.24
6 6  6.0 38.255 -85.74  38.248 -85.73  0.76
1 13  7.0 38.255 -85.74  38.248 -85.73  0.96
5 18  6.0 38.256 -85.74  38.249 -85.73  0.49
1 17  13.0 38.257 -85.74  38.248 -85.73  1.08
5 17  23.0 38.256 -85.745  38.251 -85.725  1.78
7 15  31.0 38.259 -85.743  38.249 -85.727  4.65
1 15  31.0 38.27 -85.741  38.248 -85.729  2.61
1 11  12.0 38.223 -85.739  38.247 -85.73  2.01
4 13  16.0 38.226 -85.743  38.248 -85.726  2.09
4 15  4.0 38.249 -85.739  38.247 -85.73  0.67
7 13  6.0 38.248 -85.739  38.248 -85.73  0.61
1 15  14.0 38.249 -85.739  38.247 -85.73  1.1
4 12  16.0 38.249 -85.74  38.249 -85.729  1.29
7 7  53.0 38.251 -85.739  38.247 -85.73  0.91
5 19  18.0 38.252 -85.741  38.247 -85.728  2.73
4 14  5.0 38.253 -85.739  38.247 -85.73  0.751
6 14  5.0 38.253 -85.739  38.247 -85.73  0.76
7 11  5.0 38.253 -85.739  38.247 -85.73  0.78
7 23  5.0 38.253 -85.739  38.247 -85.73  0.87
7 10  5.0 38.253 -85.739  38.247 -85.73  0.87
7 10  5.0 38.253 -85.739  38.247 -85.73  0.88
1 14  5.0 38.251 -85.739  38.249 -85.73  1.0
6 14  6.0 38.253 -85.739  38.247 -85.73  0.78
5 15  6.0 38.253 -85.74  38.247 -85.729  0.9
5 15  6.0 38.253 -85.74  38.247 -85.729  0.9
7 16  6.0 38.252 -85.74  38.248 -85.729  1.71
7 9  8.0 38.253 -85.739  38.247 -85.73  0.67
1 17  8.0 38.253 -85.739  38.247 -85.73  0.77
1 14  8.0 38.253 -85.739  38.247 -85.73  0.93
7 12  13.0 38.253 -85.739  38.247 -85.73  1.34
7 15  14.0 38.253 -85.739  38.247 -85.73  0.08
7 12  15.0 38.253 -85.739  38.247 -85.73  1.25
4 19  16.0 38.253 -85.739  38.247 -85.73  1.056
4 17  20.0 38.253 -85.739  38.247 -85.73  2.43
1 9  21.0 38.253 -85.739  38.247 -85.73  2.02
2 13  29.0 38.253 -85.739  38.247 -85.73  2.36
6 22  33.0 38.253 -85.74  38.247 -85.729  2.548
5 16  4.0 38.253 -85.739  38.248 -85.73  0.47
6 18  7.0 38.254 -85.739  38.247 -85.73  0.884
5 21  7.0 38.253 -85.739  38.248 -85.73  0.93
2 23  7.0 38.253 -85.739  38.248 -85.73  1.181
7 18  10.0 38.253 -85.739  38.248 -85.73  0.75
6 18  13.0 38.253 -85.739  38.248 -85.73  0.99
1 9  21.0 38.253 -85.739  38.248 -85.73  2.08
3 20  31.0 38.252 -85.74  38.249 -85.729  1.19
3 12  6.0 38.256 -85.739  38.248 -85.73  0.67
5 18  7.0 38.257 -85.74  38.247 -85.729  0.87
7 12  18.0 38.26 -85.739  38.247 -85.73  1.7
5 13  13.0 38.27 -85.744  38.251 -85.725  2.81
7 12  16.0 38.222 -85.738  38.248 -85.73  2.32
6 22  11.0 38.231 -85.738  38.251 -85.73  1.553
3 14  7.0 38.24 -85.741  38.25 -85.727  1.08
2 9  5.0 38.25 -85.738  38.247 -85.73  0.493
6 19  5.0 38.252 -85.738  38.247 -85.73  0.78
7 14  33.0 38.251 -85.739  38.248 -85.729  1.75
7 17  39.0 38.251 -85.738  38.248 -85.73  2.361
6 22  3.0 38.252 -85.738  38.248 -85.73  0.53
3 14  4.0 38.253 -85.738  38.247 -85.73  0.53
2 12  4.0 38.253 -85.738  38.247 -85.73  0.56
6 19  5.0 38.253 -85.738  38.247 -85.73  0.6
7 10  5.0 38.253 -85.738  38.247 -85.73  0.61
4 14  5.0 38.253 -85.738  38.247 -85.73  0.684
2 13  5.0 38.253 -85.738  38.247 -85.73  0.74
4 10  6.0 38.253 -85.738  38.247 -85.73  0.63
7 12  6.0 38.253 -85.738  38.247 -85.73  0.72
3 17  6.0 38.253 -85.738  38.247 -85.73  0.81
7 17  6.0 38.253 -85.738  38.247 -85.73  0.91
1 11  8.0 38.253 -85.738  38.247 -85.73  0.72
7 9  8.0 38.253 -85.738  38.247 -85.73  0.74
7 14  8.0 38.253 -85.738  38.247 -85.73  0.92
6 12  8.0 38.253 -85.738  38.247 -85.73  0.96
6 17  9.0 38.253 -85.738  38.247 -85.73  0.84
7 14  9.0 38.253 -85.738  38.247 -85.73  0.98
7 14  9.0 38.253 -85.738  38.247 -85.73  1.02
6 17  11.0 38.253 -85.738  38.247 -85.73  1.0
7 20  18.0 38.253 -85.738  38.247 -85.73  1.98
7 11  20.0 38.253 -85.738  38.247 -85.73  2.64
7 11  21.0 38.253 -85.738  38.247 -85.73  2.75
6 12  52.0 38.253 -85.738  38.247 -85.73  3.42
5 8  4.0 38.253 -85.738  38.248 -85.73  0.68
7 15  8.0 38.254 -85.738  38.247 -85.73  0.66
6 17  8.0 38.254 -85.738  38.247 -85.73  0.88
3 17  9.0 38.253 -85.738  38.248 -85.73  0.75
5 17  10.0 38.253 -85.738  38.248 -85.73  0.684
1 19  10.0 38.253 -85.738  38.248 -85.73  0.684
6 21  12.0 38.254 -85.739  38.247 -85.729  2.61
3 16  6.0 38.253 -85.739  38.249 -85.729  0.76
1 10  4.0 38.253 -85.739  38.25 -85.729  0.45
4 16  6.0 38.258 -85.738  38.247 -85.73  0.8
4 18  11.0 38.257 -85.74  38.251 -85.728  0.994
4 15  30.0 38.26 -85.741  38.251 -85.727  3.66
1 11  13.0 38.226 -85.738  38.25 -85.729  2.33
3 15  8.0 38.233 -85.737  38.247 -85.73  1.57
7 18  15.0 38.233 -85.737  38.247 -85.73  1.47
6 23  14.0 38.236 -85.739  38.247 -85.728  1.46
7 20  7.0 38.237 -85.737  38.248 -85.73  0.972
5 16  8.0 38.239 -85.737  38.247 -85.73  0.7
7 16  9.0 38.239 -85.737  38.248 -85.73  0.99
1 21  12.0 38.249 -85.737  38.248 -85.73  0.48
5 17  6.0 38.251 -85.737  38.248 -85.73  0.32
7 15  14.0 38.251 -85.742  38.248 -85.725  1.3
5 18  7.0 38.253 -85.737  38.247 -85.73  0.8
5 19  4.0 38.254 -85.737  38.247 -85.73  0.684
2 8  5.0 38.251 -85.738  38.25 -85.729  0.62
7 17  8.0 38.254 -85.737  38.247 -85.73  0.82
6 16  35.0 38.253 -85.738  38.248 -85.729  2.3
5 17  6.0 38.253 -85.737  38.249 -85.73  0.56
2 8  4.0 38.253 -85.738  38.25 -85.729  0.33
1 14  5.0 38.254 -85.737  38.25 -85.73  0.56
6 19  27.0 38.256 -85.739  38.249 -85.728  1.0
6 19  27.0 38.257 -85.739  38.25 -85.728  0.93
6 22  11.0 38.261 -85.737  38.247 -85.73  1.472
7 13  27.0 38.269 -85.742  38.248 -85.725  3.14
6 23  15.0 38.239 -85.738  38.247 -85.728  1.491
7 20  9.0 38.24 -85.736  38.248 -85.73  0.684
1 9  12.0 38.24 -85.737  38.25 -85.729  0.85
7 17  20.0 38.247 -85.736  38.247 -85.73  1.17
1 17  3.0 38.25 -85.736  38.247 -85.73  0.47
5 15  4.0 38.25 -85.736  38.247 -85.73  0.48
3 19  6.0 38.25 -85.736  38.247 -85.73  0.45
3 19  7.0 38.25 -85.736  38.247 -85.73  0.52
5 7  29.0 38.25 -85.739  38.247 -85.727  0.84
6 14  7.0 38.25 -85.736  38.248 -85.73  0.35
1 17  4.0 38.25 -85.736  38.249 -85.73  0.39
6 16  4.0 38.253 -85.736  38.247 -85.73  0.48
6 14  4.0 38.253 -85.736  38.247 -85.73  0.63
7 10  5.0 38.25 -85.736  38.25 -85.73  0.25
6 14  5.0 38.253 -85.736  38.247 -85.73  0.59
6 19  5.0 38.253 -85.736  38.247 -85.73  0.621
1 14  5.0 38.253 -85.736  38.247 -85.73  0.65
7 19  5.0 38.253 -85.736  38.247 -85.73  0.65
7 8  6.0 38.253 -85.736  38.247 -85.73  0.621
1 14  6.0 38.253 -85.736  38.247 -85.73  0.639
7 15  6.0 38.253 -85.736  38.247 -85.73  0.7
1 14  7.0 38.253 -85.736  38.247 -85.73  0.69
1 14  8.0 38.253 -85.736  38.247 -85.73  0.68
7 11  10.0 38.253 -85.736  38.247 -85.73  0.53
7 11  10.0 38.253 -85.736  38.247 -85.73  0.56
7 14  15.0 38.253 -85.736  38.247 -85.73  2.33
7 15  4.0 38.253 -85.736  38.248 -85.73  0.15
2 15  4.0 38.253 -85.736  38.248 -85.73  0.63
6 15  5.0 38.253 -85.736  38.248 -85.73  0.56
4 17  5.0 38.253 -85.736  38.248 -85.73  0.568
5 12  6.0 38.253 -85.736  38.248 -85.73  0.4
7 19  6.0 38.253 -85.736  38.248 -85.73  0.44
1 18  6.0 38.253 -85.738  38.248 -85.728  0.75
7 14  6.0 38.254 -85.736  38.247 -85.73  0.76
7 13  6.0 38.253 -85.738  38.248 -85.728  0.86
2 20  11.0 38.253 -85.736  38.248 -85.73  0.684
6 12  11.0 38.251 -85.739  38.25 -85.727  0.77
6 22  14.0 38.252 -85.741  38.249 -85.725  1.301
7 17  15.0 38.253 -85.736  38.248 -85.73  2.19
3 17  16.0 38.253 -85.736  38.248 -85.73  1.15
2 16  19.0 38.254 -85.739  38.247 -85.727  1.07
3 20  28.0 38.253 -85.736  38.248 -85.73  1.38
7 17  8.0 38.254 -85.737  38.248 -85.729  1.11
6 15  9.0 38.254 -85.736  38.248 -85.73  0.75
5 24  29.0 38.253 -85.739  38.249 -85.727  1.118
4 17  9.0 38.253 -85.738  38.25 -85.728  0.746
1 14  9.0 38.253 -85.738  38.25 -85.728  1.802
6 22  16.0 38.253 -85.737  38.25 -85.729  0.621
5 17  11.0 38.256 -85.738  38.248 -85.728  0.82
3 11  44.0 38.254 -85.737  38.251 -85.729  4.35
2 18  25.0 38.256 -85.736  38.25 -85.73  1.864
3 13  11.0 38.257 -85.736  38.25 -85.73  0.8
7 4  46.0 38.257 -85.736  38.25 -85.73  0.55
7 20  11.0 38.261 -85.736  38.247 -85.73  0.559
7 20  9.0 38.261 -85.737  38.249 -85.729  0.249
4 15  4.0 38.246 -85.735  38.247 -85.73  0.68
1 21  5.0 38.247 -85.735  38.249 -85.73  0.48
7 19  5.0 38.25 -85.735  38.247 -85.73  0.56
3 17  13.0 38.249 -85.737  38.248 -85.728  1.181
3 15  35.0 38.25 -85.735  38.248 -85.73  1.49
7 10  3.0 38.253 -85.735  38.247 -85.73  0.57
7 17  5.0 38.253 -85.735  38.247 -85.73  0.501
3 18  6.0 38.25 -85.737  38.25 -85.728  0.497
6 16  6.0 38.253 -85.735  38.247 -85.73  0.62
1 12  18.0 38.253 -85.735  38.247 -85.73  1.89
1 12  18.0 38.253 -85.735  38.247 -85.73  2.0
4 17  18.0 38.251 -85.736  38.249 -85.729  2.2
3 17  4.0 38.253 -85.735  38.248 -85.73  0.062
6 20  6.0 38.253 -85.735  38.248 -85.73  0.94
7 14  14.0 38.253 -85.735  38.248 -85.73  0.684
7 17  14.0 38.253 -85.738  38.249 -85.727  1.181
5 19  11.0 38.255 -85.736  38.249 -85.729  0.684
2 8  5.0 38.255 -85.737  38.25 -85.728  0.48
5 18  9.0 38.257 -85.735  38.248 -85.73  0.6
4 19  15.0 38.255 -85.736  38.25 -85.729  0.69
6 8  15.0 38.22 -85.734  38.248 -85.73  2.47
6 13  24.0 38.233 -85.734  38.247 -85.73  1.2
2 14  12.0 38.238 -85.734  38.247 -85.73  1.18
6 16  6.0 38.238 -85.734  38.248 -85.73  0.93
3 18  6.0 38.243 -85.734  38.247 -85.73  0.48
7 22  22.0 38.245 -85.734  38.249 -85.73  0.42
1 17  5.0 38.248 -85.738  38.247 -85.726  0.71
7 15  3.0 38.249 -85.736  38.247 -85.728  0.5
1 17  5.0 38.249 -85.736  38.249 -85.728  0.41
7 15  8.0 38.25 -85.737  38.249 -85.727  0.87
1 18  11.0 38.25 -85.734  38.249 -85.73  0.43
3 20  7.0 38.253 -85.735  38.247 -85.729  1.118
7 12  19.0 38.253 -85.734  38.247 -85.73  0.79
2 11  38.0 38.251 -85.735  38.249 -85.729  2.77
7 16  4.0 38.255 -85.734  38.247 -85.73  0.45
1 9  3.0 38.253 -85.735  38.25 -85.729  0.48
4 6  5.0 38.254 -85.736  38.249 -85.728  0.6
3 19  7.0 38.253 -85.738  38.25 -85.726  0.97
5 21  13.0 38.256 -85.737  38.247 -85.727  1.056
6 16  18.0 38.256 -85.736  38.249 -85.728  0.92
6 11  5.0 38.257 -85.736  38.249 -85.728  0.63
1 13  10.0 38.263 -85.736  38.247 -85.728  1.71
7 16  7.0 38.241 -85.734  38.247 -85.729  0.49
7 17  3.0 38.243 -85.733  38.248 -85.73  0.25
6 20  3.0 38.245 -85.733  38.247 -85.73  0.29
1 15  2.0 38.245 -85.733  38.248 -85.73  0.29
4 15  3.0 38.246 -85.733  38.247 -85.73  0.34
4 15  3.0 38.246 -85.733  38.247 -85.73  0.35
1 14  4.0 38.246 -85.733  38.247 -85.73  0.23
1 14  4.0 38.246 -85.733  38.247 -85.73  0.24
7 11  4.0 38.246 -85.733  38.247 -85.73  0.32
6 21  4.0 38.246 -85.733  38.247 -85.73  0.35
7 18  4.0 38.246 -85.733  38.247 -85.73  0.49
7 17  5.0 38.246 -85.733  38.247 -85.73  0.31
5 14  5.0 38.246 -85.733  38.247 -85.73  0.32
5 14  5.0 38.246 -85.733  38.247 -85.73  0.49
6 21  6.0 38.246 -85.733  38.247 -85.73  0.35
6 17  10.0 38.246 -85.733  38.247 -85.73  0.062
6 17  10.0 38.246 -85.733  38.247 -85.73  0.87
7 16  11.0 38.246 -85.733  38.247 -85.73  1.49
7 18  3.0 38.246 -85.733  38.248 -85.73  0.2
7 17  5.0 38.246 -85.733  38.248 -85.73  0.25
7 17  5.0 38.246 -85.733  38.248 -85.73  0.28
6 19  11.0 38.246 -85.733  38.248 -85.73  0.37
7 23  7.0 38.247 -85.734  38.249 -85.729  1.243
3 16  20.0 38.248 -85.734  38.249 -85.729  0.5
3 17  8.0 38.251 -85.733  38.248 -85.73  0.69
6 17  6.0 38.252 -85.737  38.248 -85.726  0.9
7 17  5.0 38.253 -85.734  38.248 -85.729  0.69
2 6  6.0 38.253 -85.733  38.248 -85.73  0.3
5 17  5.0 38.255 -85.733  38.247 -85.73  0.69
4 21  9.0 38.255 -85.733  38.247 -85.73  0.186
5 18  9.0 38.254 -85.735  38.248 -85.728  0.79
5 12  12.0 38.254 -85.735  38.248 -85.728  0.77
7 16  30.0 38.251 -85.734  38.251 -85.729  0.266
1 16  30.0 38.252 -85.735  38.251 -85.728  1.83
7 14  10.0 38.256 -85.735  38.248 -85.728  1.51
6 18  13.0 38.26 -85.734  38.247 -85.729  1.53
6 20  15.0 38.263 -85.735  38.248 -85.728  0.186
4 21  19.0 38.263 -85.735  38.249 -85.728  1.491
5 13  12.0 38.231 -85.732  38.247 -85.73  1.63
6 13  22.0 38.234 -85.732  38.247 -85.73  1.34
7 14  4.0 38.244 -85.732  38.247 -85.73  0.45
1 15  12.0 38.246 -85.732  38.247 -85.73  0.75
6 18  5.0 38.246 -85.732  38.248 -85.73  0.51
5 9  2.0 38.25 -85.732  38.247 -85.73  0.25
4 13  8.0 38.253 -85.732  38.247 -85.73  0.55
7 17  35.0 38.249 -85.732  38.251 -85.73  2.01
5 18  3.0 38.254 -85.732  38.247 -85.73  0.45
6 16  7.0 38.251 -85.735  38.25 -85.727  0.87
6 20  7.0 38.253 -85.736  38.249 -85.726  1.04
3 15  7.0 38.252 -85.732  38.251 -85.73  0.28
7 9  17.0 38.253 -85.734  38.25 -85.728  1.12
4 21  10.0 38.254 -85.734  38.25 -85.728  0.54
6 13  25.0 38.257 -85.732  38.247 -85.73  0.58
6 19  11.0 38.257 -85.734  38.248 -85.728  1.62
7 9  14.0 38.255 -85.734  38.25 -85.728  1.11
4 12  32.0 38.255 -85.733  38.25 -85.729  0.83
3 12  54.0 38.255 -85.733  38.25 -85.729  4.02
4 21  11.0 38.259 -85.734  38.247 -85.728  1.413
1 16  50.0 38.237 -85.731  38.247 -85.73  2.78
2 16  9.0 38.242 -85.731  38.247 -85.73  0.72
6 7  12.0 38.241 -85.732  38.249 -85.729  0.5
7 16  4.0 38.244 -85.731  38.247 -85.73  0.3
4 16  33.0 38.242 -85.734  38.249 -85.727  1.367
4 10  19.0 38.245 -85.731  38.247 -85.73  3.05
1 20  4.0 38.248 -85.731  38.247 -85.73  0.062
5 20  5.0 38.248 -85.731  38.247 -85.73  0.101
1 7  6.0 38.248 -85.731  38.247 -85.73  0.52
5 19  8.0 38.248 -85.731  38.247 -85.73  0.124
5 18  12.0 38.248 -85.731  38.247 -85.73  0.66
3 6  18.0 38.245 -85.732  38.25 -85.729  1.34
5 12  19.0 38.247 -85.731  38.248 -85.73  1.09
4 20  5.0 38.248 -85.731  38.248 -85.73  0.165
1 19  6.0 38.248 -85.731  38.248 -85.73  0.435
1 19  6.0 38.248 -85.731  38.248 -85.73  0.559
7 14  11.0 38.248 -85.731  38.248 -85.73  0.43
1 11  14.0 38.248 -85.731  38.248 -85.73  0.746
3 11  19.0 38.248 -85.731  38.248 -85.73  2.78
5 11  21.0 38.248 -85.731  38.248 -85.73  1.494
4 9  21.0 38.248 -85.731  38.248 -85.73  1.52
2 11  31.0 38.248 -85.731  38.248 -85.73  1.74
4 11  34.0 38.248 -85.731  38.248 -85.73  1.74
7 23  7.0 38.249 -85.731  38.248 -85.73  0.408
5 15  8.0 38.247 -85.735  38.25 -85.726  0.75
6 18  10.0 38.25 -85.736  38.248 -85.725  0.62
2 17  14.0 38.253 -85.731  38.247 -85.73  1.19
7 17  26.0 38.25 -85.732  38.251 -85.729  0.249
6 8  4.0 38.254 -85.731  38.248 -85.73  1.0
6 15  4.0 38.256 -85.731  38.247 -85.73  0.75
6 8  5.0 38.256 -85.731  38.247 -85.73  0.7
4 6  6.0 38.256 -85.731  38.247 -85.73  0.55
2 17  8.0 38.256 -85.731  38.247 -85.73  0.91
2 17  10.0 38.256 -85.731  38.247 -85.73  1.11
1 16  6.0 38.256 -85.732  38.248 -85.729  0.05
1 10  10.0 38.256 -85.733  38.248 -85.728  1.15
3 11  11.0 38.228 -85.732  38.249 -85.728  1.96
7 22  6.0 38.238 -85.732  38.249 -85.728  0.77
3 21  41.0 38.24 -85.73  38.247 -85.73  2.61
7 14  5.0 38.242 -85.73  38.248 -85.73  0.559
6 14  3.0 38.244 -85.73  38.247 -85.73  0.25
6 13  8.0 38.244 -85.73  38.247 -85.73  0.36
4 21  3.0 38.245 -85.73  38.248 -85.73  0.279
7 17  6.0 38.246 -85.73  38.247 -85.73  0.52
3 17  21.0 38.246 -85.73  38.247 -85.73  1.47
1 18  35.0 38.243 -85.73  38.25 -85.73  2.94
6 24  2.0 38.247 -85.73  38.247 -85.73  1.181
6 20  2.0 38.247 -85.73  38.247 -85.73  1.429
4 3  3.0 38.247 -85.73  38.247 -85.73  0.05
5 18  3.0 38.247 -85.73  38.247 -85.73  0.05
1 19  3.0 38.247 -85.73  38.247 -85.73  0.062
7 19  3.0 38.247 -85.73  38.247 -85.73  0.062
3 17  3.0 38.247 -85.73  38.247 -85.73  0.062
3 13  3.0 38.247 -85.73  38.247 -85.73  0.07
1 18  3.0 38.247 -85.73  38.247 -85.73  0.808
3 11  4.0 38.247 -85.73  38.247 -85.73  0.09
3 14  4.0 38.247 -85.73  38.247 -85.73  0.09
6 21  4.0 38.247 -85.73  38.247 -85.73  0.1
5 18  4.0 38.247 -85.73  38.247 -85.73  0.13
5 13  4.0 38.247 -85.73  38.247 -85.73  0.19
7 17  4.0 38.247 -85.73  38.247 -85.73  0.31
7 17  4.0 38.247 -85.73  38.247 -85.73  0.31
2 10  4.0 38.247 -85.73  38.247 -85.73  0.65
1 15  4.0 38.247 -85.73  38.247 -85.73  0.69
1 16  5.0 38.247 -85.73  38.247 -85.73  0.1
1 17  5.0 38.247 -85.73  38.247 -85.73  0.13
7 23  5.0 38.247 -85.73  38.247 -85.73  0.621
7 11  6.0 38.247 -85.73  38.247 -85.73  0.062
1 11  6.0 38.247 -85.73  38.247 -85.73  0.07
5 13  6.0 38.247 -85.73  38.247 -85.73  0.25
6 21  6.0 38.247 -85.73  38.247 -85.73  0.28
7 15  6.0 38.247 -85.73  38.247 -85.73  0.28
1 16  6.0 38.247 -85.73  38.247 -85.73  0.3
1 15  6.0 38.247 -85.73  38.247 -85.73  0.39
7 17  6.0 38.247 -85.73  38.247 -85.73  0.54
7 15  6.0 38.247 -85.73  38.247 -85.73  0.64
7 14  6.0 38.247 -85.73  38.247 -85.73  0.95
7 23  6.0 38.247 -85.73  38.247 -85.73  1.056
7 15  7.0 38.247 -85.73  38.247 -85.73  0.09
5 12  7.0 38.247 -85.73  38.247 -85.73  0.09
1 19  7.0 38.247 -85.73  38.247 -85.73  0.124
5 23  7.0 38.247 -85.73  38.247 -85.73  0.28
6 14  7.0 38.247 -85.73  38.247 -85.73  0.91
1 18  7.0 38.247 -85.73  38.247 -85.73  1.37
3 4  8.0 38.247 -85.73  38.247 -85.73  0.35
2 16  8.0 38.247 -85.73  38.247 -85.73  0.58
3 8  8.0 38.247 -85.73  38.247 -85.73  1.4
2 16  9.0 38.247 -85.73  38.247 -85.73  0.75
5 21  10.0 38.247 -85.73  38.247 -85.73  0.23
3 16  10.0 38.247 -85.73  38.247 -85.73  0.373
2 16  10.0 38.247 -85.73  38.247 -85.73  0.43
5 15  10.0 38.247 -85.73  38.247 -85.73  0.55
6 14  10.0 38.247 -85.73  38.247 -85.73  0.994
4 22  10.0 38.247 -85.73  38.247 -85.73  2.548
3 15  11.0 38.247 -85.73  38.247 -85.73  0.87
7 15  11.0 38.247 -85.73  38.247 -85.73  1.678
7 9  12.0 38.247 -85.73  38.247 -85.73  0.09
5 20  12.0 38.247 -85.73  38.247 -85.73  0.28
7 21  13.0 38.247 -85.73  38.247 -85.73  0.186
5 21  13.0 38.247 -85.73  38.247 -85.73  0.75
7 17  14.0 38.247 -85.73  38.247 -85.73  0.56
1 18  14.0 38.247 -85.73  38.247 -85.73  1.29
7 12  15.0 38.247 -85.73  38.247 -85.73  1.27
7 13  15.0 38.247 -85.73  38.247 -85.73  1.5
7 13  15.0 38.247 -85.73  38.247 -85.73  1.52
1 18  16.0 38.247 -85.73  38.247 -85.73  1.07
7 11  17.0 38.247 -85.73  38.247 -85.73  0.14
7 14  17.0 38.247 -85.73  38.247 -85.73  1.94
7 16  21.0 38.247 -85.73  38.247 -85.73  1.24
6 22  21.0 38.247 -85.73  38.247 -85.73  1.988
3 8  22.0 38.247 -85.73  38.247 -85.73  1.41
3 8  23.0 38.247 -85.73  38.247 -85.73  1.35
3 8  23.0 38.247 -85.73  38.247 -85.73  1.36
5 10  26.0 38.247 -85.73  38.247 -85.73  0.46
2 22  26.0 38.246 -85.731  38.248 -85.729  2.53
1 17  27.0 38.247 -85.73  38.247 -85.73  0.27
3 10  27.0 38.247 -85.73  38.247 -85.73  0.88
6 22  28.0 38.247 -85.73  38.247 -85.73  3.231
7 7  29.0 38.247 -85.73  38.247 -85.73  3.63
2 15  31.0 38.247 -85.73  38.247 -85.73  3.97
2 16  33.0 38.247 -85.73  38.247 -85.73  4.07
2 16  36.0 38.247 -85.73  38.247 -85.73  4.01
3 14  44.0 38.247 -85.73  38.247 -85.73  2.46
2 15  3.0 38.248 -85.73  38.247 -85.73  0.1
7 20  3.0 38.248 -85.73  38.247 -85.73  0.11
6 20  3.0 38.248 -85.73  38.247 -85.73  0.122
7 19  3.0 38.247 -85.73  38.248 -85.73  0.124
6 16  3.0 38.247 -85.73  38.248 -85.73  0.14
3 15  4.0 38.248 -85.73  38.247 -85.73  0.05
7 13  4.0 38.248 -85.73  38.247 -85.73  0.062
1 17  4.0 38.248 -85.73  38.247 -85.73  0.08
1 4  4.0 38.247 -85.73  38.248 -85.73  0.13
5 7  4.0 38.247 -85.73  38.248 -85.73  0.17
1 18  4.0 38.247 -85.73  38.248 -85.73  0.25
5 15  5.0 38.247 -85.73  38.248 -85.73  0.06
5 13  5.0 38.247 -85.73  38.248 -85.73  0.062
7 9  6.0 38.248 -85.73  38.247 -85.73  0.04
3 17  6.0 38.247 -85.73  38.248 -85.73  0.35
6 21  7.0 38.247 -85.73  38.248 -85.73  0.187
6 21  7.0 38.248 -85.73  38.247 -85.73  0.311
6 11  7.0 38.248 -85.73  38.247 -85.73  0.98
5 17  7.0 38.247 -85.73  38.248 -85.73  1.05
7 11  8.0 38.248 -85.73  38.247 -85.73  0.428
1 17  9.0 38.247 -85.73  38.248 -85.73  0.69
4 12  10.0 38.247 -85.73  38.248 -85.73  2.16
6 8  12.0 38.248 -85.73  38.247 -85.73  1.06
7 13  14.0 38.248 -85.73  38.247 -85.73  1.13
5 16  16.0 38.248 -85.731  38.247 -85.729  0.994
2 13  17.0 38.247 -85.73  38.248 -85.73  1.14
2 18  18.0 38.247 -85.73  38.248 -85.73  3.52
2 13  19.0 38.247 -85.73  38.248 -85.73  0.72
6 23  20.0 38.247 -85.73  38.248 -85.73  1.44
4 9  23.0 38.248 -85.73  38.247 -85.73  2.38
3 10  25.0 38.248 -85.73  38.247 -85.73  1.24
4 14  25.0 38.247 -85.73  38.248 -85.73  1.72
4 13  46.0 38.248 -85.73  38.247 -85.73  3.74
4 23  3.0 38.248 -85.73  38.248 -85.73  0.04
3 9  3.0 38.248 -85.73  38.248 -85.73  0.05
7 9  3.0 38.248 -85.73  38.248 -85.73  0.13
7 13  4.0 38.248 -85.73  38.248 -85.73  0.1
5 21  4.0 38.248 -85.73  38.248 -85.73  0.43
7 13  8.0 38.248 -85.73  38.248 -85.73  0.41
7 19  8.0 38.248 -85.73  38.248 -85.73  0.99
2 15  9.0 38.248 -85.73  38.248 -85.73  0.23
6 9  9.0 38.248 -85.73  38.248 -85.73  0.53
2 9  9.0 38.248 -85.73  38.248 -85.73  1.47
5 10  9.0 38.248 -85.73  38.248 -85.73  2.299
4 10  10.0 38.248 -85.73  38.248 -85.73  1.52
3 12  10.0 38.248 -85.73  38.248 -85.73  2.03
7 14  11.0 38.248 -85.73  38.248 -85.73  1.51
3 12  12.0 38.248 -85.73  38.248 -85.73  0.994
4 11  14.0 38.248 -85.73  38.248 -85.73  1.31
3 12  15.0 38.248 -85.73  38.248 -85.73  1.33
5 11  15.0 38.248 -85.73  38.248 -85.73  1.56
4 12  16.0 38.248 -85.73  38.248 -85.73  1.59
5 16  18.0 38.248 -85.73  38.248 -85.73  2.548
4 14  20.0 38.248 -85.73  38.248 -85.73  1.37
6 23  20.0 38.248 -85.73  38.248 -85.73  1.45
3 10  20.0 38.248 -85.73  38.248 -85.73  1.59
2 19  20.0 38.248 -85.73  38.248 -85.73  2.23
2 10  22.0 38.248 -85.73  38.248 -85.73  4.05
2 10  24.0 38.248 -85.73  38.248 -85.73  3.84
2 10  24.0 38.248 -85.73  38.248 -85.73  4.09
5 18  27.0 38.248 -85.73  38.248 -85.73  4.63
6 13  30.0 38.248 -85.73  38.248 -85.73  1.181
3 21  31.0 38.248 -85.73  38.248 -85.73  0.3
4 7  45.0 38.248 -85.73  38.248 -85.73  2.14
3 21  46.0 38.248 -85.73  38.248 -85.73  0.57
4 9  49.0 38.248 -85.73  38.248 -85.73  2.2
4 7  50.0 38.248 -85.73  38.248 -85.73  2.21
5 20  52.0 38.248 -85.73  38.248 -85.73  3.2
3 15  52.0 38.248 -85.73  38.248 -85.73  3.39
3 15  52.0 38.248 -85.73  38.248 -85.73  3.47
6 14  3.0 38.248 -85.73  38.249 -85.73  0.12
7 7  5.0 38.248 -85.73  38.249 -85.73  0.15
7 17  6.0 38.25 -85.733  38.247 -85.727  0.311
7 8  7.0 38.249 -85.73  38.248 -85.73  0.09
6 18  9.0 38.247 -85.731  38.25 -85.729  0.57
5 15  10.0 38.25 -85.733  38.247 -85.727  0.62
1 17  12.0 38.248 -85.73  38.249 -85.73  2.113
4 13  4.0 38.251 -85.731  38.249 -85.729  0.45
6 15  12.0 38.253 -85.733  38.247 -85.727  0.87
4 9  3.0 38.252 -85.731  38.249 -85.729  0.28
5 12  6.0 38.254 -85.734  38.247 -85.726  0.69
4 7  3.0 38.252 -85.731  38.25 -85.729  0.26
4 9  5.0 38.252 -85.731  38.25 -85.729  0.31
5 19  11.0 38.251 -85.73  38.251 -85.73  1.678
2 8  6.0 38.256 -85.73  38.247 -85.73  0.72
7 10  7.0 38.256 -85.73  38.247 -85.73  0.61
2 13  8.0 38.256 -85.73  38.247 -85.73  0.65
7 10  8.0 38.256 -85.73  38.247 -85.73  0.82
7 11  8.0 38.256 -85.73  38.247 -85.73  0.99
6 21  12.0 38.257 -85.73  38.247 -85.73  0.621
6 21  12.0 38.257 -85.73  38.247 -85.73  0.87
6 14  14.0 38.257 -85.73  38.247 -85.73  2.14
6 18  17.0 38.257 -85.73  38.247 -85.73  2.113
7 22  23.0 38.257 -85.73  38.247 -85.73  1.74
6 21  10.0 38.257 -85.73  38.248 -85.73  0.684
7 9  13.0 38.258 -85.732  38.25 -85.728  1.2
7 19  9.0 38.26 -85.73  38.249 -85.73  1.118
2 18  11.0 38.264 -85.73  38.247 -85.73  0.12
7 14  9.0 38.23 -85.731  38.247 -85.728  1.59
7 11  9.0 38.232 -85.729  38.247 -85.73  1.37
4 16  4.0 38.238 -85.729  38.247 -85.73  0.46
7 16  9.0 38.242 -85.729  38.247 -85.73  0.09
6 16  3.0 38.243 -85.729  38.247 -85.73  0.24
7 8  4.0 38.244 -85.729  38.247 -85.73  0.23
6 21  5.0 38.244 -85.729  38.247 -85.73  0.42
7 12  7.0 38.246 -85.729  38.247 -85.73  0.08
7 16  43.0 38.246 -85.729  38.247 -85.73  0.61
6 13  3.0 38.247 -85.73  38.247 -85.729  0.07
7 20  5.0 38.247 -85.73  38.247 -85.729  0.062
7 16  8.0 38.247 -85.73  38.247 -85.729  0.42
1 12  12.0 38.247 -85.73  38.247 -85.729  0.84
4 14  29.0 38.246 -85.729  38.248 -85.73  4.73
6 19  30.0 38.247 -85.73  38.247 -85.729  2.38
6 19  31.0 38.247 -85.73  38.247 -85.729  2.6
4 11  6.0 38.248 -85.729  38.247 -85.73  0.062
6 20  10.0 38.247 -85.73  38.248 -85.729  0.21
1 11  11.0 38.247 -85.73  38.248 -85.729  0.87
6 23  16.0 38.247 -85.729  38.248 -85.73  1.491
3 20  18.0 38.247 -85.73  38.248 -85.729  1.926
4 13  28.0 38.248 -85.729  38.247 -85.73  0.11
7 7  28.0 38.247 -85.73  38.248 -85.729  3.55
5 15  56.0 38.247 -85.73  38.248 -85.729  1.93
4 16  2.0 38.247 -85.73  38.249 -85.729  0.21
6 16  3.0 38.246 -85.729  38.25 -85.73  0.32
4 23  4.0 38.249 -85.729  38.247 -85.73  0.2
5 23  16.0 38.246 -85.733  38.25 -85.726  2.22
1 22  25.0 38.248 -85.731  38.248 -85.728  1.616
2 22  26.0 38.248 -85.73  38.248 -85.729  2.76
6 15  11.0 38.25 -85.729  38.247 -85.73  0.34
3 18  6.0 38.249 -85.729  38.249 -85.73  0.994
6 2  42.0 38.248 -85.73  38.25 -85.729  1.75
3 12  4.0 38.251 -85.73  38.248 -85.729  0.17
4 9  4.0 38.252 -85.731  38.247 -85.728  0.47
5 3  3.0 38.252 -85.729  38.248 -85.73  0.13
4 7  4.0 38.253 -85.732  38.248 -85.727  0.37
5 21  5.0 38.254 -85.73  38.247 -85.729  0.53
7 19  6.0 38.256 -85.729  38.247 -85.73  0.87
2 12  4.0 38.255 -85.733  38.25 -85.726  0.671
4 18  27.0 38.262 -85.731  38.248 -85.728  2.237
5 3  13.0 38.229 -85.731  38.247 -85.727  1.98
7 4  13.0 38.234 -85.728  38.248 -85.73  1.43
4 21  7.0 38.238 -85.728  38.247 -85.73  0.99
7 12  6.0 38.241 -85.728  38.247 -85.73  0.68
2 13  4.0 38.246 -85.728  38.247 -85.73  0.43
7 18  8.0 38.246 -85.729  38.247 -85.729  0.13
7 18  11.0 38.246 -85.729  38.247 -85.729  0.22
1 22  11.0 38.246 -85.728  38.247 -85.73  1.27
7 12  14.0 38.245 -85.728  38.248 -85.73  0.69
7 18  4.0 38.247 -85.73  38.247 -85.728  0.87
5 20  5.0 38.247 -85.729  38.247 -85.729  2.051
4 18  7.0 38.247 -85.729  38.247 -85.729  1.056
3 17  11.0 38.247 -85.73  38.247 -85.728  0.066
7 16  11.0 38.247 -85.729  38.247 -85.729  0.08
7 20  12.0 38.247 -85.729  38.247 -85.729  0.14
7 13  3.0 38.247 -85.73  38.248 -85.728  0.1
6 15  4.0 38.247 -85.73  38.248 -85.728  0.15
1 17  11.0 38.247 -85.73  38.248 -85.728  0.42
6 6  49.0 38.245 -85.729  38.25 -85.729  2.25
4 8  3.0 38.247 -85.728  38.249 -85.73  0.24
7 1  3.0 38.249 -85.731  38.248 -85.727  0.17
6 16  3.0 38.25 -85.728  38.247 -85.73  0.18
6 18  8.0 38.247 -85.73  38.25 -85.728  0.47
7 12  11.0 38.247 -85.73  38.25 -85.728  0.86
4 23  3.0 38.247 -85.728  38.251 -85.73  0.25
4 17  2.0 38.249 -85.729  38.25 -85.729  1.678
7 16  5.0 38.249 -85.73  38.25 -85.728  0.26
5 7  4.0 38.25 -85.729  38.25 -85.729  0.06
2 5  13.0 38.25 -85.729  38.25 -85.729  0.31
7 9  14.0 38.25 -85.729  38.25 -85.729  1.12
3 4  22.0 38.25 -85.729  38.25 -85.729  0.33
2 8  40.0 38.25 -85.729  38.25 -85.729  0.99
1 15  4.0 38.254 -85.73  38.247 -85.728  0.54
7 19  6.0 38.254 -85.729  38.249 -85.729  0.62
1 17  6.0 38.256 -85.728  38.247 -85.73  0.73
1 17  8.0 38.256 -85.728  38.247 -85.73  0.79
7 19  9.0 38.256 -85.728  38.247 -85.73  1.0
3 18  6.0 38.256 -85.728  38.248 -85.73  0.85
2 0  7.0 38.256 -85.728  38.248 -85.73  0.68
1 14  5.0 38.256 -85.729  38.249 -85.729  0.53
7 20  5.0 38.256 -85.731  38.249 -85.727  0.92
1 19  5.0 38.256 -85.731  38.249 -85.727  0.93
5 20  5.0 38.256 -85.731  38.249 -85.727  0.99
2 13  6.0 38.256 -85.729  38.249 -85.729  0.53
7 19  6.0 38.256 -85.731  38.249 -85.727  0.83
4 8  6.0 38.256 -85.731  38.249 -85.727  0.84
1 15  6.0 38.258 -85.729  38.251 -85.729  0.77
7 12  10.0 38.238 -85.728  38.248 -85.729  0.808
5 18  31.0 38.242 -85.727  38.247 -85.73  0.24
6 15  22.0 38.242 -85.727  38.248 -85.73  0.59
2 13  3.0 38.244 -85.727  38.247 -85.73  0.28
5 20  4.0 38.244 -85.727  38.247 -85.73  0.26
7 14  4.0 38.244 -85.727  38.247 -85.73  0.33
5 20  5.0 38.244 -85.727  38.247 -85.73  0.28
3 21  7.0 38.243 -85.727  38.248 -85.73  0.42
3 21  9.0 38.243 -85.727  38.248 -85.73  0.46
5 22  10.0 38.244 -85.727  38.247 -85.73  0.137
7 13  37.0 38.244 -85.728  38.247 -85.729  0.78
7 14  48.0 38.244 -85.727  38.247 -85.73  0.53
3 20  24.0 38.245 -85.729  38.247 -85.728  2.796
6 21  8.0 38.245 -85.73  38.248 -85.727  0.253
3 20  25.0 38.246 -85.729  38.247 -85.728  2.858
3 12  3.0 38.246 -85.73  38.248 -85.727  0.23
3 17  6.0 38.247 -85.729  38.247 -85.728  0.347
7 18  27.0 38.247 -85.73  38.247 -85.727  0.186
2 19  3.0 38.245 -85.729  38.25 -85.728  0.186
6 10  25.0 38.244 -85.728  38.251 -85.729  0.68
3 15  2.0 38.247 -85.73  38.249 -85.727  0.29
1 20  12.0 38.249 -85.727  38.247 -85.73  1.305
7 5  56.0 38.247 -85.73  38.249 -85.727  0.31
7 16  6.0 38.247 -85.73  38.25 -85.727  0.249
7 22  5.0 38.251 -85.732  38.247 -85.725  0.66
5 15  7.0 38.251 -85.732  38.247 -85.725  0.56
4 11  37.0 38.249 -85.728  38.249 -85.729  0.75
5 16  10.0 38.25 -85.729  38.25 -85.728  0.88
5 16  15.0 38.249 -85.728  38.251 -85.729  2.299
4 20  6.0 38.255 -85.73  38.248 -85.727  1.36
1 17  8.0 38.255 -85.727  38.248 -85.73  0.54
7 12  5.0 38.257 -85.727  38.247 -85.73  0.63
2 17  5.0 38.256 -85.727  38.248 -85.73  0.68
1 15  7.0 38.256 -85.729  38.248 -85.728  0.68
5 6  5.0 38.257 -85.727  38.248 -85.73  0.63
2 15  5.0 38.256 -85.73  38.249 -85.727  0.63
2 20  6.0 38.256 -85.73  38.249 -85.727  0.8
1 12  6.0 38.258 -85.727  38.247 -85.73  0.87
3 16  7.0 38.258 -85.727  38.247 -85.73  1.02
7 11  12.0 38.257 -85.727  38.248 -85.73  1.52
3 9  14.0 38.258 -85.727  38.247 -85.73  1.51
2 19  38.0 38.256 -85.73  38.249 -85.727  4.51
3 6  4.0 38.258 -85.727  38.248 -85.73  0.83
2 14  5.0 38.258 -85.727  38.248 -85.73  0.67
5 4  5.0 38.258 -85.727  38.248 -85.73  0.76
6 20  5.0 38.257 -85.73  38.249 -85.727  1.79
4 1  6.0 38.258 -85.727  38.248 -85.73  1.07
5 20  7.0 38.257 -85.73  38.249 -85.727  0.932
3 17  7.0 38.257 -85.73  38.249 -85.727  0.99
3 16  7.0 38.257 -85.73  38.249 -85.727  0.994
4 20  11.0 38.258 -85.727  38.248 -85.73  1.05
6 17  5.0 38.257 -85.73  38.25 -85.727  0.47
6 20  6.0 38.26 -85.729  38.251 -85.728  0.41
5 19  9.0 38.235 -85.727  38.249 -85.729  0.97
1 10  3.0 38.242 -85.726  38.247 -85.73  0.4
7 20  3.0 38.242 -85.726  38.247 -85.73  0.435
6 15  4.0 38.242 -85.726  38.247 -85.73  0.28
6 15  4.0 38.242 -85.726  38.247 -85.73  0.54
7 18  4.0 38.242 -85.726  38.247 -85.73  0.68
4 15  5.0 38.242 -85.726  38.247 -85.73  0.45
6 15  6.0 38.242 -85.726  38.247 -85.73  0.44
7 11  8.0 38.242 -85.726  38.247 -85.73  0.49
1 20  9.0 38.242 -85.726  38.247 -85.73  0.64
5 17  14.0 38.242 -85.726  38.247 -85.73  1.25
1 20  29.0 38.242 -85.726  38.247 -85.73  0.64
1 16  2.0 38.242 -85.726  38.248 -85.73  0.47
4 11  3.0 38.243 -85.726  38.247 -85.73  0.4
6 19  3.0 38.242 -85.726  38.248 -85.73  0.53
7 16  5.0 38.243 -85.726  38.247 -85.73  0.38
7 16  6.0 38.243 -85.726  38.247 -85.73  0.38
5 19  7.0 38.242 -85.726  38.248 -85.73  0.77
7 13  9.0 38.242 -85.726  38.248 -85.73  0.86
7 12  12.0 38.242 -85.726  38.248 -85.73  0.75
2 17  3.0 38.243 -85.727  38.248 -85.729  1.03
5 20  7.0 38.242 -85.728  38.249 -85.728  1.01
7 20  6.0 38.245 -85.728  38.247 -85.728  0.746
6 15  28.0 38.243 -85.73  38.249 -85.726  4.78
7 19  3.0 38.245 -85.729  38.249 -85.727  0.18
6 21  11.0 38.247 -85.73  38.248 -85.726  1.137
6 19  5.0 38.248 -85.728  38.248 -85.728  1.118
6 22  29.0 38.246 -85.731  38.25 -85.725  1.802
4 19  5.0 38.25 -85.729  38.247 -85.727  0.16
7 3  12.0 38.247 -85.73  38.25 -85.726  1.04
4 18  33.0 38.248 -85.727  38.25 -85.729  0.15
6 23  4.0 38.249 -85.729  38.25 -85.727  0.186
3 6  26.0 38.249 -85.726  38.25 -85.73  2.63
7 22  2.0 38.25 -85.728  38.25 -85.728  0.435
1 12  8.0 38.25 -85.728  38.25 -85.728  0.46
1 21  10.0 38.253 -85.729  38.25 -85.727  0.906
5 17  8.0 38.255 -85.73  38.25 -85.726  0.78
4 5  6.0 38.259 -85.726  38.249 -85.73  0.69
3 7  14.0 38.265 -85.726  38.248 -85.73  1.92
1 13  4.0 38.238 -85.725  38.247 -85.73  0.74
7 16  5.0 38.24 -85.725  38.247 -85.73  0.61
7 18  30.0 38.24 -85.725  38.247 -85.73  0.124
5 9  3.0 38.241 -85.725  38.247 -85.73  0.43
7 15  3.0 38.241 -85.725  38.247 -85.73  0.49
6 9  4.0 38.241 -85.725  38.247 -85.73  0.38
7 17  4.0 38.241 -85.725  38.247 -85.73  0.55
6 12  5.0 38.241 -85.725  38.247 -85.73  0.45
3 18  5.0 38.24 -85.725  38.248 -85.73  0.9
4 11  5.0 38.241 -85.725  38.247 -85.73  1.09
2 9  6.0 38.241 -85.725  38.247 -85.73  0.59
3 14  6.0 38.238 -85.726  38.25 -85.729  0.66
1 18  6.0 38.24 -85.728  38.248 -85.727  0.79
3 8  7.0 38.241 -85.725  38.247 -85.73  0.64
2 11  8.0 38.241 -85.727  38.247 -85.728  0.82
7 18  9.0 38.241 -85.725  38.247 -85.73  0.5
3 19  12.0 38.241 -85.725  38.247 -85.73  0.51
5 17  15.0 38.241 -85.725  38.247 -85.73  1.33
7 19  24.0 38.241 -85.725  38.247 -85.73  0.497
2 17  26.0 38.241 -85.725  38.247 -85.73  0.58
7 15  27.0 38.241 -85.725  38.247 -85.73  3.977
5 18  33.0 38.241 -85.725  38.247 -85.73  0.81
2 14  33.0 38.241 -85.725  38.247 -85.73  4.44
7 15  3.0 38.242 -85.726  38.247 -85.729  0.32
1 14  3.0 38.242 -85.725  38.247 -85.73  0.35
5 5  3.0 38.242 -85.725  38.247 -85.73  0.48
6 17  3.0 38.241 -85.725  38.248 -85.73  0.56
7 12  3.0 38.242 -85.725  38.247 -85.73  0.56
6 17  4.0 38.241 -85.725  38.248 -85.73  0.48
4 8  4.0 38.242 -85.725  38.247 -85.73  0.55
4 12  4.0 38.241 -85.725  38.248 -85.73  0.62
1 13  6.0 38.242 -85.725  38.247 -85.73  0.57
7 18  6.0 38.241 -85.726  38.248 -85.729  0.59
2 17  7.0 38.24 -85.726  38.249 -85.729  0.68
7 18  9.0 38.242 -85.725  38.247 -85.73  0.5
2 16  9.0 38.242 -85.728  38.247 -85.727  0.71
5 10  11.0 38.241 -85.725  38.248 -85.73  0.79
7 14  18.0 38.242 -85.725  38.247 -85.73  0.559
2 17  19.0 38.242 -85.725  38.247 -85.73  3.78
6 18  24.0 38.241 -85.725  38.248 -85.73  1.0
4 19  55.0 38.242 -85.725  38.247 -85.73  2.9
7 20  4.0 38.243 -85.725  38.247 -85.73  0.35
2 9  3.0 38.242 -85.726  38.249 -85.729  0.621
7 9  4.0 38.243 -85.725  38.248 -85.73  0.471
7 7  5.0 38.242 -85.726  38.249 -85.729  0.69
7 20  31.0 38.241 -85.727  38.25 -85.728  0.86
7 15  5.0 38.245 -85.729  38.247 -85.726  0.35
5 15  16.0 38.243 -85.726  38.249 -85.729  0.31
6 5  4.0 38.245 -85.725  38.249 -85.73  0.46
7 19  2.0 38.248 -85.727  38.247 -85.728  0.56
6 24  5.0 38.247 -85.728  38.248 -85.727  0.18
4 22  3.0 38.246 -85.729  38.25 -85.726  0.35
6 4  4.0 38.246 -85.729  38.25 -85.726  0.08
6 23  21.0 38.249 -85.727  38.248 -85.728  2.361
7 15  7.0 38.247 -85.73  38.251 -85.725  0.46
7 21  18.0 38.249 -85.728  38.249 -85.727  0.55
7 19  32.0 38.25 -85.728  38.25 -85.727  3.6
7 20  5.0 38.253 -85.728  38.249 -85.727  0.9
1 17  8.0 38.258 -85.727  38.249 -85.728  0.97
2 14  10.0 38.265 -85.725  38.247 -85.73  2.14
2 14  11.0 38.265 -85.725  38.247 -85.73  1.94
2 14  11.0 38.265 -85.725  38.247 -85.73  1.97
6 14  11.0 38.265 -85.725  38.247 -85.73  2.1
2 10  27.0 38.265 -85.725  38.247 -85.73  2.07
2 10  27.0 38.265 -85.725  38.247 -85.73  2.12
3 14  7.0 38.235 -85.724  38.247 -85.73  0.932
7 17  11.0 38.239 -85.724  38.247 -85.73  1.55
7 18  3.0 38.24 -85.724  38.247 -85.73  0.1
5 19  4.0 38.24 -85.724  38.247 -85.73  0.48
4 15  4.0 38.24 -85.724  38.247 -85.73  0.61
6 11  5.0 38.24 -85.724  38.247 -85.73  0.5
4 15  5.0 38.24 -85.724  38.247 -85.73  0.78
6 20  6.0 38.24 -85.724  38.247 -85.73  0.63
7 8  6.0 38.24 -85.724  38.247 -85.73  1.02
7 19  7.0 38.24 -85.724  38.247 -85.73  0.62
6 20  7.0 38.24 -85.724  38.247 -85.73  0.63
7 9  7.0 38.24 -85.724  38.247 -85.73  0.71
2 13  7.0 38.24 -85.724  38.247 -85.73  0.71
3 15  7.0 38.239 -85.724  38.248 -85.73  0.77
7 9  7.0 38.24 -85.724  38.247 -85.73  0.77
6 18  9.0 38.24 -85.724  38.247 -85.73  0.71
6 18  11.0 38.24 -85.724  38.247 -85.73  0.67
5 21  12.0 38.24 -85.724  38.247 -85.73  0.684
6 20  13.0 38.24 -85.724  38.247 -85.73  1.37
5 15  47.0 38.24 -85.724  38.247 -85.73  3.75
6 12  6.0 38.241 -85.725  38.247 -85.729  0.45
7 12  9.0 38.24 -85.724  38.248 -85.73  0.62
7 12  12.0 38.24 -85.724  38.248 -85.73  0.68
2 17  33.0 38.24 -85.724  38.248 -85.73  3.08
2 13  5.0 38.242 -85.724  38.247 -85.73  0.51
6 21  6.0 38.242 -85.725  38.247 -85.729  0.48
3 15  8.0 38.242 -85.725  38.247 -85.729  0.373
6 10  5.0 38.241 -85.725  38.249 -85.729  0.61
1 14  12.0 38.242 -85.726  38.248 -85.728  1.44
2 23  35.0 38.241 -85.725  38.249 -85.729  1.429
7 14  43.0 38.242 -85.727  38.248 -85.727  0.5
5 12  5.0 38.241 -85.725  38.25 -85.729  0.49
6 10  5.0 38.241 -85.725  38.25 -85.729  0.51
6 13  6.0 38.241 -85.725  38.25 -85.729  0.69
4 13  7.0 38.241 -85.725  38.25 -85.729  0.59
7 14  14.0 38.241 -85.725  38.25 -85.729  0.51
2 22  41.0 38.241 -85.725  38.25 -85.729  1.76
4 14  4.0 38.242 -85.725  38.25 -85.729  0.48
5 21  5.0 38.242 -85.726  38.25 -85.728  0.65
7 17  2.0 38.246 -85.728  38.247 -85.726  0.19
7 0  6.0 38.243 -85.726  38.25 -85.728  0.64
5 9  10.0 38.247 -85.727  38.247 -85.727  1.988
4 13  12.0 38.247 -85.726  38.247 -85.728  1.12
6 8  22.0 38.247 -85.727  38.247 -85.727  1.07
6 19  2.0 38.249 -85.727  38.247 -85.727  0.22
1 15  6.0 38.249 -85.725  38.247 -85.729  0.311
1 17  3.0 38.248 -85.728  38.25 -85.726  0.08
2 19  3.0 38.249 -85.727  38.249 -85.727  0.24
5 12  5.0 38.249 -85.727  38.249 -85.727  0.497
3 21  5.0 38.249 -85.727  38.249 -85.727  0.994
4 12  5.0 38.249 -85.727  38.249 -85.727  1.056
3 11  5.0 38.249 -85.727  38.249 -85.727  1.491
3 9  7.0 38.249 -85.727  38.249 -85.727  0.994
2 22  8.0 38.249 -85.727  38.249 -85.727  1.181
1 17  11.0 38.249 -85.727  38.249 -85.727  0.746
2 16  15.0 38.249 -85.727  38.249 -85.727  1.53
6 10  17.0 38.249 -85.727  38.249 -85.727  0.23
3 10  22.0 38.249 -85.727  38.249 -85.727  1.864
4 10  25.0 38.249 -85.727  38.249 -85.727  1.181
6 22  5.0 38.251 -85.724  38.248 -85.73  0.497
6 14  12.0 38.251 -85.724  38.248 -85.73  0.92
6 21  4.0 38.25 -85.726  38.25 -85.728  0.062
1 16  5.0 38.256 -85.728  38.249 -85.726  0.87
6 3  13.0 38.266 -85.726  38.25 -85.728  1.57
6 17  7.0 38.239 -85.723  38.247 -85.73  0.82
1 14  9.0 38.239 -85.723  38.247 -85.73  0.78
1 14  9.0 38.239 -85.723  38.247 -85.73  0.78
1 16  9.0 38.239 -85.723  38.247 -85.73  1.19
1 16  9.0 38.239 -85.723  38.247 -85.73  1.23
2 19  12.0 38.239 -85.723  38.247 -85.73  1.14
4 17  13.0 38.239 -85.723  38.247 -85.73  0.78
2 19  23.0 38.239 -85.723  38.247 -85.73  1.18
6 18  8.0 38.24 -85.723  38.247 -85.73  0.89
7 14  11.0 38.24 -85.723  38.247 -85.73  1.24
6 16  40.0 38.239 -85.723  38.248 -85.73  2.237
7 12  5.0 38.24 -85.724  38.248 -85.729  0.67
6 18  8.0 38.241 -85.725  38.247 -85.728  0.53
7 12  19.0 38.24 -85.724  38.248 -85.729  1.8
6 19  20.0 38.238 -85.728  38.25 -85.725  2.41
7 23  4.0 38.241 -85.725  38.248 -85.728  0.36
7 16  4.0 38.242 -85.724  38.247 -85.729  0.71
3 18  6.0 38.242 -85.726  38.247 -85.727  0.435
5 10  7.0 38.241 -85.723  38.248 -85.73  0.87
5 18  9.0 38.239 -85.723  38.25 -85.73  0.435
3 12  10.0 38.242 -85.726  38.247 -85.727  0.7
1 14  4.0 38.242 -85.726  38.248 -85.727  0.51
6 10  6.0 38.24 -85.724  38.25 -85.729  0.6
2 21  43.0 38.241 -85.725  38.249 -85.728  1.89
1 14  4.0 38.242 -85.724  38.25 -85.729  0.63
3 17  4.0 38.242 -85.725  38.25 -85.728  0.7
5 20  3.0 38.246 -85.725  38.248 -85.728  0.26
2 13  5.0 38.246 -85.727  38.248 -85.726  0.31
4 17  5.0 38.246 -85.728  38.248 -85.725  0.33
1 18  9.0 38.244 -85.726  38.251 -85.727  1.78
7 21  10.0 38.248 -85.725  38.247 -85.728  0.497
2 13  6.0 38.248 -85.726  38.248 -85.727  0.77
5 13  6.0 38.251 -85.723  38.247 -85.73  0.64
6 14  13.0 38.25 -85.723  38.248 -85.73  1.18
7 20  7.0 38.249 -85.725  38.25 -85.728  0.27
1 12  20.0 38.25 -85.726  38.249 -85.727  0.87
7 14  11.0 38.253 -85.723  38.248 -85.73  1.3
6 18  14.0 38.254 -85.725  38.247 -85.728  2.026
3 11  5.0 38.259 -85.723  38.247 -85.73  0.7
4 14  7.0 38.237 -85.723  38.247 -85.729  0.86
5 21  4.0 38.239 -85.725  38.247 -85.727  0.47
6 19  4.0 38.239 -85.722  38.247 -85.73  0.74
4 8  5.0 38.239 -85.723  38.247 -85.729  0.44
4 19  5.0 38.239 -85.722  38.247 -85.73  0.68
6 15  5.0 38.239 -85.722  38.247 -85.73  0.76
7 12  6.0 38.239 -85.722  38.247 -85.73  0.746
7 15  7.0 38.239 -85.723  38.247 -85.729  0.62
6 20  7.0 38.239 -85.722  38.247 -85.73  0.92
1 18  8.0 38.239 -85.722  38.247 -85.73  0.777
3 15  9.0 38.239 -85.722  38.247 -85.73  1.37
6 18  15.0 38.239 -85.722  38.247 -85.73  1.36
5 23  17.0 38.239 -85.724  38.247 -85.728  2.672
2 17  50.0 38.239 -85.722  38.247 -85.73  2.77
7 13  7.0 38.239 -85.722  38.248 -85.73  0.82
7 23  17.0 38.239 -85.722  38.248 -85.73  1.51
1 17  28.0 38.24 -85.722  38.247 -85.73  2.05
5 16  8.0 38.24 -85.722  38.248 -85.73  0.914
7 2  13.0 38.241 -85.725  38.247 -85.727  0.48
1 14  56.0 38.24 -85.724  38.249 -85.728  2.05
3 20  3.0 38.242 -85.725  38.248 -85.727  0.55
7 5  5.0 38.241 -85.725  38.249 -85.727  0.79
6 19  6.0 38.242 -85.725  38.248 -85.727  0.497
6 18  8.0 38.241 -85.725  38.249 -85.727  0.74
6 9  8.0 38.24 -85.724  38.25 -85.728  0.932
6 19  33.0 38.241 -85.725  38.249 -85.727  2.85
1 18  5.0