7 8  12.0 38.223 -85.77  38.232 -85.75  1.63
5 12  13.0 38.224 -85.77  38.231 -85.75  2.113
6 11  18.0 38.202 -85.769  38.231 -85.75  2.83
7 10  9.0 38.231 -85.764  38.23 -85.751  0.684
2 13  56.0 38.231 -85.765  38.231 -85.75  1.28
6 14  6.0 38.235 -85.765  38.233 -85.75  0.74
7 19  35.0 38.204 -85.767  38.232 -85.747  3.38
4 14  14.0 38.218 -85.764  38.231 -85.75  1.37
7 4  9.0 38.226 -85.765  38.229 -85.749  1.18
7 14  10.0 38.225 -85.768  38.232 -85.746  1.923
1 14  6.0 38.229 -85.763  38.233 -85.751  1.03
1 2  31.0 38.221 -85.763  38.23 -85.75  4.5
2 12  10.0 38.22 -85.762  38.233 -85.751  1.51
6 17  27.0 38.222 -85.766  38.232 -85.747  1.78
1 12  12.0 38.227 -85.762  38.231 -85.751  1.24
3 17  11.0 38.235 -85.764  38.23 -85.749  0.98
1 20  5.0 38.234 -85.763  38.233 -85.75  1.06
6 12  16.0 38.26 -85.762  38.231 -85.751  2.9
2 11  14.0 38.22 -85.762  38.233 -85.75  1.616
2 11  6.0 38.226 -85.762  38.23 -85.75  1.02
5 22  6.0 38.237 -85.761  38.233 -85.751  0.7
2 23  21.0 38.253 -85.761  38.229 -85.751  3.64
1 11  21.0 38.259 -85.766  38.233 -85.746  2.63
3 12  17.0 38.206 -85.764  38.232 -85.747  2.4
7 12  21.0 38.205 -85.761  38.233 -85.75  2.85
1 13  11.0 38.219 -85.76  38.23 -85.751  1.14
5 20  10.0 38.221 -85.763  38.231 -85.748  1.62
6 8  10.0 38.225 -85.763  38.231 -85.748  1.005
2 21  12.0 38.223 -85.765  38.233 -85.746  1.78
7 13  7.0 38.232 -85.761  38.232 -85.75  0.73
6 17  8.0 38.231 -85.761  38.233 -85.75  1.04
2 18  5.0 38.235 -85.761  38.232 -85.75  0.97
4 17  10.0 38.235 -85.761  38.232 -85.75  0.87
7 17  8.0 38.238 -85.764  38.231 -85.747  1.16
4 9  12.0 38.246 -85.762  38.232 -85.749  1.47
4 13  12.0 38.246 -85.762  38.232 -85.749  1.8
7 18  13.0 38.25 -85.76  38.229 -85.751  2.2
4 10  14.0 38.247 -85.763  38.233 -85.748  2.113
6 10  16.0 38.255 -85.762  38.233 -85.749  1.97
2 12  17.0 38.257 -85.761  38.233 -85.75  2.17
6 21  11.0 38.211 -85.762  38.233 -85.748  2.423
3 10  8.0 38.219 -85.759  38.23 -85.751  1.14
5 14  7.0 38.22 -85.76  38.23 -85.75  0.93
4 15  9.0 38.218 -85.759  38.233 -85.751  1.075
3 10  13.0 38.22 -85.761  38.231 -85.749  1.48
5 6  5.0 38.226 -85.76  38.23 -85.75  0.74
3 7  5.0 38.226 -85.76  38.23 -85.75  0.89
3 12  6.0 38.226 -85.76  38.23 -85.75  0.67
7 6  6.0 38.226 -85.76  38.23 -85.75  0.7
5 10  6.0 38.226 -85.76  38.23 -85.75  0.96
3 7  6.0 38.226 -85.76  38.23 -85.75  1.02
3 11  7.0 38.226 -85.76  38.23 -85.75  0.75
3 5  5.0 38.226 -85.76  38.231 -85.75  0.4
4 10  5.0 38.226 -85.76  38.231 -85.75  0.51
5 6  5.0 38.226 -85.76  38.231 -85.75  0.72
3 11  6.0 38.226 -85.76  38.231 -85.75  0.42
1 12  6.0 38.226 -85.76  38.231 -85.75  0.57
3 10  7.0 38.226 -85.76  38.231 -85.75  0.54
2 9  7.0 38.226 -85.76  38.231 -85.75  0.77
4 12  10.0 38.227 -85.759  38.233 -85.751  1.19
1 6  23.0 38.229 -85.761  38.231 -85.749  1.69
4 22  6.0 38.234 -85.761  38.23 -85.749  0.83
3 4  7.0 38.234 -85.76  38.232 -85.75  0.9
2 18  7.0 38.236 -85.761  38.231 -85.749  0.73
4 12  7.0 38.242 -85.762  38.231 -85.748  1.367
3 14  11.0 38.244 -85.76  38.233 -85.75  1.55
2 14  22.0 38.251 -85.761  38.232 -85.749  2.24
6 10  14.0 38.257 -85.759  38.232 -85.751  2.5
4 12  17.0 38.26 -85.759  38.231 -85.751  2.83
7 14  17.0 38.206 -85.759  38.232 -85.75  2.33
7 13  6.0 38.219 -85.76  38.231 -85.749  0.86
4 5  5.0 38.224 -85.758  38.229 -85.751  0.29
6 11  5.0 38.225 -85.76  38.229 -85.749  1.03
5 10  5.0 38.226 -85.76  38.23 -85.749  0.87
6 6  6.0 38.226 -85.76  38.23 -85.749  0.66
3 6  6.0 38.226 -85.759  38.23 -85.75  0.73
1 6  6.0 38.226 -85.76  38.23 -85.749  0.97
6 2  5.0 38.227 -85.76  38.23 -85.749  1.82
7 20  4.0 38.23 -85.759  38.231 -85.75  0.67
7 21  10.0 38.233 -85.758  38.229 -85.751  0.68
5 19  13.0 38.233 -85.759  38.229 -85.75  0.98
4 17  27.0 38.232 -85.758  38.23 -85.751  2.49
6 18  7.0 38.233 -85.761  38.23 -85.748  0.93
1 15  19.0 38.232 -85.758  38.233 -85.751  3.666
6 15  20.0 38.237 -85.761  38.232 -85.748  0.98
4 14  16.0 38.239 -85.761  38.233 -85.748  1.988
5 11  8.0 38.244 -85.762  38.23 -85.747  1.17
6 24  30.0 38.248 -85.758  38.229 -85.751  2.548
5 13  11.0 38.248 -85.761  38.232 -85.748  1.81
3 10  29.0 38.248 -85.76  38.232 -85.749  1.68
2 21  20.0 38.252 -85.76  38.233 -85.749  2.17
4 13  34.0 38.255 -85.758  38.231 -85.751  2.57
7 13  14.0 38.254 -85.762  38.233 -85.747  2.32
6 12  27.0 38.259 -85.759  38.23 -85.75  2.81
2 11  37.0 38.259 -85.761  38.231 -85.748  3.78
6 9  6.0 38.219 -85.757  38.229 -85.751  0.72
3 12  21.0 38.218 -85.76  38.232 -85.748  2.548
2 23  9.0 38.229 -85.758  38.23 -85.75  1.37
4 7  15.0 38.227 -85.758  38.232 -85.75  0.77
6 10  6.0 38.229 -85.759  38.232 -85.749  0.52
7 6  50.0 38.228 -85.76  38.233 -85.748  1.19
5 14  7.0 38.234 -85.758  38.229 -85.75  0.85
6 12  4.0 38.232 -85.758  38.232 -85.75  0.58
3 18  5.0 38.235 -85.759  38.231 -85.749  0.61
2 17  7.0 38.234 -85.757  38.232 -85.751  0.45
6 21  8.0 38.242 -85.758  38.232 -85.75  1.46
3 9  19.0 38.243 -85.759  38.232 -85.749  1.77
6 11  9.0 38.244 -85.759  38.232 -85.749  1.09
2 18  10.0 38.244 -85.759  38.232 -85.749  1.34
5 13  8.0 38.244 -85.758  38.233 -85.75  1.36
3 9  9.0 38.247 -85.759  38.232 -85.749  1.35
5 13  10.0 38.247 -85.759  38.232 -85.749  1.616
3 13  11.0 38.247 -85.759  38.232 -85.749  1.68
4 13  12.0 38.246 -85.757  38.233 -85.751  1.33
2 10  14.0 38.247 -85.759  38.232 -85.749  1.35
4 13  14.0 38.247 -85.759  38.232 -85.749  1.65
2 13  21.0 38.247 -85.759  38.232 -85.749  1.67
2 10  44.0 38.246 -85.759  38.233 -85.749  4.75
2 16  8.0 38.247 -85.759  38.233 -85.749  1.23
6 9  8.0 38.247 -85.759  38.233 -85.749  1.35
4 9  9.0 38.247 -85.759  38.233 -85.749  1.39
5 14  9.0 38.247 -85.758  38.233 -85.75  1.56
2 13  9.0 38.247 -85.759  38.233 -85.749  1.63
4 13  9.0 38.247 -85.759  38.233 -85.749  1.64
5 13  10.0 38.247 -85.759  38.233 -85.749  1.42
3 23  10.0 38.247 -85.759  38.233 -85.749  1.51
3 19  10.0 38.247 -85.759  38.233 -85.749  1.64
3 13  10.0 38.248 -85.759  38.232 -85.749  1.66
3 9  11.0 38.247 -85.759  38.233 -85.749  1.36
2 20  11.0 38.247 -85.759  38.233 -85.749  1.4
4 20  12.0 38.247 -85.759  38.233 -85.749  1.63
3 19  12.0 38.247 -85.759  38.233 -85.749  1.64
4 13  13.0 38.247 -85.759  38.233 -85.749  1.616
2 19  13.0 38.247 -85.759  38.233 -85.749  1.68
3 21  15.0 38.247 -85.759  38.233 -85.749  1.52
6 10  18.0 38.247 -85.759  38.233 -85.749  1.44
3 14  19.0 38.247 -85.759  38.233 -85.749  1.616
5 19  21.0 38.247 -85.759  38.233 -85.749  1.62
6 10  29.0 38.247 -85.759  38.233 -85.749  2.83
7 18  7.0 38.249 -85.759  38.233 -85.749  0.249
6 10  29.0 38.253 -85.759  38.233 -85.749  2.31
7 22  29.0 38.256 -85.76  38.23 -85.748  3.26
6 20  11.0 38.218 -85.759  38.233 -85.748  1.76
7 19  44.0 38.221 -85.758  38.23 -85.749  3.8
2 21  16.0 38.22 -85.758  38.233 -85.749  2.13
6 6  8.0 38.226 -85.758  38.23 -85.749  0.94
1 17  11.0 38.223 -85.76  38.233 -85.747  1.91
4 0  12.0 38.232 -85.757  38.232 -85.75  1.35
5 18  10.0 38.234 -85.756  38.233 -85.751  0.39
7 21  7.0 38.243 -85.756  38.231 -85.751  0.98
3 16  8.0 38.243 -85.757  38.232 -85.75  1.05
5 16  24.0 38.245 -85.757  38.231 -85.75  2.38
6 14  7.0 38.246 -85.758  38.233 -85.749  1.3
5 9  9.0 38.246 -85.758  38.233 -85.749  1.27
4 9  9.0 38.246 -85.758  38.233 -85.749  1.33
2 9  10.0 38.247 -85.758  38.232 -85.749  1.37
3 13  12.0 38.246 -85.758  38.233 -85.749  1.48
2 14  12.0 38.246 -85.758  38.233 -85.749  1.55
2 13  12.0 38.247 -85.758  38.232 -85.749  1.58
5 10  16.0 38.246 -85.758  38.233 -85.749  1.93
6 13  23.0 38.248 -85.759  38.231 -85.748  1.83
2 15  23.0 38.249 -85.759  38.23 -85.748  2.41
3 10  7.0 38.247 -85.758  38.233 -85.749  1.19
5 14  7.0 38.247 -85.758  38.233 -85.749  1.553
6 10  8.0 38.247 -85.758  38.233 -85.749  1.08
5 20  8.0 38.247 -85.758  38.233 -85.749  1.553
4 14  9.0 38.247 -85.758  38.233 -85.749  1.615
2 16  10.0 38.247 -85.758  38.233 -85.749  1.28
3 20  10.0 38.247 -85.758  38.233 -85.749  1.62
2 21  10.0 38.247 -85.758  38.233 -85.749  1.802
5 13  11.0 38.247 -85.758  38.233 -85.749  1.63
4 13  12.0 38.247 -85.758  38.233 -85.749  1.47
6 10  14.0 38.247 -85.758  38.233 -85.749  1.37
4 13  15.0 38.247 -85.758  38.233 -85.749  2.09
6 13  17.0 38.247 -85.758  38.233 -85.749  1.55
4 20  23.0 38.247 -85.758  38.233 -85.749  1.55
3 13  34.0 38.248 -85.758  38.232 -85.749  3.17
3 10  9.0 38.248 -85.758  38.233 -85.749  1.29
4 13  11.0 38.248 -85.759  38.233 -85.748  1.93
1 18  12.0 38.249 -85.758  38.233 -85.749  1.48
2 14  17.0 38.25 -85.757  38.233 -85.75  1.55
1 16  37.0 38.253 -85.756  38.231 -85.751  3.231
2 13  20.0 38.256 -85.759  38.229 -85.748  2.18
6 11  13.0 38.254 -85.758  38.233 -85.749  1.89
6 15  14.0 38.254 -85.758  38.233 -85.749  0.186
6 10  19.0 38.254 -85.758  38.233 -85.749  1.98
1 11  12.0 38.255 -85.758  38.233 -85.749  2.12
1 7  15.0 38.219 -85.758  38.229 -85.748  1.82
6 10  8.0 38.219 -85.756  38.23 -85.75  0.77
6 1  8.0 38.223 -85.756  38.229 -85.75  0.73
5 19  8.0 38.224 -85.755  38.23 -85.751  0.5
5 10  52.0 38.225 -85.755  38.229 -85.751  0.55
3 13  7.0 38.223 -85.758  38.232 -85.748  1.181
6 5  5.0 38.227 -85.757  38.231 -85.749  0.54
4 21  8.0 38.227 -85.758  38.231 -85.748  0.863
2 17  4.0 38.228 -85.756  38.231 -85.75  0.36
5 12  3.0 38.23 -85.755  38.23 -85.751  0.186
6 19  4.0 38.233 -85.755  38.229 -85.751  0.44
7 15  5.0 38.231 -85.756  38.232 -85.75  0.74
5 17  8.0 38.232 -85.76  38.231 -85.746  1.11
7 11  16.0 38.231 -85.756  38.232 -85.75  0.66
2 13  5.0 38.233 -85.758  38.232 -85.748  0.64
5 19  4.0 38.234 -85.757  38.233 -85.749  0.57
7 22  7.0 38.244 -85.757  38.231 -85.749  1.29
5 18  24.0 38.244 -85.757  38.231 -85.749  2.361
6 10  7.0 38.246 -85.757  38.231 -85.749  1.32
4 13  8.0 38.245 -85.758  38.232 -85.748  1.3
5 13  10.0 38.246 -85.757  38.232 -85.749  1.49
6 10  14.0 38.247 -85.759  38.231 -85.747  1.73
3 13  12.0 38.246 -85.757  38.233 -85.749  1.5
3 13  12.0 38.247 -85.758  38.232 -85.748  1.67
4 20  32.0 38.246 -85.757  38.233 -85.749  1.63
7 3  7.0 38.248 -85.755  38.232 -85.751  1.1
6 10  8.0 38.247 -85.757  38.233 -85.749  0.98
5 20  9.0 38.247 -85.757  38.233 -85.749  1.491
3 9  13.0 38.247 -85.757  38.233 -85.749  1.31
4 17  15.0 38.247 -85.757  38.233 -85.749  1.27
2 9  34.0 38.247 -85.757  38.233 -85.749  1.26
4 10  12.0 38.251 -85.757  38.232 -85.749  1.66
6 22  15.0 38.251 -85.756  38.232 -85.75  1.988
6 16  29.0 38.25 -85.757  38.233 -85.749  1.491
5 12  8.0 38.252 -85.756  38.232 -85.75  1.81
6 18  14.0 38.252 -85.756  38.232 -85.75  2.03
2 18  17.0 38.252 -85.756  38.232 -85.75  1.7
5 15  9.0 38.252 -85.756  38.233 -85.75  1.34
5 21  14.0 38.252 -85.756  38.233 -85.75  2.223
6 20  16.0 38.253 -85.758  38.233 -85.748  2.423
5 9  17.0 38.253 -85.757  38.233 -85.749  1.86
7 14  19.0 38.258 -85.756  38.229 -85.75  2.32
4 15  22.0 38.254 -85.755  38.233 -85.751  2.31
3 10  16.0 38.22 -85.754  38.229 -85.751  0.65
5 12  3.0 38.224 -85.755  38.229 -85.75  0.61
7 12  18.0 38.225 -85.755  38.229 -85.75  2.08
6 22  12.0 38.226 -85.755  38.231 -85.75  1.29
5 16  3.0 38.227 -85.754  38.231 -85.751  0.55
3 7  5.0 38.228 -85.755  38.23 -85.75  0.52
3 15  14.0 38.227 -85.755  38.231 -85.75  1.49
7 15  15.0 38.229 -85.756  38.229 -85.749  0.52
5 20  15.0 38.229 -85.755  38.229 -85.75  0.67
7 7  19.0 38.227 -85.755  38.231 -85.75  1.73
7 21  39.0 38.226 -85.754  38.233 -85.751  4.58
7 6  5.0 38.228 -85.754  38.233 -85.751  0.6
4 14  2.0 38.23 -85.756  38.233 -85.749  0.38
4 16  47.0 38.231 -85.755  38.232 -85.75  4.82
4 12  3.0 38.235 -85.755  38.232 -85.75  0.52
3 9  43.0 38.241 -85.756  38.232 -85.749  1.98
2 10  9.0 38.244 -85.759  38.231 -85.746  1.26
4 10  17.0 38.245 -85.757  38.23 -85.748  1.36
7 17  15.0 38.245 -85.757  38.231 -85.748  2.1
1 17  5.0 38.244 -85.755  38.233 -85.75  0.75
1 5  9.0 38.246 -85.758  38.231 -85.747  1.61
4 9  7.0 38.245 -85.756  38.233 -85.749  1.14
5 14  7.0 38.246 -85.755  38.233 -85.75  1.36
1 13  9.0 38.248 -85.756  38.231 -85.749  1.27
5 13  12.0 38.246 -85.756  38.233 -85.749  1.49
2 16  7.0 38.247 -85.756  38.233 -85.749  1.1
3 16  7.0 38.247 -85.756  38.233 -85.749  1.27
5 10  8.0 38.247 -85.756  38.233 -85.749  1.14
5 11  8.0 38.247 -85.756  38.233 -85.749  1.31
4 21  8.0 38.247 -85.756  38.233 -85.749  1.37
4 13  10.0 38.247 -85.754  38.233 -85.751  0.94
2 9  10.0 38.247 -85.756  38.233 -85.749  1.38
6 10  33.0 38.247 -85.756  38.233 -85.749  2.76
2 19  10.0 38.248 -85.756  38.233 -85.749  1.5
5 14  23.0 38.25 -85.755  38.231 -85.75  2.237
3 16  10.0 38.251 -85.755  38.232 -85.75  1.5
1 13  15.0 38.253 -85.757  38.23 -85.748  2.31
5 16  12.0 38.252 -85.755  38.232 -85.75  1.61
2 8  39.0 38.252 -85.755  38.232 -85.75  2.14
1 11  9.0 38.252 -85.755  38.233 -85.75  1.42
3 12  14.0 38.255 -85.754  38.233 -85.751  1.86
2 10  15.0 38.258 -85.755  38.232 -85.75  2.06
1 7  11.0 38.212 -85.757  38.233 -85.747  1.97
3 15  13.0 38.219 -85.754  38.229 -85.75  1.3
7 21  6.0 38.22 -85.754  38.229 -85.75  0.77
3 1  8.0 38.219 -85.756  38.23 -85.748  0.91
4 13  11.0 38.222 -85.753  38.229 -85.751  0.79
5 18  4.0 38.222 -85.754  38.231 -85.75  0.47
7 11  3.0 38.223 -85.754  38.231 -85.75  0.38
6 8  4.0 38.224 -85.754  38.231 -85.75  0.72
2 18  4.0 38.224 -85.755  38.233 -85.749  0.62
6 14  11.0 38.228 -85.753  38.229 -85.751  1.07
2 21  8.0 38.226 -85.758  38.232 -85.746  1.13
2 10  3.0 38.23 -85.754  38.23 -85.75  0.33
7 4  8.0 38.228 -85.754  38.232 -85.75  0.63
1 16  4.0 38.229 -85.753  38.232 -85.751  0.274
5 10  4.0 38.23 -85.753  38.232 -85.751  0.249
2 19  5.0 38.232 -85.754  38.23 -85.75  0.497
6 15  7.0 38.233 -85.756  38.23 -85.748  0.67
1 7  3.0 38.236 -85.753  38.229 -85.751  0.41
2 15  38.0 38.232 -85.758  38.233 -85.746  1.22
6 13  8.0 38.233 -85.754  38.233 -85.75  0.497
6 9  9.0 38.234 -85.754  38.232 -85.75  0.27
2 16  4.0 38.235 -85.754  38.233 -85.75  0.3
6 12  5.0 38.236 -85.755  38.232 -85.749  0.35
5 10  3.0 38.236 -85.755  38.233 -85.749  0.34
6 12  3.0 38.236 -85.755  38.233 -85.749  0.37
4 10  3.0 38.236 -85.755  38.233 -85.749  0.43
2 12  3.0 38.236 -85.755  38.233 -85.749  0.55
6 18  4.0 38.236 -85.755  38.233 -85.749  0.45
3 11  4.0 38.236 -85.755  38.233 -85.749  0.48
5 20  6.0 38.236 -85.755  38.233 -85.749  0.52
5 10  7.0 38.236 -85.755  38.233 -85.749  0.43
6 11  10.0 38.236 -85.755  38.233 -85.749  0.39
4 17  10.0 38.236 -85.755  38.233 -85.749  0.47
4 14  11.0 38.236 -85.755  38.233 -85.749  0.52
3 19  25.0 38.236 -85.755  38.233 -85.749  0.39
2 15  27.0 38.236 -85.755  38.233 -85.749  0.49
2 10  9.0 38.244 -85.755  38.233 -85.749  1.4
4 15  11.0 38.249 -85.755  38.229 -85.749  1.802
2 7  8.0 38.247 -85.754  38.232 -85.75  1.34
4 17  13.0 38.248 -85.757  38.231 -85.747  1.99
3 20  18.0 38.246 -85.753  38.233 -85.751  1.13
4 19  11.0 38.249 -85.757  38.231 -85.747  1.94
6 19  11.0 38.251 -85.753  38.233 -85.751  1.47
1 14  13.0 38.252 -85.754  38.232 -85.75  1.82
7 20  16.0 38.253 -85.756  38.231 -85.748  2.423
3 10  8.0 38.252 -85.755  38.233 -85.749  1.4
4 1  8.0 38.22 -85.755  38.23 -85.748  0.93
4 12  6.0 38.22 -85.752  38.232 -85.751  0.95
6 14  2.0 38.227 -85.752  38.232 -85.751  0.3
6 22  4.0 38.228 -85.753  38.231 -85.75  0.684
7 21  5.0 38.229 -85.753  38.23 -85.75  0.22
7 13  5.0 38.228 -85.755  38.231 -85.748  0.621
7 12  6.0 38.23 -85.754  38.23 -85.749  0.84
2 8  3.0 38.23 -85.753  38.231 -85.75  0.15
2 15  4.0 38.231 -85.752  38.231 -85.751  0.64
1 4  8.0 38.231 -85.752  38.231 -85.751  0.84
3 17  5.0 38.232 -85.752  38.231 -85.751  0.37
6 6  9.0 38.232 -85.753  38.232 -85.75  1.27
3 9  26.0 38.232 -85.753  38.232 -85.75  1.92
3 10  42.0 38.233 -85.757  38.231 -85.746  3.977
1 18  3.0 38.232 -85.753  38.233 -85.75  0.18
6 7  3.0 38.232 -85.752  38.233 -85.751  0.47
7 15  7.0 38.234 -85.754  38.231 -85.749  0.435
2 15  8.0 38.24 -85.755  38.232 -85.748  0.58
3 13  9.0 38.241 -85.757  38.231 -85.746  1.55
5 13  8.0 38.242 -85.754  38.233 -85.749  1.15
3 20  7.0 38.244 -85.753  38.233 -85.75  1.37
6 20  43.0 38.249 -85.755  38.229 -85.748  4.25
5 21  11.0 38.247 -85.755  38.233 -85.748  1.553
4 16  13.0 38.248 -85.753  38.232 -85.75  2.08
7 1  33.0 38.249 -85.753  38.231 -85.75  4.13
6 17  9.0 38.25 -85.752  38.232 -85.751  1.35
4 13  9.0 38.249 -85.753  38.233 -85.75  1.43
4 7  15.0 38.252 -85.752  38.23 -85.751  1.85
7 14  13.0 38.252 -85.756  38.233 -85.747  1.74
4 22  22.0 38.254 -85.756  38.231 -85.747  2.16
5 10  15.0 38.213 -85.754  38.229 -85.748  1.33
7 14  11.0 38.218 -85.754  38.232 -85.748  1.37
6 18  3.0 38.226 -85.752  38.232 -85.75  0.52
3 16  40.0 38.229 -85.751  38.23 -85.751  4.18
2 11  46.0 38.228 -85.756  38.231 -85.746  3.12
1 3  6.0 38.229 -85.754  38.231 -85.748  0.5
7 12  24.0 38.23 -85.751  38.231 -85.751  1.47
7 3  10.0 38.229 -85.755  38.233 -85.747  0.72
5 20  4.0 38.231 -85.753  38.232 -85.749  0.28
5 9  25.0 38.231 -85.753  38.232 -85.749  0.95
1 6  25.0 38.232 -85.753  38.232 -85.749  2.11
1 19  4.0 38.235 -85.754  38.231 -85.748  0.43
1 16  12.0 38.234 -85.756  38.232 -85.746  0.47
4 15  9.0 38.235 -85.753  38.232 -85.749  0.39
7 15  8.0 38.244 -85.751  38.229 -85.751  1.1
6 14  10.0 38.245 -85.753  38.233 -85.749  1.2
6 17  12.0 38.249 -85.752  38.229 -85.75  1.74
7 15  7.0 38.247 -85.752  38.232 -85.75  1.15
6 14  21.0 38.248 -85.754  38.231 -85.748  3.48
1 16  27.0 38.25 -85.756  38.233 -85.746  2.051
5 13  14.0 38.253 -85.752  38.231 -85.75  2.32
6 11  10.0 38.253 -85.753  38.232 -85.749  1.92
4 7  11.0 38.254 -85.752  38.232 -85.75  1.86
6 18  32.0 38.253 -85.756  38.233 -85.746  2.17
2 17  10.0 38.219 -85.751  38.23 -85.75  1.02
2 15  7.0 38.22 -85.754  38.23 -85.747  0.97
7 5  15.0 38.217 -85.754  38.233 -85.747  1.243
3 12  7.0 38.225 -85.752  38.232 -85.749  1.118
1 13  7.0 38.228 -85.752  38.23 -85.749  0.56
5 13  5.0 38.23 -85.75  38.229 -85.751  0.46
6 7  44.0 38.228 -85.753  38.231 -85.748  3.48
1 5  5.0 38.232 -85.751  38.231 -85.75  0.435
1 11  11.0 38.233 -85.753  38.23 -85.748  0.497
6 6  17.0 38.231 -85.751  38.232 -85.75  1.38
2 12  6.0 38.234 -85.755  38.231 -85.746  0.75
1 7  26.0 38.236 -85.751  38.232 -85.75  4.225
7 12  43.0 38.236 -85.751  38.232 -85.75  3.09
4 12  3.0 38.238 -85.751  38.232 -85.75  0.46
4 13  8.0 38.241 -85.755  38.229 -85.746  1.38
7 19  5.0 38.242 -85.75  38.229 -85.751  0.77
3 11  7.0 38.244 -85.753  38.231 -85.748  0.87
3 10  6.0 38.244 -85.752  38.232 -85.749  1.08
3 9  10.0 38.246 -85.754  38.231 -85.747  1.37
5 23  24.0 38.249 -85.755  38.231 -85.746  2.361
3 17  15.0 38.248 -85.753  38.233 -85.748  1.68
4 15  19.0 38.251 -85.752  38.231 -85.749  1.802
4 17  10.0 38.252 -85.753  38.232 -85.748  1.73
4 14  18.0 38.255 -85.754  38.23 -85.747  1.739
3 17  20.0 38.252 -85.752  38.233 -85.749  0.559
4 7  9.0 38.255 -85.75  38.233 -85.751  1.57
4 16  15.0 38.256 -85.752  38.232 -85.749  2.113
5 11  19.0 38.256 -85.752  38.233 -85.749  1.83
6 16  13.0 38.257 -85.752  38.233 -85.749  1.69
5 16  14.0 38.257 -85.752  38.233 -85.749  1.663
6 17  17.0 38.257 -85.752  38.233 -85.749  1.68
5 14  30.0 38.258 -85.752  38.232 -85.749  1.74
2 20  21.0 38.201 -85.75  38.231 -85.75  3.17
1 19  5.0 38.223 -85.75  38.229 -85.75  0.311
5 8  39.0 38.225 -85.753  38.229 -85.747  2.07
5 8  6.0 38.229 -85.752  38.229 -85.748  0.3
1 11  3.0 38.229 -85.75  38.23 -85.75  0.31
7 22  12.0 38.232 -85.754  38.229 -85.746  1.87
4 13  42.0 38.23 -85.75  38.231 -85.75  4.72
3 15  6.0 38.231 -85.75  38.231 -85.75  0.5
5 20  48.0 38.231 -85.75  38.231 -85.75  2.646
1 13  36.0 38.231 -85.75  38.232 -85.75  2.75
6 6  4.0 38.232 -85.75  38.232 -85.75  0.31
3 3  5.0 38.232 -85.75  38.232 -85.75  0.56
2 17  6.0 38.232 -85.75  38.232 -85.75  0.65
7 13  7.0 38.232 -85.75  38.232 -85.75  0.124
2 10  8.0 38.232 -85.749  38.232 -85.751  1.06
4 14  10.0 38.232 -85.75  38.232 -85.75  2.858
4 20  4.0 38.232 -85.75  38.233 -85.75  0.27
3 16  8.0 38.232 -85.75  38.233 -85.75  0.37
3 7  23.0 38.233 -85.75  38.232 -85.75  1.66
1 10  26.0 38.234 -85.75  38.231 -85.75  0.621
4 3  32.0 38.233 -85.75  38.232 -85.75  2.39
4 15  11.0 38.233 -85.75  38.233 -85.75  1.43
7 11  26.0 38.233 -85.752  38.233 -85.748  3.604
5 20  33.0 38.233 -85.75  38.233 -85.75  3.666
3 8  3.0 38.234 -85.752  38.233 -85.748  0.18
3 12  25.0 38.236 -85.752  38.232 -85.748  1.73
2 17  8.0 38.241 -85.754  38.229 -85.746  1.06
2 9  7.0 38.246 -85.75  38.229 -85.75  1.274
4 21  12.0 38.243 -85.751  38.233 -85.749  1.12
6 16  7.0 38.246 -85.751  38.233 -85.749  0.85
4 17  8.0 38.246 -85.752  38.233 -85.748  1.18
3 13  10.0 38.247 -85.751  38.233 -85.749  1.43
4 12  12.0 38.253 -85.75  38.233 -85.75  1.57
5 18  21.0 38.258 -85.752  38.231 -85.748  2.548
7 23  13.0 38.214 -85.752  38.233 -85.747  2.423
3 6  12.0 38.22 -85.75  38.231 -85.749  1.01
3 13  10.0 38.23 -85.749  38.23 -85.75  0.42
1 7  11.0 38.23 -85.75  38.231 -85.749  1.08
1 18  18.0 38.229 -85.748  38.232 -85.751  2.237
2 11  14.0 38.232 -85.752  38.232 -85.747  0.684
1 4  8.0 38.235 -85.749  38.23 -85.75  0.81
5 18  3.0 38.233 -85.749  38.233 -85.75  0.1
3 19  11.0 38.239 -85.753  38.232 -85.746  0.932
7 3  4.0 38.24 -85.749  38.233 -85.75  0.34
5 13  6.0 38.247 -85.751  38.229 -85.748  1.429
5 15  10.0 38.244 -85.752  38.232 -85.747  1.13
6 11  13.0 38.246 -85.751  38.232 -85.748  1.429
4 14  26.0 38.247 -85.75  38.233 -85.749  3.977
6 18  27.0 38.251 -85.749  38.233 -85.75  1.926
4 15  12.0 38.255 -85.75  38.231 -85.749  1.88
2 17  12.0 38.26 -85.75  38.233 -85.749  1.92
3 11  15.0 38.223 -85.747  38.232 -85.751  0.9
3 16  19.0 38.228 -85.749  38.229 -85.749  0.932
6 10  10.0 38.23 -85.748  38.229 -85.75  1.41
2 12  11.0 38.23 -85.749  38.23 -85.749  1.36
7 23  5.0 38.229 -85.749  38.232 -85.749  0.23
1 20  7.0 38.231 -85.749  38.231 -85.749  0.72
1 11  6.0 38.232 -85.749  38.231 -85.749  0.39
2 19  3.0 38.232 -85.75  38.232 -85.748  0.098
3 7  5.0 38.234 -85.749  38.23 -85.749  0.31
7 19  10.0 38.232 -85.749  38.232 -85.749  0.43
6 10  18.0 38.231 -85.749  38.233 -85.749  1.34
7 5  11.0 38.234 -85.747  38.231 -85.751  1.47
2 19  3.0 38.233 -85.75  38.233 -85.748  0.099
6 12  7.0 38.233 -85.75  38.233 -85.748  0.33
2 17  10.0 38.233 -85.749  38.233 -85.749  0.71
4 9  10.0 38.233 -85.749  38.233 -85.749  1.491
4 16  10.0 38.233 -85.749  38.233 -85.749  1.72
2 13  10.0 38.237 -85.75  38.231 -85.748  0.52
5 11  27.0 38.235 -85.749  38.233 -85.749  1.52
7 8  3.0 38.236 -85.748  38.233 -85.75  0.34
4 16  6.0 38.242 -85.747  38.232 -85.751  0.86
2 12  8.0 38.243 -85.749  38.231 -85.749  1.09
7 7  7.0 38.246 -85.747  38.229 -85.751  1.429
7 12  10.0 38.254 -85.748  38.23 -85.75  1.74
4 13  31.0 38.254 -85.749  38.232 -85.749  1.77
6 16  9.0 38.254 -85.748  38.233 -85.75  1.39
5 13  10.0 38.256 -85.748  38.233 -85.75  1.68
5 16  17.0 38.257 -85.749  38.232 -85.749  1.57
2 12  23.0 38.21 -85.751  38.23 -85.746  2.12
1 21  32.0 38.216 -85.75  38.23 -85.747  2.15
7 15  9.0 38.217 -85.747  38.23 -85.75  0.89
3 14  6.0 38.223 -85.747  38.23 -85.75  0.17
6 2  3.0 38.227 -85.751  38.23 -85.746  0.44
7 14  9.0 38.228 -85.749  38.231 -85.748  0.93
3 24  15.0 38.229 -85.75  38.23 -85.747  2.1
7 11  14.0 38.228 -85.748  38.233 -85.749  0.45
3 23  15.0 38.23 -85.748  38.231 -85.749  1.616
5 15  15.0 38.233 -85.75  38.232 -85.747  0.311
3 10  9.0 38.233 -85.747  38.233 -85.75  1.46
7 19  3.0 38.234 -85.751  38.233 -85.746  0.285
5 13  5.0 38.239 -85.749  38.229 -85.748  0.78
3 18  9.0 38.236 -85.747  38.232 -85.75  1.38
2 20  6.0 38.237 -85.747  38.232 -85.75  0.52
1 14  6.0 38.243 -85.747  38.23 -85.75  0.96
1 20  11.0 38.246 -85.751  38.233 -85.746  1.42
1 12  8.0 38.253 -85.747  38.231 -85.75  1.51
6 18  31.0 38.256 -85.747  38.23 -85.75  4.039
7 18  15.0 38.257 -85.747  38.232 -85.75  2.67
7 14  19.0 38.257 -85.749  38.233 -85.748  2.983
2 20  11.0 38.211 -85.748  38.231 -85.748  1.74
7 6  8.0 38.221 -85.746  38.233 -85.75  1.08
5 1  12.0 38.23 -85.746  38.229 -85.75  0.81
1 8  6.0 38.23 -85.748  38.23 -85.748  0.94
1 8  21.0 38.23 -85.748  38.23 -85.748  3.0
1 13  33.0 38.23 -85.748  38.23 -85.748  2.06
7 18  10.0 38.232 -85.748  38.232 -85.748  1.43
7 14  41.0 38.232 -85.748  38.232 -85.748  0.97
5 9  17.0 38.233 -85.748  38.232 -85.748  0.497
5 17  54.0 38.233 -85.749  38.232 -85.747  4.34
1 17  5.0 38.233 -85.748  38.233 -85.748  0.45
4 7  6.0 38.233 -85.748  38.233 -85.748  0.26
1 14  9.0 38.233 -85.748  38.233 -85.748  0.373
7 8  12.0 38.233 -85.748  38.233 -85.748  1.12
7 16  15.0 38.233 -85.748  38.233 -85.748  2.113
6 8  30.0 38.233 -85.748  38.233 -85.748  1.41
5 2  9.0 38.234 -85.746  38.233 -85.75  0.82
5 13  7.0 38.245 -85.748  38.229 -85.748  1.3
2 15  4.0 38.243 -85.746  38.232 -85.75  0.87
6 18  13.0 38.244 -85.745  38.233 -85.751  1.38
4 11  18.0 38.249 -85.747  38.231 -85.749  