1 16  36.0 38.25 -85.773  38.237 -85.738  4.722
5 12  23.0 38.212 -85.77  38.236 -85.736  3.91
7 14  13.0 38.241 -85.766  38.237 -85.74  0.684
3 19  9.0 38.235 -85.764  38.234 -85.74  1.52
4 17  24.0 38.243 -85.765  38.236 -85.738  1.73
6 19  20.0 38.219 -85.765  38.236 -85.737  2.55
2 13  13.0 38.229 -85.762  38.236 -85.74  1.78
6 15  39.0 38.213 -85.764  38.237 -85.737  2.94
1 12  14.0 38.219 -85.762  38.235 -85.739  2.27
1 12  15.0 38.228 -85.761  38.235 -85.74  0.497
7 19  15.0 38.247 -85.761  38.237 -85.74  2.1
1 17  16.0 38.22 -85.762  38.235 -85.738  2.29
7 17  13.0 38.226 -85.76  38.235 -85.74  1.75
1 8  14.0 38.23 -85.763  38.236 -85.737  2.42
3 19  21.0 38.255 -85.763  38.236 -85.737  3.11
1 15  26.0 38.22 -85.758  38.235 -85.74  2.64
5 9  14.0 38.222 -85.759  38.237 -85.739  2.175
6 11  9.0 38.228 -85.758  38.234 -85.74  1.088
7 16  10.0 38.228 -85.76  38.234 -85.738  1.6
6 13  16.0 38.234 -85.76  38.234 -85.738  1.576
6 18  30.0 38.254 -85.758  38.235 -85.74  3.48
4 20  39.0 38.256 -85.76  38.235 -85.738  3.44
1 13  8.0 38.234 -85.759  38.235 -85.738  0.87
5 16  12.0 38.246 -85.758  38.236 -85.739  1.39
6 13  15.0 38.251 -85.759  38.234 -85.738  2.27
5 15  46.0 38.249 -85.757  38.237 -85.74  3.62
7 19  13.0 38.251 -85.758  38.236 -85.739  2.113
5 15  13.0 38.252 -85.757  38.235 -85.74  2.36
7 20  16.0 38.251 -85.758  38.236 -85.739  1.988
6 0  18.0 38.251 -85.758  38.236 -85.739  2.24
7 23  17.0 38.254 -85.759  38.234 -85.738  2.672
1 13  17.0 38.253 -85.757  38.235 -85.74  3.46
3 16  41.0 38.255 -85.757  38.234 -85.74  2.71
2 14  20.0 38.257 -85.757  38.236 -85.74  3.85
7 17  13.0 38.225 -85.756  38.235 -85.74  1.74
6 16  11.0 38.245 -85.757  38.235 -85.739  1.615
6 18  26.0 38.248 -85.756  38.234 -85.74  1.323
3 19  18.0 38.249 -85.759  38.236 -85.737  2.42
6 18  20.0 38.253 -85.756  38.234 -85.74  2.24
6 15  14.0 38.252 -85.758  38.236 -85.738  1.591
5 10  11.0 38.217 -85.755  38.234 -85.74  2.18
6 20  18.0 38.216 -85.755  38.237 -85.74  2.113
1 17  16.0 38.22 -85.759  38.235 -85.736  2.5
7 6  10.0 38.232 -85.759  38.237 -85.736  1.59
6 22  21.0 38.252 -85.758  38.235 -85.737  1.243
4 16  21.0 38.25 -85.759  38.237 -85.736  2.6
6 15  15.0 38.253 -85.756  38.235 -85.739  3.604
2 9  18.0 38.256 -85.758  38.236 -85.737  2.672
2 13  12.0 38.226 -85.755  38.234 -85.739  1.87
2 13  8.0 38.235 -85.756  38.234 -85.738  0.994
6 7  11.0 38.236 -85.756  38.234 -85.738  1.056
4 12  13.0 38.236 -85.754  38.235 -85.74  1.11
1 22  15.0 38.252 -85.755  38.236 -85.738  2.175
1 15  9.0 38.229 -85.755  38.235 -85.737  1.678
6 21  8.0 38.234 -85.754  38.235 -85.738  1.03
1 19  9.0 38.232 -85.756  38.237 -85.736  1.63
1 18  12.0 38.238 -85.754  38.237 -85.738  1.305
3 8  18.0 38.246 -85.756  38.234 -85.736  2.22
4 23  14.0 38.25 -85.755  38.237 -85.737  1.864
6 18  20.0 38.253 -85.752  38.234 -85.74  2.22
3 13  10.0 38.252 -85.753  38.237 -85.739  1.58
6 15  13.0 38.255 -85.752  38.235 -85.74  2.17
1 9  13.0 38.256 -85.753  38.236 -85.739  2.03
2 13  8.0 38.242 -85.754  38.236 -85.737  1.34
6 11  19.0 38.247 -85.752  38.235 -85.739  2.04
6 20  18.0 38.252 -85.751  38.235 -85.74  1.398
3 12  27.0 38.219 -85.75  38.237 -85.74  2.15
3 17  11.0 38.234 -85.754  38.235 -85.736  2.485
1 14  5.0 38.235 -85.751  38.235 -85.739  0.65
1 11  5.0 38.236 -85.751  38.236 -85.739  0.62
6 11  11.0 38.24 -85.753  38.237 -85.737  1.21
4 23  11.0 38.242 -85.75  38.237 -85.74  0.87
6 17  8.0 38.243 -85.75  38.237 -85.74  1.02
5 20  8.0 38.247 -85.75  38.236 -85.74  1.26
7 22  20.0 38.252 -85.753  38.235 -85.737  2.06
5 16  18.0 38.254 -85.752  38.236 -85.738  2.05
5 17  22.0 38.258 -85.752  38.235 -85.738  2.92
5 18  12.0 38.229 -85.749  38.235 -85.74  1.056
2 15  5.0 38.235 -85.749  38.234 -85.74  0.435
3 19  27.0 38.258 -85.752  38.237 -85.737  2.86
7 12  17.0 38.214 -85.748  38.234 -85.74  0.435
7 23  17.0 38.217 -85.751  38.237 -85.737  1.88
7 5  13.0 38.221 -85.752  38.236 -85.736  2.57
4 15  20.0 38.256 -85.751  38.236 -85.737  2.4
4 16  16.0 38.214 -85.751  38.235 -85.736  2.56
4 16  17.0 38.215 -85.751  38.236 -85.736  2.67
7 23  9.0 38.215 -85.75  38.237 -85.737  1.69
2 20  11.0 38.225 -85.751  38.234 -85.736  1.36
4 9  9.0 38.251 -85.749  38.237 -85.738  1.49
2 15  20.0 38.256 -85.75  38.234 -85.737  2.485
3 23  14.0 38.256 -85.75  38.237 -85.737  2.361
6 14  12.0 38.239 -85.747  38.234 -85.739  0.64
2 14  6.0 38.241 -85.749  38.236 -85.737  1.18
5 16  18.0 38.253 -85.749  38.236 -85.737  2.05
2 19  16.0 38.255 -85.749  38.237 -85.737  2.485
2 15  17.0 38.254 -85.746  38.236 -85.739  1.84
1 19  21.0 38.255 -85.747  38.236 -85.738  2.423
7 15  4.0 38.227 -85.744  38.235 -85.74  0.746
5 10  5.0 38.232 -85.748  38.234 -85.736  0.51
2 7  7.0 38.248 -85.744  38.234 -85.74  1.21
1 18  32.0 38.21 -85.746  38.237 -85.737  4.23
5 18  8.0 38.216 -85.744  38.236 -85.739  1.429
1 14  28.0 38.236 -85.744  38.234 -85.739  4.101
7 17  5.0 38.245 -85.744  38.236 -85.739  0.77
5 18  16.0 38.254 -85.744  38.235 -85.739  1.926
1 15  11.0 38.254 -85.746  38.237 -85.737  1.83
1 15  14.0 38.254 -85.746  38.237 -85.737  2.01
3 16  5.0 38.235 -85.742  38.236 -85.74  0.18
6 13  5.0 38.245 -85.742  38.237 -85.74  0.554
5 14  17.0 38.252 -85.745  38.237 -85.737  2.17
1 14  12.0 38.255 -85.742  38.237 -85.74  1.57
6 4  7.0 38.217 -85.743  38.234 -85.738  1.26
7 20  8.0 38.224 -85.742  38.234 -85.739  0.99
3 16  7.0 38.231 -85.745  38.234 -85.736  0.51
6 9  7.0 38.23 -85.742  38.235 -85.739  0.932
3 5  4.0 38.233 -85.745  38.235 -85.736  0.315
5 11  19.0 38.251 -85.742  38.234 -85.739  2.23
1 11  10.0 38.252 -85.741  38.236 -85.74  1.111
1 15  11.0 38.254 -85.744  38.236 -85.737  1.87
1 19  29.0 38.253 -85.745  38.237 -85.736  2.92
4 18  13.0 38.255 -85.741  38.236 -85.74  1.678
6 18  18.0 38.255 -85.742  38.236 -85.739  1.9
1 13  10.0 38.255 -85.744  38.237 -85.737  1.57
1 13  10.0 38.255 -85.744  38.237 -85.737  1.59
3 16  15.0 38.259 -85.745  38.235 -85.736  2.299
6 14  13.0 38.215 -85.741  38.236 -85.739  1.71
4 3  6.0 38.233 -85.741  38.234 -85.739  0.07
2 18  3.0 38.234 -85.74  38.234 -85.74  0.21
1 23  3.0 38.234 -85.74  38.234 -85.74  0.373
1 11  3.0 38.234 -85.74  38.234 -85.74  2.051
7 15  5.0 38.234 -85.74  38.234 -85.74  0.684
1 14  6.0 38.234 -85.74  38.234 -85.74  0.14
7 12  6.0 38.234 -85.74  38.234 -85.74  0.37
3 19  35.0 38.234 -85.74  38.234 -85.74  3.64
7 16  14.0 38.234 -85.742  38.235 -85.738  1.43
6 12  9.0 38.235 -85.743  38.237 -85.737  1.13
5 16  4.0 38.245 -85.74  38.236 -85.74  0.684
2 9  5.0 38.245 -85.741  38.236 -85.739  0.636
4 16  8.0 38.246 -85.742  38.236 -85.738  0.789
1 20  20.0 38.257 -85.744  38.234 -85.736  2.58
1 14  25.0 38.256 -85.743  38.237 -85.737  3.59
6 16  35.0 38.219 -85.742  38.237 -85.737  1.92
7 18  9.0 38.226 -85.74  38.234 -85.739  0.7
6 16  7.0 38.237 -85.74  38.236 -85.739  0.26
3 19  5.0 38.243 -85.741  38.236 -85.738  0.186
7 18  13.0 38.253 -85.739  38.235 -85.74  1.46
5 22  11.0 38.259 -85.741  38.235 -85.738  2.1
6 17  12.0 38.217 -85.741  38.237 -85.737  1.86
6 16  17.0 38.218 -85.741  38.237 -85.737  1.6
6 13  11.0 38.226 -85.741  38.236 -85.737  1.37
7 14  5.0 38.229 -85.739  38.236 -85.739  0.41
7 19  4.0 38.232 -85.739  38.234 -85.739  0.62
7 19  26.0 38.231 -85.741  38.235 -85.737  3.13
7 14  4.0 38.234 -85.739  38.236 -85.739  0.28
3 13  5.0 38.237 -85.741  38.234 -85.737  0.19
4 17  3.0 38.236 -85.739  38.236 -85.739  1.181
7 19  27.0 38.252 -85.738  38.235 -85.74  0.994
4 13  11.0 38.256 -85.739  38.234 -85.739  1.512
7 19  13.0 38.253 -85.739  38.237 -85.739  0.186
6 18  11.0 38.256 -85.742  38.237 -85.736  1.68
6 17  12.0 38.217 -85.741  38.237 -85.736  1.82
1 10  4.0 38.231 -85.739  38.235 -85.738  0.42
1 13  21.0 38.23 -85.741  38.236 -85.736  1.02
7 15  3.0 38.237 -85.738  38.236 -85.739  0.07
4 17  27.0 38.24 -85.738  38.237 -85.739  1.18
6 11  16.0 38.229 -85.736  38.234 -85.74  1.25
6 23  2.0 38.233 -85.737  38.234 -85.739  0.2
1 11  3.0 38.236 -85.737  38.235 -85.739  0.12
1 14  7.0 38.238 -85.739  38.237 -85.737  0.21
7 15  44.0 38.253 -85.737  38.234 -85.739  2.983
3 21  14.0 38.253 -85.737  38.236 -85.739  1.34
5 16  10.0 38.22 -85.739  38.235 -85.736  1.49
5 18  5.0 38.223 -85.739  38.235 -85.736  0.