2 17  15.0 38.246 -85.769  38.249 -85.74  1.66
2 11  14.0 38.243 -85.769  38.247 -85.739  1.67
3 21  10.0 38.246 -85.769  38.247 -85.739  1.59
5 18  13.0 38.261 -85.768  38.251 -85.739  1.75
4 15  11.0 38.243 -85.768  38.251 -85.738  2.1
1 1  11.0 38.247 -85.768  38.248 -85.738  1.89
4 19  13.0 38.244 -85.767  38.249 -85.738  1.988
7 8  8.0 38.247 -85.765  38.247 -85.74  1.32
6 13  9.0 38.247 -85.765  38.247 -85.74  1.54
2 14  11.0 38.252 -85.766  38.25 -85.739  1.62
6 20  28.0 38.222 -85.764  38.249 -85.74  2.99
7 13  16.0 38.237 -85.765  38.247 -85.739  2.33
4 16  15.0 38.237 -85.764  38.25 -85.74  2.44
5 12  17.0 38.239 -85.767  38.251 -85.737  2.29
7 11  13.0 38.244 -85.766  38.247 -85.738  1.6
3 12  28.0 38.207 -85.764  38.248 -85.739  4.24
7 8  8.0 38.256 -85.763  38.25 -85.74  1.54
3 14  23.0 38.255 -85.763  38.251 -85.74  2.734
5 21  51.0 38.22 -85.763  38.249 -85.739  4.74
6 19  22.0 38.219 -85.762  38.251 -85.74  2.84
1 19  22.0 38.245 -85.764  38.249 -85.738  1.056
7 8  8.0 38.248 -85.762  38.247 -85.74  1.25
6 12  10.0 38.249 -85.764  38.247 -85.738  1.52
7 15  15.0 38.25 -85.764  38.247 -85.738  2.14
5 7  14.0 38.252 -85.764  38.249 -85.738  1.43
1 16  11.0 38.256 -85.763  38.25 -85.739  1.62
7 14  24.0 38.257 -85.764  38.251 -85.738  2.175
7 14  27.0 38.257 -85.764  38.251 -85.738  2.983
4 16  24.0 38.199 -85.763  38.249 -85.738  4.3
1 12  10.0 38.255 -85.761  38.25 -85.74  1.33
3 11  11.0 38.255 -85.762  38.251 -85.739  1.1
2 13  10.0 38.258 -85.761  38.249 -85.74  1.243
4 15  15.0 38.216 -85.761  38.249 -85.739  3.27
3 19  10.0 38.244 -85.76  38.251 -85.74  0.994
6 9  30.0 38.254 -85.761  38.247 -85.739  1.45
7 18  10.0 38.253 -85.761  38.25 -85.739  0.97
6 12  12.0 38.253 -85.76  38.25 -85.74  0.311
1 10  15.0 38.257 -85.764  38.25 -85.736  2.19
7 10  39.0 38.256 -85.762  38.251 -85.738  2.38
7 10  42.0 38.256 -85.761  38.251 -85.739  0.7
7 14  27.0 38.257 -85.763  38.251 -85.737  2.796
6 17  23.0 38.219 -85.759  38.247 -85.74  2.91
3 18  18.0 38.22 -85.759  38.247 -85.74  2.45
5 11  14.0 38.224 -85.76  38.251 -85.739  2.94
3 17  17.0 38.247 -85.762  38.247 -85.737  1.802
5 16  6.0 38.249 -85.761  38.248 -85.738  1.11
5 16  9.0 38.247 -85.762  38.25 -85.737  1.29
5 22  8.0 38.252 -85.759  38.247 -85.74  0.89
7 0  35.0 38.249 -85.759  38.25 -85.74  4.46
1 17  8.0 38.257 -85.761  38.251 -85.738  1.3
7 10  17.0 38.257 -85.761  38.251 -85.738  1.41
6 12  30.0 38.202 -85.762  38.247 -85.736  3.87
5 3  37.0 38.208 -85.76  38.249 -85.738  3.91
7 17  22.0 38.216 -85.759  38.249 -85.739  3.29
5 16  18.0 38.223 -85.76  38.251 -85.738  3.08
4 20  20.0 38.224 -85.761  38.25 -85.737  2.51
4 15  15.0 38.244 -85.76  38.249 -85.738  1.68
5 20  35.0 38.244 -85.759  38.251 -85.739  4.76
1 19  47.0 38.245 -85.758  38.25 -85.74  3.51
1 18  34.0 38.246 -85.76  38.25 -85.738  1.58
3 14  9.0 38.251 -85.758  38.247 -85.74  1.019
5 13  11.0 38.251 -85.758  38.247 -85.74  0.311
3 14  11.0 38.249 -85.759  38.249 -85.739  1.34
6 13  9.0 38.251 -85.759  38.248 -85.739  1.243
6 13  7.0 38.25 -85.759  38.25 -85.739  1.34
4 10  8.0 38.251 -85.758  38.249 -85.74  0.99
4 15  9.0 38.249 -85.759  38.251 -85.739  1.49
6 2  12.0 38.254 -85.759  38.248 -85.739  1.38
2 13  16.0 38.257 -85.758  38.247 -85.74  1.69
7 18  21.0 38.255 -85.76  38.25 -85.738  0.684
4 16  15.0 38.259 -85.759  38.248 -85.739  1.295
1 9  19.0 38.257 -85.762  38.251 -85.736  1.35
3 14  16.0 38.22 -85.757  38.247 -85.74  2.61
7 12  31.0 38.222 -85.758  38.25 -85.739  2.88
6 19  15.0 38.226 -85.759  38.249 -85.738  2.66
6 22  23.0 38.228 -85.758  38.248 -85.739  2.44
7 17  19.0 38.247 -85.758  38.247 -85.739  1.15
6 14  29.0 38.245 -85.759  38.25 -85.738  2.3
2 15  10.0 38.25 -85.759  38.247 -85.738  1.44
3 16  10.0 38.251 -85.757  38.247 -85.74  1.14
3 18  13.0 38.251 -85.758  38.247 -85.739  1.181
4 15  15.0 38.251 -85.758  38.247 -85.739  1.44
7 8  8.0 38.251 -85.758  38.248 -85.739  1.13
5 15  9.0 38.251 -85.758  38.248 -85.739  0.23
3 13  9.0 38.251 -85.758  38.248 -85.739  0.311
5 21  10.0 38.252 -85.757  38.247 -85.74  2.051
3 18  9.0 38.253 -85.757  38.247 -85.74  1.3
5 20  13.0 38.253 -85.757  38.247 -85.74  1.26
3 6  10.0 38.253 -85.757  38.248 -85.74  0.24
6 13  11.0 38.253 -85.757  38.248 -85.74  0.987
5 7  12.0 38.253 -85.757  38.248 -85.74  1.08
5 19  12.0 38.254 -85.757  38.247 -85.74  1.118
7 19  14.0 38.252 -85.759  38.249 -85.738  1.491
2 6  11.0 38.254 -85.757  38.248 -85.74  0.186
7 15  14.0 38.254 -85.761  38.248 -85.736  2.11
7 12  16.0 38.254 -85.76  38.248 -85.737  1.71
2 6  18.0 38.253 -85.757  38.249 -85.74  1.54
7 20  27.0 38.255 -85.759  38.247 -85.738  1.259
1 17  12.0 38.252 -85.76  38.251 -85.737  1.367
6 15  10.0 38.253 -85.757  38.251 -85.74  0.994
3 21  7.0 38.256 -85.759  38.251 -85.738  1.181
5 16  13.0 38.258 -85.761  38.25 -85.736  1.74
4 18  12.0 38.26 -85.761  38.25 -85.736  1.69
2 18  14.0 38.221 -85.756  38.247 -85.74  2.44
7 15  15.0 38.241 -85.759  38.25 -85.737  1.86
3 10  33.0 38.242 -85.759  38.251 -85.737  1.58
5 22  5.0 38.247 -85.756  38.247 -85.74  0.96
6 11  6.0 38.248 -85.757  38.248 -85.739  1.133
6 12  9.0 38.245 -85.757  38.251 -85.739  1.2
7 14  15.0 38.245 -85.756  38.251 -85.74  1.41
7 16  17.0 38.248 -85.76  38.249 -85.736  0.062
7 8  6.0 38.251 -85.758  38.247 -85.738  1.19
6 13  7.0 38.25 -85.757  38.248 -85.739  1.17
5 21  9.0 38.248 -85.758  38.25 -85.738  1.19
2 23  7.0 38.25 -85.759  38.249 -85.737  1.305
7 10  16.0 38.249 -85.756  38.25 -85.74  1.43
5 15  27.0 38.251 -85.759  38.248 -85.737  1.28
6 18  21.0 38.253 -85.757  38.247 -85.739  0.497
3 8  12.0 38.253 -85.757  38.248 -85.739  1.32
6 15  9.0 38.254 -85.758  38.248 -85.738  1.052
3 19  9.0 38.251 -85.756  38.251 -85.74  1.09
4 14  10.0 38.254 -85.757  38.248 -85.739  0.497
6 14  10.0 38.254 -85.757  38.248 -85.739  1.059
3 11  11.0 38.253 -85.76  38.249 -85.736  1.48
1 14  8.0 38.253 -85.756  38.25 -85.74  1.27
7 9  9.0 38.252 -85.758  38.251 -85.738  1.62
6 14  27.0 38.255 -85.757  38.248 -85.739  1.988
4 13  14.0 38.257 -85.757  38.247 -85.739  1.62
1 17  18.0 38.256 -85.76  38.25 -85.736  1.51
2 8  13.0 38.227 -85.758  38.248 -85.737  1.988
3 16  22.0 38.229 -85.758  38.25 -85.737  3.05
1 13  13.0 38.229 -85.757  38.251 -85.738  2.29
7 16  18.0 38.232 -85.756  38.25 -85.739  2.299
4 16  20.0 38.235 -85.755  38.251 -85.74  1.99
2 6  5.0 38.245 -85.755  38.248 -85.74  0.746
2 2  8.0 38.247 -85.758  38.247 -85.737  1.3
1 14  6.0 38.249 -85.757  38.247 -85.738  1.18
6 5  7.0 38.246 -85.759  38.25 -85.736  1.24
7 16  18.0 38.249 -85.758  38.247 -85.737  1.491
7 9  24.0 38.247 -85.758  38.249 -85.737  1.04
3 13  7.0 38.249 -85.758  38.248 -85.737  1.18
5 13  7.0 38.249 -85.758  38.248 -85.737  1.243
6 19  8.0 38.248 -85.755  38.249 -85.74  1.06
4 12  16.0 38.25 -85.758  38.247 -85.737  1.23
4 15  8.0 38.25 -85.758  38.248 -85.737  1.25
5 17  8.0 38.251 -85.755  38.247 -85.74  1.367
6 20  6.0 38.252 -85.757  38.247 -85.738  1.28
2 14  7.0 38.252 -85.757  38.247 -85.738  1.36
5 14  8.0 38.252 -85.757  38.247 -85.738  1.27
4 12  8.0 38.251 -85.758  38.248 -85.737  1.28
4 15  8.0 38.251 -85.758  38.248 -85.737  1.429
3 23  8.0 38.251 -85.758  38.248 -85.737  1.429
5 14  9.0 38.251 -85.758  38.248 -85.737  1.26
4 0  9.0 38.251 -85.758  38.248 -85.737  1.28
4 15  9.0 38.251 -85.758  38.248 -85.737  1.29
4 13  11.0 38.251 -85.758  38.248 -85.737  1.29
5 19  17.0 38.251 -85.758  38.248 -85.737  1.87
5 19  18.0 38.252 -85.757  38.247 -85.738  1.107
5 14  7.0 38.25 -85.756  38.25 -85.739  0.84
2 19  13.0 38.253 -85.755  38.247 -85.74  1.32
4 9  10.0 38.252 -85.758  38.25 -85.737  1.29
6 16  11.0 38.254 -85.759  38.25 -85.736  1.54
5 14  10.0 38.256 -85.756  38.25 -85.739  1.22
1 8  13.0 38.257 -85.757  38.249 -85.738  1.54
7 12  14.0 38.257 -85.759  38.251 -85.736  1.62
2 13  32.0 38.258 -85.757  38.251 -85.738  1.243
6 22  11.0 38.23 -85.757  38.247 -85.737  2.113
3 14  20.0 38.227 -85.758  38.25 -85.736  2.71
5 18  12.0 38.232 -85.754  38.247 -85.74  1.8
6 6  15.0 38.23 -85.754  38.249 -85.74  2.04
4 15  15.0 38.246 -85.756  38.247 -85.738  1.67
6 23  5.0 38.248 -85.754  38.247 -85.74  0.76
4 15  7.0 38.248 -85.755  38.247 -85.739  0.932
7 9  22.0 38.244 -85.756  38.251 -85.738  1.6
6 11  7.0 38.249 -85.755  38.247 -85.739  0.98
3 16  20.0 38.245 -85.754  38.251 -85.74  1.22
5 19  32.0 38.248 -85.757  38.248 -85.737  3.2
2 16  7.0 38.25 -85.756  38.247 -85.738  1.04
3 9  7.0 38.25 -85.756  38.247 -85.738  1.26
2 15  13.0 38.246 -85.756  38.251 -85.738  2.051
6 9  22.0 38.249 -85.754  38.248 -85.74  3.62
1 14  12.0 38.251 -85.757  38.247 -85.737  1.65
7 8  17.0 38.248 -85.757  38.25 -85.737  1.71
4 15  8.0 38.251 -85.757  38.248 -85.737  1.25
7 13  9.0 38.251 -85.755  38.248 -85.739  0.919
1 9  11.0 38.249 -85.756  38.25 -85.738  1.4
7 10  7.0 38.252 -85.757  38.248 -85.737  1.26
4 13  9.0 38.253 -85.755  38.247 -85.739  0.92
6 20  19.0 38.249 -85.758  38.251 -85.736  1.988
7 8  33.0 38.253 -85.757  38.247 -85.737  1.553
4 20  11.0 38.252 -85.757  38.249 -85.737  1.139
2 10  15.0 38.25 -85.758  38.251 -85.736  1.35
6 8  16.0 38.25 -85.755  38.251 -85.739  1.27
6 19  20.0 38.251 -85.758  38.25 -85.736  2.796
7 15  29.0 38.251 -85.757  38.25 -85.737  1.056
7 13  38.0 38.251 -85.758  38.25 -85.736  1.864
7 16  41.0 38.251 -85.758  38.25 -85.736  4.17
7 10  9.0 38.251 -85.755  38.251 -85.739  0.887
7 13  36.0 38.252 -85.758  38.25 -85.736  3.071
3 15  7.0 38.254 -85.757  38.249 -85.737  1.31
3 17  11.0 38.253 -85.755  38.25 -85.739  1.118
1 10  12.0 38.253 -85.757  38.25 -85.737  1.09
1 10  12.0 38.253 -85.757  38.25 -85.737  1.18
7 18  12.0 38.253 -85.757  38.25 -85.737  1.19
5 12  8.0 38.254 -85.758  38.25 -85.736  1.34
7 12  14.0 38.254 -85.757  38.25 -85.737  1.48
5 14  28.0 38.253 -85.755  38.251 -85.739  1.93
1 17  9.0 38.254 -85.757  38.251 -85.737  2.113
6 20  10.0 38.254 -85.754  38.251 -85.74  0.994
6 12  10.0 38.255 -85.756  38.25 -85.738  1.16
6 16  12.0 38.256 -85.758  38.25 -85.736  0.87
7 14  10.0 38.257 -85.758  38.25 -85.736  1.491
2 11  12.0 38.257 -85.758  38.25 -85.736  1.118
1 17  19.0 38.257 -85.758  38.25 -85.736  1.52
6 5  5.0 38.243 -85.753  38.247 -85.74  0.81
2 10  7.0 38.245 -85.755  38.247 -85.738  1.04
5 8  8.0 38.248 -85.755  38.247 -85.738  1.27
7 16  18.0 38.248 -85.757  38.247 -85.736  1.491
6 18  4.0 38.248 -85.754  38.248 -85.739  0.913
3 11  5.0 38.249 -85.754  38.247 -85.739  0.9
4 18  7.0 38.249 -85.754  38.247 -85.739  0.994
1 13  12.0 38.245 -85.754  38.251 -85.739  1.34
4 18  7.0 38.25 -85.756  38.247 -85.737  1.08
1 12  7.0 38.247 -85.753  38.251 -85.74  0.57
7 18  6.0 38.25 -85.755  38.249 -85.738  0.98
5 10  9.0 38.252 -85.756  38.247 -85.737  1.22
5 13  11.0 38.252 -85.757  38.247 -85.736  1.3
7 8  12.0 38.249 -85.757  38.25 -85.736  1.41
7 19  15.0 38.248 -85.756  38.251 -85.737  1.37
7 13  19.0 38.25 -85.756  38.249 -85.737  0.497
7 16  16.0 38.251 -85.757  38.249 -85.736  0.621
7 9  21.0 38.251 -85.756  38.249 -85.737  1.18
2 18  8.0 38.251 -85.757  38.25 -85.736  1.24
7 16  26.0 38.25 -85.753  38.251 -85.74  1.586
7 11  36.0 38.25 -85.756  38.251 -85.737  1.45
4 16  37.0 38.251 -85.754  38.25 -85.739  2.62
4 13  8.0 38.253 -85.753  38.249 -85.74  1.2
2 18  8.0 38.252 -85.757  38.25 -85.736  1.21
3 17  16.0 38.251 -85.756  38.251 -85.737  2.237
5 8  18.0 38.253 -85.754  38.249 -85.739  0.249
4 18  9.0 38.253 -85.757  38.25 -85.736  0.435
7 18  14.0 38.253 -85.757  38.25 -85.736  1.19
7 14  15.0 38.252 -85.753  38.251 -85.74  0.95
4 20  11.0 38.257 -85.755  38.247 -85.738  1.988
3 15  12.0 38.255 -85.753  38.249 -85.74  1.181
5 13  13.0 38.255 -85.753  38.249 -85.74  1.42
1 16  10.0 38.255 -85.757  38.25 -85.736  1.55
1 16  11.0 38.254 -85.757  38.251 -85.736  1.55
6 15  14.0 38.255 -85.755  38.25 -85.738  1.49
6 16  9.0 38.257 -85.757  38.25 -85.736  1.44
7 16  28.0 38.258 -85.754  38.25 -85.739  1.88
4 12  13.0 38.26 -85.757  38.251 -85.736  1.66
7 15  19.0 38.217 -85.755  38.248 -85.737  2.37
3 12  14.0 38.224 -85.756  38.25 -85.736  2.48
6 7  7.0 38.243 -85.752  38.249 -85.74  0.93
4 15  15.0 38.245 -85.754  38.247 -85.738  2.24
4 17  15.0 38.243 -85.756  38.25 -85.736  1.55
6 10  18.0 38.248 -85.756  38.248 -85.736  1.05
3 13  8.0 38.249 -85.754  38.248 -85.738  1.06
4 14  8.0 38.247 -85.754  38.25 -85.738  1.36
3 15  10.0 38.249 -85.755  38.25 -85.737  1.3
6 17  7.0 38.252 -85.753  38.249 -85.739  0.98
2 6  7.0 38.253 -85.752  38.248 -85.74  1.118
4 2  8.0 38.253 -85.753  38.248 -85.739  0.63
3 5  8.0 38.253 -85.752  38.248 -85.74  1.243
4 6  10.0 38.253 -85.752  38.248 -85.74  0.726
2 6  23.0 38.253 -85.752  38.248 -85.74  0.74
7 15  8.0 38.254 -85.752  38.248 -85.74  1.74
6 13  12.0 38.254 -85.753  38.248 -85.739  1.35
6 14  41.0 38.255 -85.753  38.247 -85.739  1.99
6 12  12.0 38.253 -85.755  38.25 -85.737  1.44
3 6  12.0 38.256 -85.755  38.247 -85.737  1.65
6 8  15.0 38.254 -85.754  38.249 -85.738  1.32
7 13  49.0 38.254 -85.755  38.249 -85.737  4.04
3 13  8.0 38.256 -85.752  38.248 -85.74  0.98
7 6  12.0 38.253 -85.753  38.251 -85.739  0.88
1 9  27.0 38.254 -85.754  38.25 -85.738  0.899
7 12  16.0 38.255 -85.754  38.25 -85.738  0.93
3 14  29.0 38.258 -85.756  38.247 -85.736  2.237
2 14  15.0 38.257 -85.752  38.249 -85.74  1.056
3 14  12.0 38.258 -85.753  38.251 -85.739  0.892
7 12  45.0 38.213 -85.755  38.25 -85.736  4.59
7 11  7.0 38.24 -85.753  38.249 -85.738  1.18
2 3  6.0 38.244 -85.751  38.248 -85.74  0.68
6 11  6.0 38.245 -85.752  38.248 -85.739  0.84
5 15  14.0 38.247 -85.754  38.247 -85.737  1.88
6 10  11.0 38.249 -85.753  38.247 -85.738  0.932
2 11  31.0 38.247 -85.751  38.249 -85.74  5.08
4 18  7.0 38.25 -85.752  38.247 -85.739  0.91
3 13  9.0 38.248 -85.755  38.249 -85.736  1.3
6 20  17.0 38.247 -85.755  38.25 -85.736  1.988
2 15  9.0 38.247 -85.753  38.251 -85.738  1.3
2 6  8.0 38.252 -85.752  38.248 -85.739  0.767
5 21  19.0 38.249 -85.755  38.251 -85.736  1.68
1 3  5.0 38.253 -85.753  38.248 -85.738  1.13
5 17  7.0 38.25 -85.753  38.251 -85.738  0.95
4 6  7.0 38.253 -85.751  38.248 -85.74  1.118
2 6  8.0 38.253 -85.752  38.248 -85.739  1.116
3 6  9.0 38.253 -85.751  38.248 -85.74  0.705
5 6  10.0 38.253 -85.751  38.248 -85.74  1.114
2 21  14.0 38.254 -85.754  38.247 -85.737  1.429
4 16  9.0 38.253 -85.755  38.249 -85.736  1.305
6 11  23.0 38.254 -85.755  38.249 -85.736  2.672
6 12  5.0 38.253 -85.753  38.251 -85.738  0.95
1 14  9.0 38.253 -85.754  38.251 -85.737  0.95
6 18  10.0 38.253 -85.752  38.251 -85.739  1.18
7 10  9.0 38.257 -85.754  38.249 -85.737  1.3
6 22  16.0 38.258 -85.752  38.249 -85.739  1.74
6 14  18.0 38.256 -85.753  38.251 -85.738  1.83
7 21  15.0 38.259 -85.755  38.251 -85.736  1.367
7 15  19.0 38.219 -85.754  38.25 -85.736  2.77
7 12  38.0 38.219 -85.754  38.25 -85.736  4.52
5 13  9.0 38.245 -85.75  38.249 -85.74  0.61
5 10  5.0 38.247 -85.75  38.248 -85.74  0.69
2 19  7.0 38.248 -85.753  38.248 -85.737  0.88
3 6  8.0 38.25 -85.751  38.248 -85.739  0.497
5 19  7.0 38.252 -85.751  38.248 -85.739  1.13
5 18  8.0 38.253 -85.75  38.247 -85.74  1.01
4 18  14.0 38.253 -85.751  38.247 -85.739  1.85
3 6  9.0 38.253 -85.751  38.248 -85.739  0.807
4 6  42.0 38.253 -85.751  38.248 -85.739  0.97
4 1  7.0 38.252 -85.754  38.25 -85.736  1.0
1 13  8.0 38.251 -85.751  38.251 -85.739  1.056
3 16  44.0 38.252 -85.754  38.25 -85.736  0.746
1 10  13.0 38.255 -85.75  38.248 -85.74  1.01
5 10  11.0 38.257 -85.752  38.247 -85.738  2.25
4 12  8.0 38.254 -85.752  38.251 -85.738  0.98
5 14  9.0 38.255 -85.754  38.25 -85.736  1.29
4 22  11.0 38.257 -85.753  38.249 -85.737  0.497
7 14  11.0 38.255 -85.751  38.251 -85.739  1.37
1 11  19.0 38.258 -85.754  38.25 -85.736  1.36
7 19  17.0 38.259 -85.751  38.251 -85.739  1.34
1 13  5.0 38.247 -85.75  38.248 -85.739  0.61
5 16  19.0 38.246 -85.752  38.249 -85.737  0.373
3 15  7.0 38.248 -85.75  38.248 -85.739  0.684
4 18  6.0 38.25 -85.751  38.247 -85.738  1.1
5 7  16.0 38.251 -85.751  38.25 -85.738  1.25
1 18  16.0 38.253 -85.752  38.249 -85.737  1.58
2 18  4.0 38.252 -85.75  38.251 -85.739  0.41
7 19  6.0 38.253 -85.752  38.25 -85.737  0.93
6 12  10.0 38.252 -85.753  38.251 -85.736  1.243
1 16  8.0 38.253 -85.749  38.251 -85.74  0.062
6 8  50.0 38.257 -85.749  38.247 -85.74  3.19
6 11  7.0 38.255 -85.753  38.25 -85.736  0.97
6 18  9.0 38.254 -85.75  38.251 -85.739  0.71
4 18  15.0 38.257 -85.751  38.248 -85.738  1.802
2 11  18.0 38.257 -85.75  38.251 -85.739  1.553
7 16  26.0 38.258 -85.752  38.25 -85.737  2.22
4 17  8.0 38.265 -85.751  38.251 -85.738  0.57
7 7  8.0 38.234 -85.749  38.247 -85.739  1.37
6 14  9.0 38.239 -85.751  38.249 -85.737  1.45
6 10  22.0 38.243 -85.752  38.251 -85.736  1.64
7 18  10.0 38.248 -85.751  38.247 -85.737  1.162
2 16  11.0 38.248 -85.748  38.248 -85.74  0.186
6 12  8.0 38.25 -85.751  38.248 -85.737  0.84
6 11  10.0 38.247 -85.748  38.251 -85.74  0.66
2 11  26.0 38.247 -85.749  38.251 -85.739  2.67
7 11  9.0 38.25 -85.751  38.249 -85.737  0.95
7 16  9.0 38.255 -85.751  38.248 -85.737  1.32
7 23  11.0 38.253 -85.748  38.25 -85.74  0.684
7 19  11.0 38.253 -85.749  38.251 -85.739  0.87
1 9  17.0 38.255 -85.752  38.249 -85.736  1.42
1 19  6.0 38.254 -85.751  38.251 -85.737  0.94
3 10  6.0 38.255 -85.752  38.25 -85.736  1.22
3 13  12.0 38.256 -85.749  38.249 -85.739  1.61
7 19  6.0 38.256 -85.751  38.25 -85.737  0.93
3 10  8.0 38.256 -85.752  38.25 -85.736  1.23
1 9  17.0 38.256 -85.752  38.25 -85.736  1.5
1 18  19.0 38.256 -85.748  38.251 -85.74  1.59
7 17  14.0 38.258 -85.752  38.251 -85.736  1.07
6 16  24.0 38.227 -85.748  38.247 -85.739  1.5
5 22  8.0 38.24 -85.747  38.247 -85.74  0.621
3 20  39.0 38.239 -85.747  38.248 -85.74  1.243
5 15  2.0 38.245 -85.747  38.248 -85.74  0.28
5 11  4.0 38.245 -85.747  38.249 -85.74  0.39
5 16  5.0 38.245 -85.748  38.249 -85.739  0.813
2 14  4.0 38.248 -85.748  38.247 -85.739  0.56
6 15  8.0 38.249 -85.747  38.248 -85.74  0.124
6 13  4.0 38.251 -85.747  38.249 -85.74  0.34
7 18  4.0 38.25 -85.747  38.25 -85.74  0.37
4 11  5.0 38.249 -85.747  38.251 -85.74  0.69
1 16  10.0 38.251 -85.751  38.25 -85.736  1.54
1 22  5.0 38.251 -85.749  38.251 -85.738  0.75
6 16  10.0 38.255 -85.747  38.247 -85.74  1.15
1 19  6.0 38.253 -85.751  38.25 -85.736  0.97
6 15  11.0 38.254 -85.751  38.249 -85.736  0.9
2 20  31.0 38.253 -85.751  38.25 -85.736  0.994
1 14  51.0 38.253 -85.751  38.251 -85.736  2.51
6 23  5.0 38.256 -85.751  38.25 -85.736  1.119
6 23  6.0 38.256 -85.751  38.25 -85.736  1.118
7 19  21.0 38.256 -85.747  38.25 -85.74  1.69
6 16  13.0 38.257 -85.751  38.251 -85.736  0.88
2 12  6.0 38.242 -85.747  38.248 -85.739  0.68
1 22  6.0 38.243 -85.746  38.249 -85.74  0.735
5 17  6.0 38.244 -85.749  38.249 -85.737  1.06
2 15  6.0 38.247 -85.746  38.247 -85.74  0.373
6 15  9.0 38.246 -85.746  38.248 -85.74  0.435
4 17  5.0 38.245 -85.746  38.25 -85.74  0.73
5 12  6.0 38.246 -85.746  38.249 -85.74  0.44
5 13  6.0 38.245 -85.748  38.251 -85.738  0.88
4 16  6.0 38.247 -85.746  38.251 -85.74  1.553
3 6  9.0 38.251 -85.749  38.247 -85.737  0.711
3 16  10.0 38.247 -85.746  38.251 -85.74  0.62
4 11  10.0 38.249 -85.75  38.251 -85.736  0.748
1 16  10.0 38.25 -85.749  38.25 -85.737  1.37
3 12  14.0 38.251 -85.747  38.251 -85.739  1.34
7 21  16.0 38.254 -85.747  38.248 -85.739  1.125
6 17  12.0 38.254 -85.749  38.249 -85.737  1.18
7 11  7.0 38.257 -85.748  38.247 -85.738  0.78
7 16  11.0 38.255 -85.749  38.249 -85.737  0.311
4 21  7.0 38.254 -85.746  38.251 -85.74  0.559
2 11  19.0 38.255 -85.75  38.251 -85.736  1.243
6 7  5.0 38.239 -85.746  38.247 -85.739  0.3
1 17  4.0 38.243 -85.746  38.247 -85.739  0.53
2 13  4.0 38.243 -85.746  38.247 -85.739  0.63
3 16  5.0 38.243 -85.746  38.247 -85.739  1.03
5 13  6.0 38.243 -85.746  38.247 -85.739  0.52
6 12  6.0 38.243 -85.746  38.247 -85.739  0.59
3 19  10.0 38.244 -85.745  38.247 -85.74  0.932
7 16  6.0 38.244 -85.749  38.249 -85.736  0.86
2 7  7.0 38.247 -85.746  38.247 -85.739  0.54
7 18  22.0 38.244 -85.746  38.25 -85.739  2.423
6 16  4.0 38.248 -85.746  38.247 -85.739  0.47
1 8  13.0 38.248 -85.746  38.249 -85.739  0.76
2 12  3.0 38.249 -85.745  38.249 -85.74  0.19
5 11  10.0 38.249 -85.748  38.25 -85.737  0.124
2 13  12.0 38.25 -85.749  38.25 -85.736  1.181
3 17  30.0 38.252 -85.747  38.249 -85.738  1.118
1 10  9.0 38.252 -85.748  38.251 -85.737  0.99
7 18  4.0 38.253 -85.748  38.251 -85.737  0.68
6 19  13.0 38.253 -85.747  38.251 -85.738  1.13
6 13  11.0 38.255 -85.749  38.25 -85.736  1.429
6 13  11.0 38.256 -85.745  38.25 -85.74  1.502
5 16  15.0 38.256 -85.747  38.25 -85.738  1.64
2 11  17.0 38.256 -85.749  38.25 -85.736  0.621
5 21  6.0 38.256 -85.747  38.251 -85.738  1.0
7 16  8.0 38.258 -85.745  38.25 -85.74  1.18
6 16  11.0 38.257 -85.746  38.251 -85.739  0.96
4 6  11.0 38.241 -85.747  38.248 -85.737  0.88
5 17  6.0 38.245 -85.747  38.25 -85.737  0.994
7 21  8.0 38.248 -85.745  38.248 -85.739  0.94
5 9  3.0 38.249 -85.745  38.248 -85.739  0.15
2 24  5.0 38.249 -85.747  38.248 -85.737  0.65
5 11  6.0 38.247 -85.747  38.25 -85.737  0.7
3 13  6.0 38.249 -85.747  38.248 -85.737  0.76
5 8  3.0 38.249 -85.745  38.249 -85.739  0.42
7 17  7.0 38.25 -85.745  38.248 -85.739  0.684
6 11  4.0 38.249 -85.745  38.251 -85.739  0.35
7 15  5.0 38.251 -85.747  38.249 -85.737  0.746
6 16  6.0 38.249 -85.744  38.251 -85.74  0.63
1 7  11.0 38.255 -85.744  38.247 -85.74  1.12
1 7  12.0 38.256 -85.744  38.247 -85.74  1.05
5 16  16.0 38.254 -85.746  38.249 -85.738  1.78
5 18  10.0 38.256 -85.744  38.248 -85.74  1.06
6 20  14.0 38.256 -85.745  38.249 -85.739  0.062
7 12  8.0 38.255 -85.746  38.251 -85.738  0.59
7 16  22.0 38.256 -85.748  38.25 -85.736  1.53
5 17  8.0 38.257 -85.746  38.251 -85.738  0.73
6 16  11.0 38.258 -85.745  38.251 -85.739  0.96
5 21  15.0 38.212 -85.747  38.247 -85.736  2.9
2 20  14.0 38.223 -85.743  38.247 -85.74  1.67
6 9  6.0 38.239 -85.743  38.247 -85.74  0.76
3 9  3.0 38.247 -85.745  38.247 -85.738  0.39
4 7  3.0 38.245 -85.744  38.249 -85.739  0.4
2 14  4.0 38.248 -85.746  38.247 -85.737  0.62
5 12  2.0 38.246 -85.744  38.251 -85.739  0.39
3 18  4.0 38.249 -85.745  38.248 -85.738  0.07
2 12  5.0 38.25 -85.743  38.249 -85.74  0.23
1 10  4.0 38.249 -85.745  38.251 -85.738  0.63
1 13  10.0 38.25 -85.746  38.25 -85.737  0.56
5 8  19.0 38.25 -85.743  38.25 -85.74  2.58
3 19  4.0 38.25 -85.745  38.251 -85.738  0.497
7 7  5.0 38.251 -85.747  38.25 -85.736  0.57
6 15  8.0 38.255 -85.744  38.248 -85.739  0.86
6 15  8.0 38.255 -85.744  38.248 -85.739  0.95
7 17  22.0 38.253 -85.744  38.25 -85.739  1.99
6 16  35.0 38.255 -85.746  38.248 -85.737  0.93
1 21  43.0 38.253 -85.743  38.25 -85.74  3.836
5 21  4.0 38.253 -85.745  38.251 -85.738  0.54
5 16  11.0 38.256 -85.744  38.248 -85.739  1.62
6 16  14.0 38.256 -85.746  38.248 -85.737  0.99
4 12  6.0 38.254 -85.745  38.251 -85.738  0.989
7 13  7.0 38.258 -85.745  38.247 -85.738  0.8
1 8  16.0 38.254 -85.745  38.251 -85.738  1.47
7 21  35.0 38.257 -85.745  38.248 -85.738  0.808
4 12  6.0 38.256 -85.746  38.25 -85.737  0.8
4 12  6.0 38.256 -85.746  38.25 -85.737  0.86
5 18  8.0 38.255 -85.747  38.251 -85.736  0.85
6 20  15.0 38.255 -85.743  38.251 -85.74  1.243
6 18  16.0 38.259 -85.746  38.248 -85.737  1.2
7 20  5.0 38.257 -85.744  38.251 -85.739  0.74
1 18  11.0 38.24 -85.745  38.247 -85.737  0.78
3 6  3.0 38.244 -85.742  38.249 -85.74  0.12
7 15  16.0 38.244 -85.743  38.249 -85.739  1.41
3 5  4.0 38.244 -85.745  38.25 -85.737  0.35
4 11  10.0 38.245 -85.743  38.249 -85.739  0.559
3 14  3.0 38.248 -85.742  38.247 -85.74  0.1
6 9  4.0 38.246 -85.745  38.25 -85.737  0.5
3 13  5.0 38.248 -85.745  38.248 -85.737  0.41
7 20  20.0 38.247 -85.742  38.249 -85.74  0.193
5 11  2.0 38.249 -85.743  38.248 -85.739  0.24
7 15  21.0 38.25 -85.742  38.247 -85.74  1.6
5 10  3.0 38.247 -85.742  38.251 -85.74  0.347
6 16  3.0 38.249 -85.743  38.25 -85.739  0.213
4 16  4.0 38.251 -85.745  38.248 -85.737  0.54
6 18  6.0 38.252 -85.745  38.248 -85.737  0.49
7 21  8.0 38.253 -85.744  38.248 -85.738  1.118
5 13  10.0 38.25 -85.742  38.251 -85.74  0.06
3 9  38.0 38.254 -85.744  38.247 -85.738  2.14
2 17  3.0 38.251 -85.745  38.251 -85.737  0.53
2 19  2.0 38.252 -85.743  38.251 -85.739  0.31
6 20  18.0 38.254 -85.744  38.249 -85.738  1.366
1 18  36.0 38.252 -85.746  38.251 -85.736  3.65
7 19  6.0 38.253 -85.743  38.251 -85.739  0.4
3 19  15.0 38.254 -85.744  38.25 -85.738  0.95
6 12  7.0 38.255 -85.746  38.25 -85.736  0.86
6 20  11.0 38.256 -85.746  38.249 -85.736  1.35
5 17  16.0 38.256 -85.744  38.249 -85.738  0.96
7 9  54.0 38.255 -85.746  38.25 -85.736  4.08
7 13  6.0 38.256 -85.745  38.25 -85.737  0.78
7 18  8.0 38.255 -85.746  38.251 -85.736  0.732
7 10  11.0 38.257 -85.742  38.25 -85.74  0.78
7 9  55.0 38.257 -85.745  38.25 -85.737  4.35
3 17  7.0 38.261 -85.744  38.247 -85.738  1.28
5 18  42.0 38.257 -85.744  38.251 -85.738  2.71
7 16  13.0 38.231 -85.743  38.25 -85.738  1.85
4 8  31.0 38.245 -85.741  38.247 -85.74  0.621
3 18  6.0 38.245 -85.744  38.248 -85.737  0.46
2 20  6.0 38.244 -85.742  38.249 -85.739  0.621
2 17  3.0 38.246 -85.741  38.248 -85.74  0.144
6 6  4.0 38.248 -85.743  38.247 -85.738  0.38
4 16  5.0 38.244 -85.743  38.251 -85.738  0.99
5 18  11.0 38.247 -85.742  38.248 -85.739  1.181
3 9  53.0 38.25 -85.743  38.247 -85.738  2.6
4 8  4.0 38.247 -85.741  38.251 -85.74  0.33
7 17  5.0 38.249 -85.745  38.249 -85.736  0.58
2 14  3.0 38.249 -85.742  38.25 -85.739  0.2
4 11  5.0 38.249 -85.743  38.25 -85.738  0.56
6 19  4.0 38.25 -85.744  38.251 -85.737  0.43
5 16  4.0 38.254 -85.741  38.247 -85.74  0.561
6 12  6.0 38.251 -85.745  38.25 -85.736  0.49
6 12  7.0 38.251 -85.745  38.25 -85.736  0.49
1 14  14.0 38.254 -85.745  38.247 -85.736  1.24
7 16  4.0 38.251 -85.742  38.251 -85.739  0.25
5 11  5.0 38.252 -85.745  38.25 -85.736  0.61
4 22  5.0 38.255 -85.744  38.247 -85.737  0.994
3 17  7.0 38.255 -85.745  38.248 -85.736  0.76
1 13  11.0 38.256 -85.744  38.247 -85.737  1.2
3 11  19.0 38.256 -85.743  38.247 -85.738  2.96
1 9  27.0 38.253 -85.741  38.25 -85.74  2.68
7 21  30.0 38.256 -85.744  38.247 -85.737  1.553
6 20  6.0 38.255 -85.744  38.249 -85.737  0.723
5 13  7.0 38.254 -85.745  38.25 -85.736  0.86
6 21  38.0 38.254 -85.742  38.25 -85.739  1.553
1 14  5.0 38.255 -85.744  38.25 -85.737  0.71
3 14  6.0 38.255 -85.744  38.25 -85.737  0.73
1 16  7.0 38.255 -85.744  38.25 -85.737  0.746
6 11  7.0 38.254 -85.744  38.251 -85.737  0.94
7 10  9.0 38.255 -85.744  38.25 -85.737  0.8
7 10  10.0 38.255 -85.744  38.25 -85.737  0.84
6 16  44.0 38.255 -85.744  38.25 -85.737  1.37
3 9  4.0 38.255 -85.743  38.251 -85.738  0.45
7 12  7.0 38.256 -85.744  38.25 -85.737  0.77
4 22  8.0 38.256 -85.741  38.25 -85.74  0.86
1 21  9.0 38.256 -85.743  38.25 -85.738  1.05
4 23  20.0 38.256 -85.745  38.25 -85.736  1.74
6 15  8.0 38.257 -85.743  38.25 -85.738  0.8
6 20  10.0 38.256 -85.743  38.251 -85.738  1.243
6 11  12.0 38.257 -85.742  38.25 -85.739  0.85
6 17  12.0 38.256 -85.742  38.251 -85.739  1.21
4 18  24.0 38.257 -85.745  38.25 -85.736  1.39
4 18  21.0 38.258 -85.745  38.25 -85.736  1.39
1 10  36.0 38.258 -85.745  38.25 -85.736  4.5
7 17  6.0 38.244 -85.741  38.247 -85.739  0.26
1 16  3.0 38.247 -85.74  38.247 -85.74  0.124
7 15  8.0 38.247 -85.74  38.247 -85.74  1.181
7 16  23.0 38.247 -85.74  38.247 -85.74  1.7
7 16  23.0 38.247 -85.74  38.247 -85.74  2.15
2 14  4.0 38.247 -85.741  38.248 -85.739  0.124
6 20  9.0 38.248 -85.741  38.247 -85.739  0.73
6 18  5.0 38.248 -85.741  38.248 -85.739  0.381
6 20  7.0 38.248 -85.74  38.248 -85.74  2.237
5 17  9.0 38.248 -85.74  38.248 -85.74  0.808
6 14  11.0 38.249 -85.74  38.249 -85.74  1.056
6 15  12.0 38.249 -85.74  38.249 -85.74  0.75
2 7  16.0 38.249 -85.74  38.249 -85.74  0.5
1 16  4.0 38.25 -85.74  38.25 -85.74  1.118
6 15  11.0 38.249 -85.741  38.251 -85.739  0.559
4 18  11.0 38.253 -85.743  38.247 -85.737  1.07
7 12  3.0 38.251 -85.742  38.25 -85.738  0.26
7 18  20.0 38.252 -85.741  38.249 -85.739  0.72
6 17  44.0 38.25 -85.741  38.251 -85.739  4.54
4 6  4.0 38.253 -85.742  38.249 -85.738  0.5
7 13  5.0 38.253 -85.74  38.249 -85.74  0.296
7 20  6.0 38.252 -85.744  38.25 -85.736  0.559
1 16  26.0 38.251 -85.74  38.251 -85.74  0.1
6 17  35.0 38.251 -85.741  38.251 -85.739  4.01
5 21  5.0 38.255 -85.742  38.248 -85.738  0.889
3 13  8.0 38.254 -85.743  38.249 -85.737  0.8
7 14  4.0 38.253 -85.74  38.251 -85.74  0.16
6 18  14.0 38.253 -85.74  38.251 -85.74  0.373
6 10  26.0 38.253 -85.74  38.251 -85.74  3.65
7 18  29.0 38.254 -85.741  38.25 -85.739  1.06
3 14  6.0 38.255 -85.744  38.25 -85.736  0.61
1 14  6.0 38.255 -85.744  38.25 -85.736  0.96
7 16  10.0 38.255 -85.744  38.25 -85.736  1.2
6 17  16.0 38.254 -85.74  38.251 -85.74  0.91
3 14  19.0 38.255 -85.744  38.25 -85.736  2.66
4 14  4.0 38.255 -85.744  38.251 -85.736  0.48
6 9  6.0 38.255 -85.744  38.251 -85.736  0.81
1 14  7.0 38.255 -85.744  38.251 -85.736  0.75
1 14  7.0 38.255 -85.744  38.251 -85.736  0.76
5 18  8.0 38.255 -85.744  38.251 -85.736  0.95
7 14  9.0 38.255 -85.744  38.251 -85.736  0.62
7 14  9.0 38.255 -85.744  38.251 -85.736  0.73
7 14  13.0 38.255 -85.744  38.251 -85.736  0.87
3 18  24.0 38.26 -85.74  38.251 -85.74  4.31
4 13  12.0 38.267 -85.74  38.251 -85.74  2.15
6 8  5.0 38.244 -85.742  38.248 -85.737  0.32
5 12  25.0 38.246 -85.739  38.247 -85.74  0.186
5 3  20.0 38.247 -85.74  38.247 -85.739  0.69
6 18  3.0 38.247 -85.74  38.248 -85.739  0.19
7 13  9.0 38.245 -85.739  38.25 -85.74  0.7
1 18  32.0 38.248 -85.74  38.247 -85.739  1.926
4 10  11.0 38.248 -85.739  38.248 -85.74  0.08
4 10  11.0 38.247 -85.741  38.249 -85.738  0.2
4 20  14.0 38.249 -85.74  38.247 -85.739  0.48
7 12  10.0 38.246 -85.741  38.251 -85.738  0.062
6 21  18.0 38.248 -85.739  38.249 -85.74  1.802
7 21  3.0 38.25 -85.742  38.249 -85.737  0.314
6 15  4.0 38.248 -85.741  38.251 -85.738  0.37
2 19  22.0 38.249 -85.741  38.25 -85.738  3.67
5 20  4.0 38.25 -85.739  38.251 -85.74  0.124
6 10  7.0 38.254 -85.741  38.247 -85.738  0.97
7 20  8.0 38.254 -85.739  38.247 -85.74  0.389
2 10  2.0 38.252 -85.742  38.25 -85.737  0.39
5 8  3.0 38.253 -85.743  38.25 -85.736  0.49
1 11  4.0 38.252 -85.741  38.251 -85.738  0.31
7 19  9.0 38.253 -85.74  38.25 -85.739  0.25
7 19  17.0 38.253 -85.74  38.25 -85.739  0.6
2 6  13.0 38.255 -85.74  38.249 -85.739  0.44
7 10  6.0 38.257 -85.74  38.248 -85.739  0.69
6 9  9.0 38.254 -85.743  38.251 -85.736  0.81
4 21  15.0 38.256 -85.742  38.25 -85.737  0.964
6 23  4.0 38.256 -85.739  38.251 -85.74  0.38
6 20  19.0 38.256 -85.74  38.251 -85.739  0.186
7 13  23.0 38.257 -85.739  38.251 -85.74  2.485
2 14  10.0 38.231 -85.738  38.248 -85.74  1.553
1 7  16.0 38.243 -85.739  38.247 -85.739  1.55
6 15  4.0 38.243 -85.741  38.248 -85.737  0.54
3 11  4.0 38.246 -85.741  38.247 -85.737  0.18
1 10  4.0 38.247 -85.739  38.247 -85.739  0.684
6 11  8.0 38.247 -85.739  38.247 -85.739  0.71
6 8  9.0 38.247 -85.739  38.247 -85.739  0.3
2 12  12.0 38.247 -85.739  38.247 -85.739  0.46
6 12  12.0 38.247 -85.739  38.247 -85.739  1.71
6 18  15.0 38.247 -85.739  38.247 -85.739  1.47
1 18  18.0 38.247 -85.739  38.247 -85.739  2.88
4 9  35.0 38.247 -85.739  38.247 -85.739  2.19
6 16  11.0 38.244 -85.742  38.251 -85.736  1.34
5 17  4.0 38.249 -85.739  38.247 -85.739  0.26
2 22  4.0 38.248 -85.739  38.248 -85.739  0.311
2 22  4.0 38.248 -85.739  38.248 -85.739  0.559
4 15  6.0 38.248 -85.739  38.248 -85.739  2.175
1 22  7.0 38.248 -85.739  38.248 -85.739  0.09
1 16  7.0 38.248 -85.739  38.248 -85.739  1.678
4 7  8.0 38.248 -85.739  38.248 -85.739  0.994
7 10  3.0 38.25 -85.74  38.247 -85.738  0.49
4 14  4.0 38.247 -85.741  38.25 -85.737  0.22
4 14  2.0 38.249 -85.739  38.249 -85.739  0.31
4 9  9.0 38.249 -85.739  38.249 -85.739  0.46
5 13  9.0 38.249 -85.739  38.249 -85.739  0.83
5 23  24.0 38.249 -85.739  38.249 -85.739  1.33
1 14  26.0 38.249 -85.739  38.249 -85.739  1.24
5 23  26.0 38.249 -85.739  38.249 -85.739  2.52
5 23  47.0 38.249 -85.739  38.249 -85.739  0.83
7 17  3.0 38.252 -85.738  38.247 -85.74  0.35
7 17  9.0 38.248 -85.739  38.251 -85.739  0.35
3 18  10.0 38.252 -85.741  38.247 -85.737  0.684
3 15  45.0 38.249 -85.738  38.25 -85.74  1.87
1 13  45.0 38.252 -85.738  38.247 -85.74  2.113
5 20  3.0 38.251 -85.739  38.249 -85.739  0.226
7 11  4.0 38.253 -85.74  38.247 -85.738  0.65
7 15  5.0 38.253 -85.74  38.247 -85.738  0.62
6 16  24.0 38.253 -85.74  38.247 -85.738  3.25
7 13  43.0 38.253 -85.738  38.247 -85.74  2.175
7 16  4.0 38.251 -85.741  38.25 -85.737  0.25
7 17  4.0 38.253 -85.738  38.248 -85.74  0.353
2 11  6.0 38.252 -85.741  38.249 -85.737  0.43
6 18  7.0 38.25 -85.739  38.251 -85.739  1.118
7 18  32.0 38.25 -85.739  38.251 -85.739  0.99
4 7  8.0 38.253 -85.739  38.249 -85.739  0.36
5 18  13.0 38.253 -85.739  38.249 -85.739  0.728
4 11  21.0 38.253 -85.741  38.249 -85.737  0.65
7 13  5.0 38.252 -85.741  38.251 -85.737  0.26
7 17  7.0 38.253 -85.74  38.25 -85.738  0.5
2 7  7.0 38.257 -85.739  38.247 -85.739  0.71
6 13  23.0 38.255 -85.738  38.249 -85.74  2.03
5 19  17.0 38.254 -85.74  38.251 -85.738  0.062
7 13  29.0 38.255 -85.742  38.25 -85.736  1.65
1 13  35.0 38.254 -85.74  38.251 -85.738  2.83
7 18  10.0 38.255 -85.738  38.251 -85.74  0.85
6 12  10.0 38.256 -85.739  38.25 -85.739  0.86
6 20  7.0 38.256 -85.739  38.251 -85.739  0.435
7 21  33.0 38.227 -85.741  38.247 -85.736  2.92
5 16  13.0 38.23 -85.74  38.249 -85.737  1.51
1 11  14.0 38.236 -85.737  38.251 -85.74  1.66
2 14  24.0 38.246 -85.738  38.247 -85.739  1.25
4 17  32.0 38.247 -85.739  38.247 -85.738  2.64
3 7  11.0 38.248 -85.74  38.247 -85.737  0.59
3 16  8.0 38.248 -85.738  38.248 -85.739  0.84
2 19  13.0 38.248 -85.74  38.248 -85.737  2.24
4 16  15.0 38.247 -85.739  38.249 -85.738  0.87
1 17  4.0 38.248 -85.74  38.249 -85.737  0.06
7 13  7.0 38.246 -85.739  38.251 -85.738  0.4
4 17  5.0 38.252 -85.74  38.247 -85.737  0.35
2 11  5.0 38.25 -85.74  38.249 -85.737  0.41
3 12  8.0 38.25 -85.737  38.249 -85.74  0.435
6 12  9.0 38.249 -85.741  38.25 -85.736  0.52
7 14  4.0 38.253 -85.739  38.247 -85.738  0.64
7 18  4.0 38.253 -85.74  38.247 -85.737  0.65
4 19  5.0 38.253 -85.74  38.247 -85.737  0.58
4 13  7.0 38.253 -85.74  38.247 -85.737  0.63
1 19  14.0 38.251 -85.739  38.249 -85.738  1.2
7 13  4.0 38.253 -85.737  38.248 -85.74  0.37
7 10  4.0 38.252 -85.738  38.249 -85.739  0.38
6 10  11.0 38.254 -85.739  38.247 -85.738  0.91
7 22  13.0 38.25 -85.741  38.251 -85.736  1.74
1 12  17.0 38.251 -85.741  38.25 -85.736  0.99
7 19  17.0 38.252 -85.739  38.249 -85.738  1.38
4 14  3.0 38.253 -85.738  38.249 -85.739  0.31
3 17  5.0 38.253 -85.738  38.249 -85.739  0.435
6 14  7.0 38.252 -85.739  38.25 -85.738  0.741
3 16  25.0 38.253 -85.738  38.249 -85.739  1.056
1 12  6.0 38.253 -85.74  38.25 -85.737  0.44
1 12  6.0 38.253 -85.74  38.25 -85.737  0.47
1 12  7.0 38.253 -85.74  38.25 -85.737  0.44
3 18  10.0 38.254 -85.739  38.249 -85.738  0.559
1 17  18.0 38.255 -85.74  38.248 -85.737  1.16
5 8  4.0 38.254 -85.741  38.25 -85.736  0.49
6 13  12.0 38.255 -85.741  38.25 -85.736  1.31
4 15  7.0 38.256 -85.741  38.25 -85.736  0.71
2 14  8.0 38.257 -85.741  38.251 -85.736  0.82
1 21  19.0 38.257 -85.741  38.251 -85.736  2.29
7 23  17.0 38.265 -85.741  38.249 -85.736  1.056
5 11  11.0 38.229 -85.739  38.247 -85.737  1.55
5 7  36.0 38.242 -85.739  38.247 -85.737  3.37
6 19  2.0 38.247 -85.738  38.247 -85.738  0.559
6 12  3.0 38.247 -85.738  38.247 -85.738  0.16
1 19  4.0 38.247 -85.738  38.247 -85.738  0.47
1 14  5.0 38.247 -85.738  38.247 -85.738  0.72
1 17  6.0 38.247 -85.738  38.247 -85.738  0.97
1 17  8.0 38.247 -85.738  38.247 -85.738  0.33
7 12  10.0 38.247 -85.738  38.247 -85.738  0.91
3 18  14.0 38.247 -85.738  38.247 -85.738  1.72
3 20  11.0 38.248 -85.739  38.247 -85.737  0.559
6 18  6.0 38.248 -85.737  38.248 -85.739  0.53
1 16  17.0 38.248 -85.738  38.248 -85.738  0.36
1 22  32.0 38.248 -85.737  38.248 -85.739  3.0
6 12  7.0 38.25 -85.736  38.247 -85.74  0.45
1 15  4.0 38.251 -85.74  38.247 -85.736  0.373
6 10  8.0 38.249 -85.738  38.249 -85.738  0.23
7 17  3.0 38.252 -85.738  38.247 -85.738  0.49
6 9  9.0 38.25 -85.738  38.249 -85.738  0.17
5 17  3.0 38.252 -85.739  38.248 -85.737  0.39
7 15  7.0 38.253 -85.736  38.247 -85.74  0.67
1 14  10.0 38.253 -85.739  38.247 -85.737  0.559
7 15  12.0 38.25 -85.738  38.25 -85.738  1.18
1 12  4.0 38.251 -85.739  38.25 -85.737  0.37
7 17  7.0 38.252 -85.739  38.249 -85.737  0.5
5 13  10.0 38.254 -85.738  38.247 -85.738  1.36
6 13  3.0 38.252 -85.739  38.25 -85.737  0.249
4 12  7.0 38.253 -85.738  38.249 -85.738  0.46
1 19  19.0 38.252 -85.739  38.25 -85.737  1.62
7 17  32.0 38.251 -85.737  38.251 -85.739  0.186
2 9  2.0 38.253 -85.74  38.25 -85.736  0.44
1 17  3.0 38.254 -85.738  38.249 -85.738  0.4
5 14  3.0 38.253 -85.74  38.25 -85.736  0.43
2 15  3.0 38.253 -85.739  38.25 -85.737  0.46
5 13  4.0 38.253 -85.74  38.25 -85.736  0.27
7 15  4.0 38.253 -85.74  38.25 -85.736  0.435
5 13  5.0 38.253 -85.74  38.25 -85.736  0.46
5 13  5.0 38.253 -85.74  38.25 -85.736  0.59
6 7  7.0 38.253 -85.738  38.25 -85.738  0.186
2 11  7.0 38.254 -85.738  38.249 -85.738  0.373
5 13  7.0 38.253 -85.74  38.25 -85.736  0.72
7 20  7.0 38.252 -85.738  38.251 -85.738  0.746
5 13  7.0 38.253 -85.74  38.25 -85.736  0.84
5 13  8.0 38.253 -85.74  38.25 -85.736  0.78
5 14  9.0 38.253 -85.74  38.25 -85.736  0.44
7 12  12.0 38.253 -85.74  38.25 -85.736  0.54
6 14  16.0 38.254 -85.74  38.249 -85.736  0.621
1 13  17.0 38.253 -85.738  38.25 -85.738  1.48
2 13  3.0 38.253 -85.738  38.251 -85.738  0.186
1 9  4.0 38.253 -85.74  38.251 -85.736  0.4
5 13  4.0 38.254 -85.74  38.25 -85.736  0.41
5 18  10.0 38.253 -85.738  38.251 -85.738  0.746
7 13  14.0 38.254 -85.738  38.25 -85.738  0.621
1 12  21.0 38.255 -85.74  38.25 -85.736  1.9
6 17  21.0 38.257 -85.737  38.249 -85.739  2.26
1 12  13.0 38.259 -85.739  38.248 -85.737  1.491
2 17  44.0 38.257 -85.739  38.25 -85.737  2.58
5 21  7.0 38.261 -85.736  38.247 -85.74  1.08
4 11  11.0 38.258 -85.74  38.25 -85.736  1.1
1 14  7.0 38.26 -85.738  38.25 -85.738  1.09
2 19  5.0 38.261 -85.736  38.251 -85.74  0.86
7 9  18.0 38.223 -85.739  38.25 -85.736  2.09
7 9  18.0 38.223 -85.739  38.25 -85.736  2.49
2 15  5.0 38.241 -85.738  38.251 -85.737  0.808
1 15  12.0 38.246 -85.738  38.248 -85.737  0.22
3 15  32.0 38.247 -85.737  38.247 -85.738  4.41
3 22  4.0 38.245 -85.739  38.25 -85.736  0.3
1 15  7.0 38.248 -85.737  38.248 -85.738  0.71
7 17  19.0 38.248 -85.737  38.248 -85.738  0.34
5 22  29.0 38.249 -85.738  38.247 -85.737  3.92
6 20  5.0 38.247 -85.735  38.25 -85.74  0.56
3 18  6.0 38.25 -85.736  38.247 -85.739  0.311
3 16  8.0 38.248 -85.738  38.249 -85.737  0.78
1 16  17.0 38.249 -85.737  38.248 -85.738  0.5
7 15  4.0 38.248 -85.738  38.25 -85.737  0.186
5 20  4.0 38.25 -85.736  38.248 -85.739  0.311
1 0  8.0 38.249 -85.738  38.249 -85.737  0.23
3 18  3.0 38.248 -85.739  38.251 -85.736  0.339
7 19  5.0 38.248 -85.736  38.251 -85.739  0.6
6 10  3.0 38.249 -85.735  38.251 -85.74  0.15
3 16  3.0 38.253 -85.737  38.247 -85.738  0.5
5 19  7.0 38.25 -85.737  38.25 -85.738  0.746
5 10  3.0 38.253 -85.736  38.248 -85.739  0.53
7 13  7.0 38.252 -85.738  38.249 -85.737  0.994
5 11  9.0 38.252 -85.737  38.249 -85.738  0.17
6 20  9.0 38.253 -85.739  38.248 -85.736  0.932
3 18  14.0 38.253 -85.738  38.248 -85.737  1.305
2 17  38.0 38.251 -85.739  38.25 -85.736  2.78
6 14  6.0 38.253 -85.739  38.249 -85.736  0.87
7 14  8.0 38.252 -85.739  38.25 -85.736  0.7
5 13  3.0 38.253 -85.739  38.25 -85.736  0.27
7 10  4.0 38.253 -85.739  38.25 -85.736  0.36
6 17  5.0 38.253 -85.739  38.25 -85.736  0.53
3 14  5.0 38.253 -85.739  38.25 -85.736  0.85
1 18  6.0 38.253 -85.739  38.25 -85.736  0.31
6 22  6.0 38.253 -85.739  38.25 -85.736  0.373
1 9  8.0 38.253 -85.739  38.25 -85.736  0.56
6 16  9.0 38.255 -85.738  38.248 -85.737  0.808
3 19  12.0 38.252 -85.739  38.251 -85.736  1.118
6 14  38.0 38.252 -85.738  38.251 -85.737  2.21
6 16  39.0 38.253 -85.738  38.25 -85.737  4.35
1 16  3.0 38.253 -85.738  38.251 -85.737  0.06
3 19  4.0 38.254 -85.737  38.25 -85.738  0.311
7 16  5.0 38.253 -85.739  38.251 -85.736  0.704
5 18  10.0 38.253 -85.738  38.251 -85.737  0.746
5 17  11.0 38.253 -85.738  38.251 -85.737  0.684
1 15  13.0 38.254 -85.739  38.25 -85.736  1.056
1 14  14.0 38.253 -85.739  38.251 -85.736  1.305
7 16  29.0 38.253 -85.739  38.251 -85.736  0.83
5 14  3.0 38.254 -85.739  38.251 -85.736  0.26
1 16  3.0 38.255 -85.738  38.25 -85.737  0.35
5 22  8.0 38.256 -85.736  38.249 -85.739  1.29
7 16  21.0 38.254 -85.736  38.251 -85.739  1.17
7 15  8.0 38.256 -85.738  38.25 -85.737  0.68
3 12  8.0 38.257 -85.737  38.251 -85.738  0.435
5 21  7.0 38.262 -85.736  38.247 -85.739  1.12
3 17  7.0 38.26 -85.735  38.249 -85.74  1.48
1 13  17.0 38.262 -85.736  38.249 -85.739  1.56
4 11  15.0 38.228 -85.738  38.249 -85.736  1.47
5 13  19.0 38.242 -85.737  38.248 -85.737  1.68
6 18  24.0 38.245 -85.736  38.247 -85.738  2.051
7 8  8.0 38.244 -85.738  38.249 -85.736  0.75
3 15  45.0 38.246 -85.736  38.247 -85.738  1.9
6 8  4.0 38.247 -85.736  38.247 -85.738  0.12
7 17  13.0 38.247 -85.737  38.247 -85.737  1.58
5 19  14.0 38.247 -85.736  38.248 -85.738  0.2
6 16  4.0 38.248 -85.737  38.248 -85.737  0.32
5 21  6.0 38.248 -85.737  38.248 -85.737  0.124
3 6  7.0 38.248 -85.737  38.248 -85.737  1.056
5 11  9.0 38.248 -85.737  38.248 -85.737  0.49
3 7  9.0 38.248 -85.737  38.248 -85.737  0.57
3 18  10.0 38.248 -85.737  38.248 -85.737  0.87
3 24  13.0 38.248 -85.737  38.248 -85.737  1.367
1 16  39.0 38.249 -85.736  38.247 -85.738  3.65
5 18  11.0 38.247 -85.737  38.25 -85.737  0.559
2 15  3.0 38.249 -85.737  38.249 -85.737  0.621
3 17  4.0 38.25 -85.736  38.248 -85.738  0.435
6 12  4.0 38.251 -85.734  38.247 -85.74  0.44
4 17  9.0 38.248 -85.734  38.25 -85.74  0.559
1 16  13.0 38.249 -85.737  38.249 -85.737  0.76
4 17  14.0 38.249 -85.737  38.249 -85.737  0.16
5 16  20.0 38.25 -85.736  38.248 -85.738  2.44
2 15  21.0 38.249 -85.737  38.249 -85.737  0.26
1 15  31.0 38.249 -85.737  38.249 -85.737  1.367
4 15  3.0 38.25 -85.736  38.249 -85.738  0.13
2 9  8.0 38.249 -85.737  38.25 -85.737  0.435
6 17  2.0 38.25 -85.737  38.25 -85.737  2.175
6 12  3.0 38.25 -85.736  38.25 -85.738  0.08
7 10  3.0 38.249 -85.735  38.251 -85.739  0.32
6 14  4.0 38.252 -85.736  38.248 -85.738  0.276
5 10  12.0 38.25 -85.737  38.25 -85.737  0.45
7 15  12.0 38.25 -85.736  38.25 -85.738  1.2
7 14  13.0 38.253 -85.737  38.247 -85.737  1.74
2 16  4.0 38.25 -85.736  38.251 -85.738  0.103
1 9  4.0 38.251 -85.738  38.25 -85.736  0.44
1 15  6.0 38.254 -85.737  38.247 -85.737  0.84
7 17  8.0 38.252 -85.738  38.249 -85.736  0.96
2 5  22.0 38.252 -85.737  38.25 -85.737  2.92
1 16  3.0 38.253 -85.738  38.25 -85.736  0.13
6 17  4.0 38.253 -85.736  38.25 -85.738  0.298
6 17  4.0 38.253 -85.738  38.25 -85.736  0.44
5 16  5.0 38.252 -85.735  38.251 -85.739  0.211
3 14  5.0 38.253 -85.738  38.25 -85.736  0.8
1 16  8.0 38.253 -85.738  38.25 -85.736  0.311
7 16  19.0 38.252 -85.735  38.251 -85.739  0.48
5 18  42.0 38.253 -85.738  38.25 -85.736  0.249
7 15  44.0 38.253 -85.738  38.25 -85.736  3.61
1 15  2.0 38.253 -85.738  38.251 -85.736  0.3
2 14  4.0 38.253 -85.736  38.251 -85.738  0.07
6 20  5.0 38.253 -85.738  38.251 -85.736  0.26
4 18  7.0 38.253 -85.738  38.251 -85.736  0.7
1 14  10.0 38.253 -85.738  38.251 -85.736  1.367
4 14  18.0 38.253 -85.734  38.251 -85.74  1.59
2 6  25.0 38.253 -85.738  38.251 -85.736  1.864
4 12  29.0 38.256 -85.738  38.248 -85.736  1.81
5 18  8.0 38.26 -85.737  38.248 -85.737  1.28
1 16  18.0 38.257 -85.737  38.251 -85.737  1.806
5 18  9.0 38.262 -85.737  38.248 -85.737  0.88
7 14  12.0 38.261 -85.735  38.249 -85.739  1.616
5 22  9.0 38.263 -85.735  38.248 -85.739  0.994
7 20  21.0 38.233 -85.735  38.25 -85.738  2.672
6 14  2.0 38.245 -85.736  38.248 -85.737  0.34
3 19  11.0 38.243 -85.733  38.25 -85.74  0.83
1 21  4.0 38.247 -85.736  38.247 -85.737  1.118
5 19  8.0 38.247 -85.735  38.25 -85.738  0.56
1 16  19.0 38.249 -85.735  38.248 -85.738  0.41
7 23  34.0 38.248 -85.737  38.25 -85.736  0.373
6 18  4.0 38.25 -85.733  38.249 -85.74  0.28
2 17  6.0 38.251 -85.736  38.248 -85.737  0.28
7 15  7.0 38.252 -85.733  38.247 -85.74  0.63
6 12  3.0 38.25 -85.736  38.25 -85.737  0.05
3 17  3.0 38.253 -85.736  38.247 -85.737  0.45
5 21  6.0 38.251 -85.736  38.249 -85.737  0.429
7 19  16.0 38.25 -85.736  38.25 -85.737  2.237
2 18  28.0 38.252 -85.735  38.248 -85.738  4.463
6 17  30.0 38.25 -85.736  38.25 -85.737  3.2
1 20  32.0 38.25 -85.737  38.25 -85.736  0.09
6 20  12.0 38.251 -85.737  38.25 -85.736  0.932
6 12  5.0 38.251 -85.736  38.251 -85.737  0.29
7 10  10.0 38.255 -85.735  38.247 -85.738  0.497
3 11  10.0 38.252 -85.736  38.25 -85.737  0.932
4 21  12.0 38.252 -85.737  38.25 -85.736  0.47
3 19  2.0 38.253 -85.736  38.25 -85.737  0.383
1 16  3.0 38.253 -85.737  38.25 -85.736  0.29
7 13  6.0 38.253 -85.736  38.25 -85.737  0.186
7 16  6.0 38.253 -85.737  38.25 -85.736  0.39
6 20  9.0 38.252 -85.735  38.251 -85.738  0.808
4 23  3.0 38.256 -85.737  38.248 -85.736  0.616
3 12  4.0 38.253 -85.737  38.251 -85.736  0.497
1 15  5.0 38.253 -85.737  38.251 -85.736  0.5
2 9  6.0 38.257 -85.735  38.247 -85.738  0.93
7 19  8.0 38.253 -85.737  38.251 -85.736  0.34
7 19  8.0 38.253 -85.737  38.251 -85.736  0.37
5 14  9.0 38.253 -85.735  38.251 -85.738  1.54
4 11  11.0 38.253 -85.737  38.251 -85.736  0.51
4 15  12.0 38.253 -85.737  38.251 -85.736  0.559
3 16  7.0 38.254 -85.737  38.251 -85.736  0.47
3 16  10.0 38.262 -85.737  38.249 -85.736  1.13
6 11  17.0 38.262 -85.733  38.249 -85.74  1.79
3 17  9.0 38.263 -85.735  38.249 -85.738  1.41
7 14  9.0 38.262 -85.737  38.251 -85.736  1.09
6 17  9.0 38.265 -85.737  38.25 -85.736  1.75
5 17  12.0 38.264 -85.733  38.251 -85.74  1.33
5 12  21.0 38.224 -85.732  38.25 -85.74  2.359
6 15  10.0 38.238 -85.735  38.247 -85.737  1.01
1 9  12.0 38.247 -85.736  38.247 -85.736  0.94
5 15  4.0 38.249 -85.735  38.247 -85.737  0.249
6 15  21.0 38.248 -85.736  38.248 -85.736  0.1
6 20  24.0 38.249 -85.735  38.247 -85.737  4.51
5 20  5.0 38.249 -85.733  38.248 -85.739  0.2
3 19  8.0 38.246 -85.732  38.251 -85.74  0.87
1 17  5.0 38.249 -85.736  38.249 -85.736  0.05
5 5  49.0 38.249 -85.736  38.249 -85.736  0.08
1 18  2.0 38.25 -85.736  38.25 -85.736  0.186
1 17  2.0 38.25 -85.736  38.25 -85.736  0.808
2 10  3.0 38.25 -85.736  38.25 -85.736  0.07
5 14  3.0 38.25 -85.736  38.25 -85.736  0.09
7 16  3.0 38.25 -85.736  38.25 -85.736  0.09
3 19  4.0 38.25 -85.736  38.25 -85.736  0.19
6 13  5.0 38.25 -85.736  38.25 -85.736  0.19
7 15  5.0 38.25 -85.736  38.25 -85.736  0.932
7 16  6.0 38.25 -85.736  38.25 -85.736  0.25
7 10  6.0 38.25 -85.736  38.25 -85.736  0.7
1 0  7.0 38.25 -85.736  38.25 -85.736  0.57
4 16  8.0 38.25 -85.736  38.25 -85.736  1.3
6 14  11.0 38.25 -85.736  38.25 -85.736  0.59
7 17  12.0 38.25 -85.736  38.25 -85.736  0.124
2 1  12.0 38.25 -85.736  38.25 -85.736  0.45
4 19  12.0 38.25 -85.736  38.25 -85.736  1.59
5 10  13.0 38.25 -85.736  38.25 -85.736  0.82
5 10  14.0 38.25 -85.736  38.25 -85.736  0.79
4 19  14.0 38.25 -85.736  38.25 -85.736  1.61
4 19  14.0 38.25 -85.736  38.25 -85.736  1.61
2 1  18.0 38.25 -85.736  38.25 -85.736  1.14
3 12  21.0 38.25 -85.732  38.25 -85.74  0.35
1 3  23.0 38.25 -85.736  38.25 -85.736  2.83
6 17  32.0 38.25 -85.736  38.25 -85.736  3.31
1 7  34.0 38.25 -85.736  38.25 -85.736  1.28
6 14  53.0 38.25 -85.736  38.25 -85.736  4.38
6 19  3.0 38.25 -85.736  38.251 -85.736  0.06
6 19  5.0 38.251 -85.736  38.25 -85.736  0.2
1 14  5.0 38.254 -85.735  38.247 -85.737  0.497
6 11  29.0 38.25 -85.736  38.251 -85.736  2.66
4 14  4.0 38.253 -85.736  38.249 -85.736  0.38
4 21  4.0 38.251 -85.736  38.251 -85.736  0.808
4 20  5.0 38.251 -85.736  38.251 -85.736  0.17
6 18  5.0 38.252 -85.736  38.25 -85.736  0.186
7 23  5.0 38.251 -85.736  38.251 -85.736  0.186
7 9  5.0 38.251 -85.734  38.251 -85.738  0.38
7 17  7.0 38.251 -85.736  38.251 -85.736  0.186
7 19  9.0 38.251 -85.736  38.251 -85.736  0.13
7 14  13.0 38.251 -85.736  38.251 -85.736  0.684
6 11  30.0 38.251 -85.736  38.251 -85.736  2.23
7 9  6.0 38.253 -85.736  38.25 -85.736  0.45
7 14  32.0 38.255 -85.736  38.248 -85.736  1.12
7 15  3.0 38.253 -85.736  38.251 -85.736  0.11
7 15  3.0 38.253 -85.736  38.251 -85.736  0.311
5 12  4.0 38.253 -85.736  38.251 -85.736  0.202
7 12  5.0 38.253 -85.736  38.251 -85.736  0.27
4 11  6.0 38.253 -85.736  38.251 -85.736  0.2
7 16  6.0 38.253 -85.736  38.251 -85.736  0.23
7 20  6.0 38.253 -85.736  38.251 -85.736  0.621
7 12  7.0 38.253 -85.736  38.251 -85.736  0.23
6 11  7.0 38.253 -85.736  38.251 -85.736  0.928
7 20  8.0 38.253 -85.736  38.251 -85.736  0.435
7 21  8.0 38.257 -85.735  38.247 -85.737  0.7
7 16  10.0 38.253 -85.736  38.251 -85.736  0.48
6 11  11.0 38.253 -85.736  38.251 -85.736  1.181
7 19  14.0 38.253 -85.736  38.251 -85.736  0.24
6 16  38.0 38.253 -85.736  38.251 -85.736  4.039
4 14  3.0 38.254 -85.733  38.251 -85.739  0.45
6 12  6.0 38.256 -85.735  38.25 -85.737  0.66
6 19  11.0 38.256 -85.734  38.251 -85.738  0.932
7 17  17.0 38.256 -85.736  38.251 -85.736  1.3
1 18  10.0 38.265 -85.736  38.25 -85.736  1.13
7 2  16.0 38.216 -85.731  38.251 -85.74  2.67
3 19  16.0 38.237 -85.735  38.25 -85.736  1.67
6 10  4.0 38.245 -85.732  38.247 -85.739  0.4
2 22  19.0 38.245 -85.734  38.248 -85.737  2.78
7 11  6.0 38.244 -85.734  38.25 -85.737  0.68
6 10  6.0 38.246 -85.734  38.249 -85.737  0.26
4 12  5.0 38.247 -85.732  38.249 -85.739  0.77
2 17  20.0