4 10  13.0 38.21 -85.77  38.229 -85.737  2.49
2 13  15.0 38.21 -85.767  38.229 -85.738  2.33
2 13  16.0 38.212 -85.766  38.229 -85.739  2.5
3 22  12.0 38.223 -85.766  38.233 -85.739  2.28
3 15  22.0 38.225 -85.764  38.229 -85.74  3.36
5 18  13.0 38.227 -85.765  38.229 -85.739  1.64
5 15  41.0 38.234 -85.764  38.233 -85.74  5.01
7 14  17.0 38.202 -85.764  38.229 -85.739  2.87
1 16  13.0 38.212 -85.766  38.229 -85.737  2.17
1 14  14.0 38.214 -85.767  38.23 -85.736  2.3
7 18  21.0 38.225 -85.763  38.232 -85.74  3.37
3 17  10.0 38.241 -85.765  38.232 -85.738  1.46
4 12  12.0 38.243 -85.766  38.233 -85.737  1.756
7 16  30.0 38.261 -85.766  38.233 -85.737  4.163
7 14  20.0 38.202 -85.763  38.229 -85.739  3.31
5 14  16.0 38.212 -85.764  38.23 -85.738  2.47
5 18  17.0 38.227 -85.763  38.229 -85.739  1.7
7 14  12.0 38.234 -85.763  38.233 -85.739  1.056
6 15  47.0 38.237 -85.762  38.23 -85.74  4.98
4 15  11.0 38.236 -85.765  38.233 -85.737  1.52
7 15  26.0 38.196 -85.763  38.233 -85.738  3.64
1 20  19.0 38.206 -85.764  38.233 -85.737  3.6
6 23  11.0 38.225 -85.762  38.23 -85.739  1.73
6 23  12.0 38.228 -85.762  38.23 -85.739  1.76
7 10  10.0 38.237 -85.761  38.232 -85.74  1.367
1 11  18.0 38.25 -85.761  38.231 -85.74  2.53
1 11  11.0 38.215 -85.763  38.229 -85.737  2.39
7 16  15.0 38.222 -85.762  38.233 -85.738  2.23
6 15  18.0 38.223 -85.762  38.232 -85.738  2.69
7 18  13.0 38.225 -85.763  38.233 -85.737  1.97
6 15  22.0 38.226 -85.76  38.233 -85.74  2.73
3 12  11.0 38.235 -85.761  38.233 -85.739  1.17
7 14  34.0 38.235 -85.76  38.233 -85.74  1.243
3 10  38.0 38.253 -85.76  38.232 -85.74  2.86
4 17  26.0 38.255 -85.76  38.232 -85.74  2.68
3 12  26.0 38.255 -85.76  38.232 -85.74  3.21
7 13  15.0 38.22 -85.763  38.23 -85.736  2.43
2 19  19.0 38.226 -85.76  38.229 -85.739  1.82
4 18  9.0 38.23 -85.76  38.232 -85.739  1.43
4 10  7.0 38.233 -85.76  38.232 -85.739  1.19
6 18  7.0 38.234 -85.76  38.232 -85.739  1.16
4 14  23.0 38.252 -85.76  38.23 -85.739  3.604
1 11  11.0 38.221 -85.761  38.229 -85.737  2.21
1 12  17.0 38.223 -85.761  38.231 -85.737  1.93
7 16  17.0 38.221 -85.762  38.233 -85.736  2.24
6 19  12.0 38.224 -85.76  38.232 -85.738  1.96
5 21  14.0 38.224 -85.76  38.233 -85.738  1.95
7 15  27.0 38.233 -85.758  38.233 -85.74  0.602
6 18  26.0 38.251 -85.758  38.23 -85.74  3.915
4 16  13.0 38.252 -85.758  38.233 -85.74  1.93
6 16  32.0 38.256 -85.761  38.229 -85.737  3.48
7 20  15.0 38.205 -85.758  38.233 -85.739  2.92
3 9  18.0 38.216 -85.758  38.233 -85.739  2.1
1 6  12.0 38.222 -85.761  38.233 -85.736  2.12
1 16  10.0 38.225 -85.758  38.231 -85.739  0.249
4 8  8.0 38.226 -85.76  38.233 -85.737  1.64
6 22  8.0 38.228 -85.76  38.233 -85.737  1.603
6 9  7.0 38.232 -85.759  38.233 -85.738  1.33
1 13  13.0 38.233 -85.757  38.232 -85.74  0.932
1 3  32.0 38.247 -85.757  38.229 -85.74  3.93
5 10  15.0 38.246 -85.76  38.233 -85.737  2.38
1 13  14.0 38.248 -85.757  38.232 -85.74  2.05
7 12  20.0 38.252 -85.758  38.23 -85.739  2.87
7 23  22.0 38.253 -85.757  38.23 -85.74  2.548
3 19  17.0 38.254 -85.758  38.232 -85.739  2.36
1 12  20.0 38.257 -85.76  38.233 -85.737  2.99
6 20  17.0 38.259 -85.757  38.232 -85.74  3.12
3 17  17.0 38.215 -85.759  38.229 -85.737  1.77
6 8  15.0 38.216 -85.759  38.232 -85.737  2.07
5 20  7.0 38.227 -85.756  38.233 -85.74  1.11
2 10  10.0 38.227 -85.756  38.233 -85.74  1.47
7 17  11.0 38.229 -85.758  38.233 -85.738  1.61
5 20  13.0 38.23 -85.759  38.233 -85.737  1.27
5 11  12.0 38.235 -85.76  38.23 -85.736  1.61
1 10  9.0 38.235 -85.76  38.231 -85.736  1.43
1 10  11.0 38.235 -85.76  38.231 -85.736  1.27
7 19  7.0 38.235 -85.759  38.233 -85.737  1.18
1 10  10.0 38.236 -85.756  38.232 -85.74  1.15
1 13  17.0 38.245 -85.759  38.231 -85.737  1.9
4 16  13.0 38.247 -85.758  38.23 -85.738  2.0
4 19  10.0 38.247 -85.758  38.233 -85.738  1.65
6 22  37.0 38.249 -85.759  38.233 -85.737  3.08
3 20  14.0 38.253 -85.758  38.232 -85.738  1.927
2 14  15.0 38.256 -85.757  38.233 -85.739  0.96
1 12  19.0 38.256 -85.759  38.233 -85.737  2.98
4 16  20.0 38.258 -85.758  38.233 -85.738  3.73
4 15  22.0 38.26 -85.758  38.233 -85.738  3.2
5 19  45.0 38.215 -85.758  38.231 -85.737  2.47
2 19  13.0 38.217 -85.758  38.23 -85.737  1.65
1 24  22.0 38.216 -85.755  38.233 -85.74  2.361
5 14  16.0 38.222 -85.758  38.233 -85.737  2.51
1 20  18.0 38.226 -85.758  38.233 -85.737  1.54
7 16  10.0 38.23 -85.757  38.23 -85.738  1.77
6 19  8.0 38.229 -85.758  38.233 -85.737  1.51
6 22  9.0 38.233 -85.758  38.232 -85.737  1.656
2 17  7.0 38.234 -85.758  38.233 -85.737  1.13
7 16  15.0 38.236 -85.759  38.233 -85.736  1.89
4 16  7.0 38.237 -85.755  38.233 -85.74  0.96
7 19  8.0 38.242 -85.757  38.232 -85.738  1.678
1 18  22.0 38.249 -85.757  38.229 -85.738  2.61
5 16  14.0 38.25 -85.759  38.229 -85.736  3.02
6 22  22.0 38.249 -85.758  38.232 -85.737  2.485
6 22  22.0 38.249 -85.758  38.233 -85.737  2.361
7 22  15.0 38.251 -85.758  38.232 -85.737  2.548
6 17  29.0 38.251 -85.757  38.233 -85.738  2.49
1 14  29.0 38.253 -85.757  38.233 -85.738  2.48
6 20  38.0 38.256 -85.756  38.23 -85.739  4.039
1 15  25.0 38.218 -85.756  38.233 -85.738  2.68
4 15  10.0 38.22 -85.757  38.233 -85.737  1.395
4 12  18.0 38.226 -85.755  38.23 -85.739  1.55
1 18  6.0 38.227 -85.754  38.23 -85.74  0.82
7 13  9.0 38.227 -85.757  38.233 -85.737  1.38
6 19  9.0 38.232 -85.756  38.229 -85.738  0.062
7 23  8.0 38.229 -85.757  38.233 -85.737  1.77
1 18  12.0 38.234 -85.756  38.229 -85.738  1.22
7 5  8.0 38.231 -85.757  38.233 -85.737  1.22
1 7  7.0 38.232 -85.757  38.233 -85.737  1.15
7 15  11.0 38.244 -85.757  38.232 -85.737  0.994
4 20  19.0 38.247 -85.756  38.233 -85.738  2.672
1 18  33.0 38.253 -85.757  38.229 -85.737  4.05
6 14  34.0 38.253 -85.757  38.229 -85.737  2.74
5 22  12.0 38.251 -85.757  38.232 -85.737  2.548
6 22  36.0 38.251 -85.757  38.233 -85.737  3.21
7 21  26.0 38.252 -85.756  38.233 -85.738  2.548
6 20  15.0 38.253 -85.757  38.233 -85.737  2.5
3 20  15.0 38.254 -85.757  38.232 -85.737  2.61
5 18  22.0 38.253 -85.757  38.233 -85.737  2.68
1 18  30.0 38.253 -85.757  38.233 -85.737  2.672
5 17  53.0 38.253 -85.757  38.233 -85.737  2.696
5 17  54.0 38.253 -85.757  38.233 -85.737  3.045
6 17  15.0 38.254 -85.755  38.233 -85.739  0.062
6 22  27.0 38.254 -85.757  38.233 -85.737  2.89
4 11  14.0 38.217 -85.757  38.233 -85.736  1.68
3 14  16.0 38.219 -85.757  38.233 -85.736  2.23
3 21  23.0 38.221 -85.753  38.231 -85.74  2.18
6 7  19.0 38.226 -85.753  38.229 -85.74  1.32
2 20  13.0 38.223 -85.753  38.233 -85.74  1.12
1 10  6.0 38.233 -85.756  38.231 -85.737  0.86
7 18  38.0 38.237 -85.753  38.232 -85.74  2.983
5 13  24.0 38.246 -85.754  38.229 -85.739  2.239
1 15  36.0 38.251 -85.757  38.23 -85.736  3.83
2 16  19.0 38.251 -85.755  38.231 -85.738  3.06
7 23  14.0 38.253 -85.756  38.232 -85.737  2.548
2 10  13.0 38.217 -85.754  38.23 -85.738  1.42
5 10  10.0 38.22 -85.754  38.231 -85.738  1.27
6 11  13.0 38.22 -85.754  38.231 -85.738  1.67
2 17  9.0 38.222 -85.752  38.231 -85.74  1.04
2 20  12.0 38.227 -85.754  38.229 -85.738  1.42
5 19  12.0 38.225 -85.754  38.233 -85.738  1.492
7 9  9.0 38.229 -85.752  38.232 -85.74  1.04
4 19  7.0 38.234 -85.753  38.229 -85.739  1.181
5 12  8.0 38.233 -85.756  38.232 -85.736  1.4
2 13  7.0 38.235 -85.755  38.233 -85.737  1.01
7 10  11.0 38.246 -85.755  38.231 -85.737  2.01
7 11  12.0 38.246 -85.755  38.232 -85.737  1.988
7 20  22.0 38.253 -85.755  38.231 -85.737  2.94
7 21  34.0 38.256 -85.753  38.229 -85.739  3.355
7 21  35.0 38.256 -85.753  38.229 -85.739  3.169
3 13  17.0 38.256 -85.754  38.23 -85.738  2.76
7 15  14.0 38.216 -85.753  38.231 -85.738  2.175
1 19  9.0 38.222 -85.754  38.233 -85.737  1.41
7 19  10.0 38.222 -85.753  38.233 -85.738  1.41
6 15  28.0 38.227 -85.753  38.229 -85.738  4.71
3 17  12.0 38.232 -85.755  38.229 -85.736  1.28
5 20  10.0 38.238 -85.752  38.229 -85.739  1.57
6 14  36.0 38.245 -85.751  38.232 -85.74  1.5
4 15  11.0 38.22 -85.754  38.233 -85.736  1.83
5 19  18.0 38.238 -85.754  38.232 -85.736  2.113
2 16  13.0 38.245 -85.753  38.232 -85.737  1.44
4 19  10.0 38.246 -85.754  38.232 -85.736  1.88
6 24  15.0 38.25 -85.753  38.232 -85.737  2.548
1 22  16.0 38.253 -85.75  38.233 -85.74  3.728
5 14  13.0 38.21 -85.752  38.229 -85.737  1.84
4 17  17.0 38.207 -85.753  38.232 -85.736  2.38
2 17  16.0 38.217 -85.753  38.233 -85.736  2.06
2 16  13.0 38.222 -85.749  38.233 -85.74  1.243
5 19  13.0 38.225 -85.752  38.232 -85.737  1.491
7 20  17.0 38.224 -85.752  38.233 -85.737  1.5
1 17  7.0 38.226 -85.752  38.232 -85.737  1.366
6 18  13.0 38.234 -85.75  38.229 -85.739  1.29
6 15  6.0 38.234 -85.752  38.233 -85.737  0.84
6 10  10.0 38.246 -85.751  38.229 -85.738  2.051
4 14  12.0 38.245 -85.75  38.233 -85.739  1.17
2 17  19.0 38.252 -85.752  38.232 -85.737  2.64
7 21  27.0 38.255 -85.75  38.229 -85.739  2.92
7 13  12.0 38.257 -85.753  38.233 -85.736  2.27
7 18  13.0 38.211 -85.748  38.233 -85.74  2.21
7 20  18.0 38.213 -85.748  38.233 -85.74  3.915
2 15  9.0 38.22 -85.752  38.23 -85.736  1.32
5 11  5.0 38.225 -85.749  38.232 -85.739  0.69
3 12  11.0 38.23 -85.751  38.229 -85.737  0.746
4 15  5.0 38.235 -85.749  38.229 -85.739  0.76
3 17  15.0 38.251 -85.751  38.233 -85.737  1.98
5 18  21.0 38.256 -85.749  38.229 -85.739  0.559
6 22  3.0 38.254 -85.751  38.233 -85.737  1.95
3 20  16.0 38.208 -85.747  38.231 -85.74  1.78
1 14  17.0 38.211 -85.749  38.229 -85.738  2.113
7 17  12.0 38.214 -85.75  38.23 -85.737  2.3
6 11  4.0 38.226 -85.75  38.232 -85.737  0.76
4 13  5.0 38.226 -85.75  38.232 -85.737  0.68
6 14  6.0 38.226 -85.75  38.232 -85.737  0.91
1 19  7.0 38.226 -85.75  38.232 -85.737  0.89
6 11  8.0 38.226 -85.75  38.232 -85.737  0.96
4 15  8.0 38.226 -85.75  38.232 -85.737  1.38
2 21  6.0 38.227 -85.75  38.233 -85.737  0.92
5 13  7.0 38.231 -85.751  38.231 -85.736  1.18
2 6  3.0 38.232 -85.747  38.231 -85.74  0.4
3 18  10.0 38.232 -85.751  38.233 -85.736  0.994
7 17  5.0 38.233 -85.75  38.233 -85.737  0.81
3 10  16.0 38.235 -85.748  38.232 -85.739  2.51
2 18  17.0 38.254 -85.751  38.23 -85.736  1.35
5 20  5.0 38.227 -85.747  38.23 -85.739  0.64
5 11  10.0 38.243 -85.746  38.233 -85.74  1.45
6 4  7.0 38.244 -85.747  38.233 -85.739  1.23
1 15  14.0 38.253 -85.746  38.233 -85.74  2.17
4 18  20.0 38.259 -85.749  38.231 -85.737  2.53
6 17  8.0 38.216 -85.749  38.231 -85.736  1.02
7 12  15.0 38.214 -85.746  38.233 -85.739  1.366
3 14  15.0 38.221 -85.748  38.233 -85.737  1.87
4 5  3.0 38.232 -85.746  38.233 -85.739  0.62
4 18  8.0 38.234 -85.748  38.233 -85.737  0.68
6 22  13.0 38.253 -85.746  38.229 -85.739  2.38
1 14  26.0 38.25 -85.746  38.233 -85.739  3.61
3 16  14.0 38.209 -85.746  38.232 -85.738  1.9
1 21  7.0 38.216 -85.744  38.229 -85.74  1.29
3 16  16.0 38.215 -85.746  38.233 -85.738  1.5
6 12  8.0 38.224 -85.745  38.233 -85.739  0.89
1 20  3.0 38.227 -85.744  38.233 -85.74  0.06
5 10  8.0 38.247 -85.746  38.232 -85.738  1.57
4 18  20.0 38.257 -85.747  38.231 -85.737  2.51
3 20  15.0 38.209 -85.746  38.233 -85.737  2.299
7 20  16.0 38.213 -85.746  38.229 -85.737  1.61
1 21  8.0 38.217 -85.746  38.233 -85.737  0.24
5 17  13.0 38.22 -85.745  38.23 -85.738  1.64
1 21  14.0 38.217 -85.746  38.233 -85.737  1.43
7 20  7.0 38.222 -85.744  38.229 -85.739  0.64
5 17  5.0 38.231 -85.745  38.229 -85.738  0.402
2 15  6.0 38.234 -85.743  38.232 -85.74  0.47
1 10  13.0 38.255 -85.743  38.233 -85.74  2.28
1 15  14.0 38.257 -85.747  38.232 -85.736  2.42
2 18  15.0 38.256 -85.746  38.233 -85.737  2.299
3 11  6.0 38.211 -85.742  38.231 -85.74  1.23
7 12  19.0 38.213 -85.746  38.229 -85.736  1.7
3 20  14.0 38.21 -85.745  38.233 -85.737  1.57
3 20  10.0 38.211 -85.744  38.233 -85.738  1.53
6 15  12.0 38.219 -85.744  38.229 -85.738  1.68
7 13  16.0 38.228 -85.744  38.229 -85.738  0.124
2 19  10.0 38.248 -85.744  38.229 -85.738  1.96
2 18  12.0 38.246 -85.746  38.233 -85.736  1.39
4 11  17.0 38.254 -85.745  38.232 -85.737  1.99
1 16  17.0 38.257 -85.743  38.229 -85.739  2.57
5 12  27.0 38.257 -85.742  38.229 -85.74  3.977
5 18  12.0 38.254 -85.742  38.233 -85.74  2.23
6 15  27.0 38.258 -85.745  38.23 -85.737  3.3
3 11  15.0 38.213 -85.742  38.232 -85.739  1.57
1 15  31.0 38.216 -85.743  38.229 -85.738  1.91
1 16  6.0 38.217 -85.742  38.23 -85.739  1.13
5 11  3.0 38.229 -85.743  38.229 -85.738  0.4
3 10  5.0 38.226 -85.745  38.232 -85.736  0.68
3 10  5.0 38.233 -85.741  38.23 -85.74  0.621
5 17  5.0 38.236 -85.744  38.231 -85.737  0.61
4 7  11.0 38.252 -85.741  38.233 -85.74  1.288
7 15  18.0 38.256 -85.744  38.233 -85.737  1.91
6 13  31.0 38.258 -85.743  38.231 -85.738  3.31
2 20  5.0 38.229 -85.74  38.229 -85.74  0.684
1 20  6.0 38.229 -85.74  38.229 -85.74  0.684
2 18  7.0 38.229 -85.741  38.229 -85.739  1.09
6 18  9.0 38.229 -85.74  38.229 -85.74  0.82
5 14  10.0 38.229 -85.74  38.229 -85.74  0.75
2 20  11.0 38.229 -85.74  38.229 -85.74  0.7
1 21  4.0 38.231 -85.741  38.229 -85.739  0.125
6 12  7.0 38.23 -85.743  38.231 -85.737  0.83
4 16  4.0 38.231 -85.74  38.233 -85.74  0.37
1 15  2.0 38.233 -85.74  38.233 -85.74  0.746
2 1  6.0 38.233 -85.743  38.233 -85.737  0.4
3 13  6.0 38.233 -85.74  38.233 -85.74  0.92
1 17  2.0 38.235 -85.741  38.233 -85.739  0.249
6 20  10.0 38.244 -85.741  38.229 -85.739  1.32
4 19  15.0 38.254 -85.74  38.229 -85.74  2.077
6 21  13.0 38.251 -85.743  38.233 -85.737  1.41
4 6  23.0 38.253 -85.74  38.233 -85.74  1.83
6 17  19.0 38.259 -85.741  38.23 -85.739  3.169
5 16  18.0 38.258 -85.741  38.232 -85.739  3.44
2 16  3.0 38.229 -85.739  38.229 -85.74  0.05
5 21  21.0 38.229 -85.739  38.229 -85.74  1.41
5 21  24.0 38.229 -85.739  38.229 -85.74  1.49
6 13  8.0 38.23 -85.741  38.23 -85.738  0.95
4 13  7.0 38.234 -85.74  38.233 -85.739  1.38
3 16  5.0 38.241 -85.739  38.232 -85.74  0.311
4 22  8.0 38.245 -85.742  38.232 -85.737  1.207
1 15  14.0 38.255 -85.743  38.229 -85.736  2.04
7 18  3.0 38.229 -85.739  38.229 -85.739  0.808
2 15  4.0 38.229 -85.739  38.229 -85.739  0.06
6 12  4.0 38.229 -85.739  38.229 -85.739  0.38
4 15  7.0 38.229 -85.739  38.229 -85.739  1.22
4 16  7.0 38.229 -85.739  38.229 -85.739  1.57
1 15  10.0 38.229 -85.739  38.229 -85.739  0.8
5 18  21.0 38.229 -85.739  38.229 -85.739  0.43
3 12  23.0 38.229 -85.739  38.229 -85.739  2.86
1 19  33.0 38.229 -85.739  38.229 -85.739  0.04
5 0  4.0 38.229 -85.739  38.23 -85.739  0.12
7 7  20.0 38.229 -85.739  38.23 -85.739  1.24
7 7  5.0 38.23 -85.739  38.23 -85.739  0.4
7 7  24.0 38.23 -85.739  38.23 -85.739  1.79
7 7  25.0 38.23 -85.739  38.23 -85.739  1.54
7 16  22.0 38.232 -85.739  38.232 -85.739  3.19
7 23  3.0 38.233 -85.739  38.232 -85.739  0.124
6 16  4.0 38.233 -85.739  38.233 -85.739  0.994
1 9  6.0 38.233 -85.739  38.233 -85.739  1.181
1 15  13.0 38.233 -85.739  38.233 -85.739  1.06
1 14  13.0 38.233 -85.739  38.233 -85.739  2.3
1 17  6.0 38.237 -85.739  38.23 -85.739  0.5
1 0  26.0 38.234 -85.741  38.233 -85.737  1.87
6 20  26.0 38.234 -85.739  38.233 -85.739  3.53
4 16  7.0 38.235 -85.738  38.233 -85.74  0.38
6 16  7.0 38.236 -85.74  38.232 -85.738  0.43
4 18  4.0 38.236 -85.741  38.233 -85.737  0.373
4 17  8.0 38.239 -85.738  38.232 -85.74  0.6
1 8  9.0 38.252 -85.74  38.233 -85.738  1.7
6 21  9.0 38.253 -85.738  38.233 -85.74  1.616
5 18  16.0 38.254 -85.741  38.233 -85.737  2.26
3 14  4.0 38.224 -85.738  38.231 -85.739  0.746
1 18  2.0 38.228 -85.739  38.229 -85.738  0.19
5 20  5.0 38.228 -85.739  38.229 -85.738  0.08
5 15  5.0 38.231 -85.739  38.231 -85.738  0.094
3 16  31.0 38.231 -85.739  38.233 -85.738  1.45
6 17  17.0 38.251 -85.74  38.229 -85.737  2.26
6 18  23.0 38.251 -85.737  38.23 -85.74  2.25
7 15  18.0 38.254 -85.739  38.229 -85.738  2.361
3 17  9.0 38.253 -85.738  38.231 -85.739  1.52
6 21  9.0 38.253 -85.737  38.233 -85.74  1.988
7 23  19.0 38.253 -85.74  38.233 -85.737  2.423
4 16  5.0 38.223 -85.737  38.229 -85.739  0.72
1 21  11.0 38.221 -85.739  38.231 -85.737  1.181
2 17  6.0 38.225 -85.737  38.23 -85.739  0.5
3 16  6.0 38.224 -85.74  38.232 -85.736  0.98
3 20  4.0 38.225 -85.738  38.232 -85.738  0.51
7 19  7.0 38.225 -85.739  38.232 -85.737  0.373
1 19  20.0 38.229 -85.738  38.229 -85.738  1.94
7 10  31.0 38.229 -85.738  38.23 -85.738  4.35
1 16  6.0 38.227 -85.739  38.233 -85.737  0.73
7 17  20.0 38.23 -85.737  38.23 -85.739  1.68
2 23  5.0 38.23 -85.74  38.232 -85.736  0.63
1 15  3.0 38.23 -85.739  38.233 -85.737  0.29
6 4  13.0 38.233 -85.737  38.23 -85.739  0.33
5 14  17.0 38.235 -85.739  38.229 -85.737  1.94
3 18  3.0 38.233 -85.737  38.233 -85.739  0.249
7 16  20.0 38.233 -85.737  38.233 -85.739  1.47
3 16  3.0 38.235 -85.739  38.233 -85.737  0.16
4 19  5.0 38.24 -85.737  38.231 -85.739  0.186
1 18  13.0 38.249 -85.736  38.233 -85.74  2.0
4 9  11.0 38.251 -85.739  38.232 -85.737  2.16
7 15  11.0 38.252 -85.739  38.233 -85.737  1.81
6 17  11.0 38.253 -85.739  38.233 -85.737  1.67
6 18  16.0 38.253 -85.739  38.233 -85.737  1.77
6 17  12.0 38.256 -85.738  38.231 -85.738  2.11
1 8  5.0 38.224 -85.736  38.232 -85.739  0.49
6 20  9.0 38.227 -85.738  38.229 -85.737  0.7
5 16  3.0 38.227 -85.739  38.23 -85.736  0.52
7 21  10.0 38.228 -85.735  38.23 -85.74  0.435
5 23  18.0 38.229 -85.737  38.23 -85.738  2.01
7 17  2.0 38.229 -85.738  38.233 -85.737  0.31
3 19  4.0 38.233 -85.736  38.23 -85.739  0.32
5 17  3.0 38.236 -85.736  38.229 -85.739  0.44
7 20  4.0 38.233 -85.737  38.233 -85.738  0.311
3 14  5.0 38.233 -85.738  38.233 -85.737  0.42
6 16  26.0 38.252 -85.736  38.232 -85.739  3.57
4 15  10.0 38.254 -85.736  38.232 -85.739  1.71
5 17  16.0 38.254 -85.736  38.232 -85.739  3.01
7 13  4.0 38.219 -85.738  38.23 -85.736  0.88
5 11  11.0 38.222 -85.734  38.233 -85.74  1.48
4 22  7.0 38.227 -85.735  38.229 -85.739  0.38
3 18  5.0 38.227 -85.738  38.23 -85.736  0.45
5 17  4.0 38.229 -85.737  38.229 -85.737  0.19
6 4  6.0 38.226 -85.734  38.232 -85.74  0.54
2 13  16.0 38.227 -85.738  38.231 -85.736  1.39
1 16  31.0 38.229 -85.737  38.229 -85.737  3.22
2 17  6.0 38.23 -85.738  38.229 -85.736  0.33
7 15  12.0 38.226 -85.737  38.233 -85.737  0.99
7 5  30.0 38.23 -85.736  38.229 -85.738  1.13
6 16  10.0 38.229 -85.737  38.231 -85.737  0.51
6 17  19.0 38.23 -85.737  38.23 -85.737  1.4
6 4  14.0 38.232 -85.736  38.229 -85.738  0.32
1 21  22.0 38.231 -85.735  38.23 -85.739  1.29
6 12  3.0 38.229 -85.737  38.233 -85.737  0.29
1 18  3.0 38.233 -85.737  38.229 -85.737  0.378
7 15  12.0 38.233 -85.737  38.229 -85.737  0.62
3 18  6.0 38.23 -85.736  38.233 -85.738  0.32
2 20  4.0 38.232 -85.737  38.232 -85.737  0.124
7 12  17.0 38.232 -85.738  38.232 -85.736  1.44
7 19  3.0 38.232 -85.738  38.233 -85.736  1.26
7 19  4.0 38.232 -85.737  38.233 -85.737  0.25
2 14  8.0 38.234 -85.737  38.231 -85.737  1.9
7 21  3.0 38.233 -85.737  38.233 -85.737  0.06
1 12  3.0 38.233 -85.737  38.233 -85.737  0.31
2 22  3.0 38.233 -85.737  38.233 -85.737  0.932
7 19  5.0 38.233 -85.737  38.233 -85.737  0.435
4 8  5.0 38.233 -85.737  38.233 -85.737  1.305
5 12  6.0 38.233 -85.737  38.233 -85.737  0.24
7 17  6.0 38.233 -85.737  38.233 -85.737  1.12
1 13  7.0 38.233 -85.737  38.233 -85.737  0.43
4 15  11.0 38.233 -85.737  38.233 -85.737  0.48
7 13  11.0 38.233 -85.737  38.233 -85.737  0.53
7 13  13.0 38.233 -85.737  38.233 -85.737  0.57
4 20  13.0 38.233 -85.737  38.233 -85.737  1.31
4 20  14.0 38.233 -85.737  38.233 -85.737  1.28
7 23  17.0 38.233 -85.737  38.233 -85.737  2.734
7 16  28.0 38.233 -85.737  38.233 -85.737  1.47
6 23  42.0 38.233 -85.737  38.233 -85.737  4.404
6 19  43.0 38.233 -85.737  38.233 -85.737  3.88
4 18  2.0 38.235 -85.736  38.232 -85.738  0.2
5 16  10.0 38.239 -85.737  38.233 -85.737  1.28
4 3  4.0 38.241 -85.737  38.233 -85.737  0.51
6 17  14.0 38.254 -85.735  38.232 -85.739  2.75
2 11  9.0 38.255 -85.736  38.232 -85.738  1.65
6 18  21.0 38.254 -85.737  38.233 -85.737  1.75
2 15  10.0 38.204 -85.737  38.23 -85.736  1.93
1 19  6.0 38.222 -85.733  38.229 -85.74  0.764
4 20  6.0 38.226 -85.734  38.229 -85.739  0.36
6 22  7.0 38.225 -85.735  38.231 -85.738  1.056
4 23  11.0 38.226 -85.733  38.23 -85.74  1.18
6 20  16.0 38.227 -85.735  38.229 -85.738  1.52
4 12  13.0 38.227 -85.737  38.23 -85.736  0.16
6 18  3.0 38.225 -85.736  38.233 -85.737  0.36
4 10  3.0 38.226 -85.736  38.233 -85.737  0.17
6 15  4.0 38.23 -85.733  38.229 -85.74  0.44
6 17  21.0 38.229 -85.736  38.23 -85.737  1.54
2 14  3.0 38.232 -85.737  38.23 -85.736  0.3
1 13  19.0 38.233 -85.736  38.229 -85.737  0.48
6 21  20.0 38.231 -85.736  38.231 -85.737  2.1
1 20  2.0 38.233 -85.737  38.23 -85.736  0.249
2 16  3.0 38.23 -85.736  38.233 -85.737  0.23
1 17  3.0 38.233 -85.737  38.23 -85.736  0.24
1 17  3.0 38.233 -85.737  38.23 -85.736  0.25
1 18  3.0 38.232 -85.736  38.231 -85.737  0.269
7 20  8.0 38.233 -85.737  38.23 -85.736  0.43
6 20  11.0 38.23 -85.736  38.233 -85.737  1.55
6 14  20.0 38.233 -85.737  38.23 -85.736  2.34
7 5  27.0 38.232 -85.734  38.231 -85.739  1.25
1 1  6.0 38.232 -85.736  38.232 -85.737  0.37
7 14  9.0 38.232 -85.737  38.232 -85.736  0.97
3 14  3.0 38.233 -85.737  38.232 -85.736  0.13
3 10  10.0 38.236 -85.737  38.23 -85.736  0.72
1 10  4.0 38.237 -85.734  38.23 -85.739  0.55
4 20  6.0 38.238 -85.737  38.23 -85.736  0.67
5 10  25.0 38.249 -85.734  38.233 -85.739  3.85
4 10  18.0 38.252 -85.737  38.233 -85.736  1.491
4 16  12.0 38.204 -85.736  38.231 -85.736  1.44
2 23  12.0 38.224 -85.733  38.229 -85.739  1.39
3 23  3.0 38.226 -85.733  38.229 -85.739  0.42
5 2  9.0 38.226 -85.733  38.229 -85.739  0.56
2 23  15.0 38.226 -85.733  38.229 -85.739  1.28
2 23  6.0 38.223 -85.736  38.233 -85.736  2.07
2 17  5.0 38.227 -85.735  38.232 -85.737  0.54
2 9  11.0 38.228 -85.733  38.231 -85.739  1.12
7 16  2.0 38.23 -85.736  38.23 -85.736  0.559
7 13  3.0 38.23 -85.736  38.23 -85.736  0.062
7 12  12.0 38.23 -85.736  38.23 -85.736  1.79
7 21  10.0 38.231 -85.732  38.23 -85.74  0.497
7 10  5.0 38.231 -85.736  38.231 -85.736  0.5
6 20  22.0 38.229 -85.734  38.233 -85.738  0.15
6 18  24.0 38.23 -85.735  38.232 -85.737  0.57
2 19  2.0 38.23 -85.735  38.233 -85.737  0.249
3 21  2.0 38.23 -85.735  38.233 -85.737  0.28
6 17  2.0 38.23 -85.735  38.233 -85.737  0.32
4 14  3.0 38.23 -85.735  38.233 -85.737  0.17
4 23  19.0 38.232 -85.735  38.231 -85.737  0.2
1 16  52.0 38.23 -85.735  38.233 -85.737  3.98
4 14  3.0 38.231 -85.735  38.233 -85.737  0.15
3 22  3.0 38.234 -85.736  38.23 -85.736  0.36
2 18  8.0 38.236 -85.735  38.229 -85.737  0.96
1 0  18.0 38.237 -85.735  38.233 -85.737  1.36
2 17  11.0 38.253 -85.733  38.232 -85.739  1.99
4 19  5.0 38.223 -85.733  38.23 -85.738  0.61
4 16  4.0 38.225 -85.734  38.232 -85.737  0.61
1 20  3.0 38.227 -85.734  38.231 -85.737  0.261
1 17  5.0 38.226 -85.734  38.232 -85.737  0.762
3 19  17.0 38.229 -85.735  38.229 -85.736  1.15
7 18  12.0 38.23 -85.733  38.23 -85.738  0.35
6 12  4.0 38.231 -85.731  38.233 -85.74  0.63
6 15  18.0 38.233 -85.732  38.231 -85.739  1.55
5 3  4.0 38.239 -85.735  38.233 -85.736  0.53
2 11  17.0 38.255 -85.733  38.232 -85.738  1.32
6 17  19.0 38.255 -85.734  38.233 -85.737  2.12
6 12  5.0 38.223 -85.733  38.229 -85.737  0.83
5 22  6.0 38.221 -85.734  38.232 -85.736  0.94
3 12  5.0 38.226 -85.731  38.229 -85.739  0.82
3 7  8.0 38.226 -85.731  38.229 -85.739  0.68
3 11  5.0 38.227 -85.733  38.233 -85.737  0.43
6 20  9.0 38.228 -85.732  38.232 -85.738  1.12
1 15  3.0 38.234 -85.734  38.232 -85.736  0.1
7 10  6.0 38.236 -85.734  38.23 -85.736  0.42
2 18  7.0 38.237 -85.734  38.23 -85.736  0.95
1 6  8.0 38.236 -85.73  38.231 -85.74  0.97
3 15  5.0 38.24 -85.731  38.233 -85.739  0.66
1 13  7.0 38.249 -85.732  38.231 -85.738  0.684
3 18  19.0 38.253 -85.733  38.233 -85.737  2.36
2 15  3.0 38.226 -85.733  38.23 -85.736  0.29
4 21  18.0 38.226 -85.733  38.23 -85.736  1.118
4 21  19.0 38.226 -85.733  38.23 -85.736  1.74
7 19  3.0 38.228 -85.733  38.23 -85.736  0.15
1 13  25.0 38.229 -85.732  38.231 -85.737  1.988
6 11  5.0 38.235 -85.73  38.23 -85.739  0.58
2 7  6.0 38.236 -85.733  38.229 -85.736  0.568
5 18  24.0 38.236 -85.733  38.23 -85.736  1.429
3 14  3.0 38.234 -85.73  38.233 -85.739  0.36
6 22  3.0 38.237 -85.732  38.233 -85.737  0.37
2 20  3.0 38.237 -85.732  38.233 -85.737  0.41
5 13  12.0 38.246 -85.73  38.23 -85.739  2.17
3 12  8.0 38.245 -85.729  38.233 -85.74  1.43
6 14  6.0 38.227 -85.729  38.229 -85.739  0.97
6 21  10.0 38.227 -85.729  38.229 -85.739  0.39
6 22  5.0 38.226 -85.731  38.232 -85.737  0.61
5 17  20.0 38.229 -85.73  38.229 -85.738  2.25
1 18  3.0 38.227 -85.731  38.232 -85.737  0.621
4 20  5.0 38.226 -85.731  38.233 -85.737  0.61
7 19  6.0 38.227 -85.731  38.232 -85.737  0.64
5 18  11.0 38.234 -85.731  38.229 -85.737  1.08
5 14  4.0 38.236 -85.729  38.233 -85.739  0.746
4 10  6.0 38.236 -85.729  38.233 -85.739  0.7
1 18  18.0 38.236 -85.728  38.233 -85.74  0.83
4 10  4