3 15  24.0 38.247 -85.778  38.243 -85.734  3.169
6 12  17.0 38.258 -85.768  38.245 -85.734  3.18
1 17  32.0 38.203 -85.764  38.244 -85.735  4.29
4 12  16.0 38.246 -85.762  38.245 -85.735  1.71
6 8  16.0 38.224 -85.761  38.244 -85.735  3.42
5 15  24.0 38.25 -85.762  38.244 -85.734  3.65
1 13  9.0 38.251 -85.761  38.244 -85.735  1.43
6 14  15.0 38.23 -85.76  38.246 -85.735  2.71
5 20  13.0 38.238 -85.762  38.246 -85.733  2.2
4 16  13.0 38.255 -85.762  38.246 -85.733  2.02
4 19  16.0 38.226 -85.761  38.244 -85.733  1.181
5 21  13.0 38.25 -85.762  38.243 -85.732  2.1
7 15  26.0 38.247 -85.762  38.246 -85.732  2.63
2 22  36.0 38.249 -85.76  38.244 -85.734  1.67
4 17  17.0 38.254 -85.763  38.245 -85.731  2.15
6 14  25.0 38.254 -85.762  38.245 -85.732  2.75
6 17  11.0 38.254 -85.759  38.246 -85.735  1.9
3 12  13.0 38.255 -85.763  38.246 -85.731  2.11
7 20  17.0 38.255 -85.762  38.246 -85.732  1.988
5 22  11.0 38.234 -85.759  38.244 -85.734  2.3
2 6  11.0 38.244 -85.759  38.244 -85.734  1.41
2 17  16.0 38.244 -85.76  38.246 -85.733  1.85
7 12  16.0 38.251 -85.758  38.244 -85.735  1.181
4 20  15.0 38.254 -85.758  38.244 -85.735  0.435
5 15  24.0 38.255 -85.759  38.245 -85.734  2.113
7 15  21.0 38.257 -85.76  38.245 -85.733  1.85
5 12  14.0 38.227 -85.758  38.244 -85.734  2.113
7 16  28.0 38.228 -85.758  38.244 -85.734  2.81
6 13  22.0 38.231 -85.758  38.244 -85.734  2.796
7 19  29.0 38.246 -85.758  38.245 -85.734  2.734
1 12  8.0 38.251 -85.757  38.244 -85.735  1.35
3 17  17.0 38.252 -85.758  38.244 -85.734  1.9
7 7  46.0 38.253 -85.757  38.244 -85.735  2.56
1 17  15.0 38.254 -85.76  38.245 -85.732  2.27
3 7  16.0 38.225 -85.757  38.244 -85.734  2.796
4 7  13.0 38.228 -85.758  38.244 -85.733  1.553
5 4  9.0 38.245 -85.758  38.243 -85.733  1.19
3 10  13.0 38.246 -85.756  38.243 -85.735  1.84
3 10  20.0 38.246 -85.756  38.243 -85.735  1.77
7 14  11.0 38.248 -85.756  38.243 -85.735  1.42
6 18  11.0 38.248 -85.758  38.244 -85.733  1.62
6 13  17.0 38.252 -85.756  38.243 -85.735  1.7
7 16  14.0 38.252 -85.758  38.245 -85.733  1.71
1 19  17.0 38.253 -85.757  38.244 -85.734  1.391
2 5  21.0 38.253 -85.757  38.244 -85.734  2.299
7 17  26.0 38.253 -85.757  38.244 -85.734  2.79
7 19  18.0 38.255 -85.756  38.243 -85.735  1.78
7 20  26.0 38.253 -85.758  38.245 -85.733  3.355
6 15  23.0 38.254 -85.756  38.246 -85.735  1.74
7 15  43.0 38.256 -85.76  38.244 -85.731  3.191
1 20  14.0 38.257 -85.758  38.246 -85.733  2.361
1 9  13.0 38.244 -85.759  38.244 -85.731  1.678
3 10  13.0 38.245 -85.755  38.243 -85.735  2.25
4 3  9.0 38.247 -85.755  38.244 -85.735  1.29
4 17  15.0 38.25 -85.756  38.244 -85.734  1.537
7 5  10.0 38.249 -85.759  38.246 -85.731  1.6
7 19  13.0 38.252 -85.755  38.243 -85.735  1.59
3 18  15.0 38.252 -85.757  38.243 -85.733  1.181
3 21  22.0 38.252 -85.757  38.244 -85.733  0.559
7 14  16.0 38.254 -85.755  38.243 -85.735  1.81
1 16  23.0 38.251 -85.757  38.246 -85.733  1.88
6 18  11.0 38.255 -85.756  38.244 -85.734  0.249
1 18  14.0 38.258 -85.756  38.245 -85.734  1.442
7 20  20.0 38.257 -85.757  38.246 -85.733  2.5
7 20  22.0 38.257 -85.757  38.246 -85.733  2.5
7 16  22.0 38.257 -85.757  38.246 -85.733  2.8
7 15  11.0 38.241 -85.755  38.245 -85.734  1.45
4 22  9.0 38.244 -85.758  38.245 -85.731  0.186
3 15  17.0 38.246 -85.755  38.244 -85.734  1.305
4 11  12.0 38.248 -85.755  38.244 -85.734  1.82
7 20  14.0 38.248 -85.758  38.244 -85.731  1.58
4 17  14.0 38.249 -85.755  38.244 -85.734  1.496
7 20  15.0 38.249 -85.758  38.244 -85.731  1.65
5 18  24.0 38.25 -85.758  38.243 -85.731  4.63
7 18  10.0 38.249 -85.755  38.245 -85.734  1.265
4 18  12.0 38.25 -85.758  38.244 -85.731  1.864
4 13  25.0 38.251 -85.756  38.245 -85.733  3.11
7 9  17.0 38.253 -85.754  38.244 -85.735  1.61
7 16  17.0 38.254 -85.758  38.243 -85.731  1.93
3 15  17.0 38.252 -85.757  38.246 -85.732  1.415
3 15  16.0 38.253 -85.757  38.246 -85.732  2.0
7 14  17.0 38.253 -85.757  38.246 -85.732  1.78
7 14  19.0 38.253 -85.757  38.246 -85.732  1.79
2 11  16.0 38.255 -85.756  38.245 -85.733  0.124
7 10  45.0 38.225 -85.755  38.243 -85.733  4.85
7 11  9.0 38.245 -85.757  38.244 -85.731  1.5
6 16  10.0 38.244 -85.757  38.245 -85.731  1.65
2 15  14.0 38.247 -85.754  38.245 -85.734  1.2
3 20  16.0 38.249 -85.755  38.244 -85.733  2.237
7 11  20.0 38.251 -85.753  38.244 -85.735  1.988
5 16  22.0 38.252 -85.757  38.243 -85.731  2.06
5 18  11.0 38.252 -85.755  38.245 -85.733  1.28
6 19  14.0 38.253 -85.754  38.244 -85.734  1.7
4 22  13.0 38.232 -85.753  38.245 -85.734  2.61
3 17  10.0 38.238 -85.755  38.244 -85.732  1.75
7 16  18.0 38.236 -85.755  38.246 -85.732  2.45
7 13  11.0 38.249 -85.753  38.244 -85.734  1.78
1 7  12.0 38.251 -85.753  38.243 -85.734  1.63
7 11  17.0 38.251 -85.755  38.243 -85.732  1.68
6 22  13.0 38.251 -85.756  38.244 -85.731  2.796
6 17  17.0 38.249 -85.755  38.246 -85.732  1.878
3 11  12.0 38.252 -85.756  38.244 -85.731  1.864
2 11  9.0 38.253 -85.756  38.246 -85.731  1.33
7 20  13.0 38.256 -85.754  38.245 -85.733  2.09
5 16  15.0 38.257 -85.753  38.244 -85.734  2.299
7 9  17.0 38.255 -85.752  38.246 -85.735  1.47
1 11  9.0 38.238 -85.755  38.245 -85.731  1.87
3 22  8.0 38.244 -85.751  38.245 -85.735  0.9
5 16  9.0 38.245 -85.752  38.245 -85.734  1.2
7 16  9.0 38.248 -85.753  38.246 -85.733  1.33
7 20  13.0 38.25 -85.755  38.244 -85.731  1.68
6 19  10.0 38.249 -85.753  38.246 -85.733  1.864
6 6  16.0 38.251 -85.755  38.244 -85.731  1.926
6 12  11.0 38.252 -85.752  38.244 -85.734  1.22
1 13  14.0 38.255 -85.752  38.244 -85.734  2.61
1 18  29.0 38.256 -85.753  38.244 -85.733  1.181
7 10  12.0 38.255 -85.753  38.246 -85.733  1.65
7 10  13.0 38.255 -85.753  38.246 -85.733  1.67
6 13  8.0 38.244 -85.753  38.245 -85.732  1.24
7 13  18.0 38.249 -85.751  38.246 -85.734  1.056
1 18  14.0 38.251 -85.752  38.246 -85.733  1.74
6 11  23.0 38.253 -85.751  38.245 -85.734  2.18
5 11  17.0 38.256 -85.751  38.244 -85.734  2.0
7 16  17.0 38.256 -85.753  38.246 -85.732  2.24
1 11  13.0 38.258 -85.753  38.246 -85.732  1.81
1 9  6.0 38.239 -85.749  38.244 -85.735  1.553
6 19  11.0 38.245 -85.752  38.244 -85.732  1.18
2 14  9.0 38.245 -85.752  38.246 -85.732  1.13
4 22  7.0 38.248 -85.751  38.244 -85.733  1.193
1 8  9.0 38.248 -85.752  38.246 -85.732  0.497
7 18  13.0 38.255 -85.751  38.245 -85.733  1.802
7 16  15.0 38.256 -85.752  38.246 -85.732  2.2
5 16  13.0 38.251 -85.752  38.245 -85.731  1.58
3 11  12.0 38.253 -85.749  38.244 -85.734  1.802
7 9  15.0 38.255 -85.752  38.243 -85.731  1.79
6 17  26.0 38.255 -85.752  38.244 -85.731  1.78
2 15  12.0 38.255 -85.749  38.246 -85.734  1.25
6 17  29.0 38.257 -85.752  38.244 -85.731  1.77
5 13  20.0 38.259 -85.751  38.246 -85.732  2.175
7 22  32.0 38.214 -85.747  38.246 -85.735  4.35
7 8  15.0 38.232 -85.751  38.246 -85.731  2.361
1 22  6.0 38.248 -85.748  38.246 -85.734  1.14
3 3  12.0 38.223 -85.75  38.244 -85.731  1.86
4 16  8.0 38.235 -85.746  38.244 -85.735  0.97
3 13  14.0 38.25 -85.75  38.245 -85.731  0.932
7 17  11.0 38.256 -85.747  38.244 -85.734  2.175
5 19  10.0 38.253 -85.747  38.244 -85.733  1.45
2 20  14.0 38.256 -85.747  38.246 -85.733  1.74
4 8  9.0 38.243 -85.744  38.244 -85.735  0.92
4 16  12.0 38.25 -85.746  38.244 -85.733  1.08
7 7  11.0 38.252 -85.746  38.246 -85.733  0.91
7 15  21.0 38.255 -85.745  38.243 -85.734  2.19
3 10  30.0 38.211 -85.745  38.245 -85.733  3.37
3 21  7.0 38.244 -85.746  38.245 -85.732  0.808
2 12  17.0 38.245 -85.744  38.244 -85.734  0.531
6 9  4.0 38.246 -85.744  38.246 -85.734  0.52
2 23  12.0 38.251 -85.745  38.245 -85.733  1.926
7 14  16.0 38.252 -85.747  38.245 -85.731  1.39
6 18  51.0 38.259 -85.747  38.244 -85.731  5.07
5 19  21.0 38.213 -85.745  38.244 -85.732  0.1
1 19  5.0 38.245 -85.743  38.244 -85.734  0.62
2 18  6.0 38.249 -85.745  38.244 -85.732  0.99
1 17  21.0 38.251 -85.743  38.243 -85.734  2.42
1 12  40.0 38.25 -85.744  38.246 -85.733  3.293
2 18  7.0 38.253 -85.745  38.246 -85.732  0.96
1 13  9.0 38.254 -85.742  38.246 -85.735  0.88
5 19  7.0 38.255 -85.744  38.246 -85.733  1.06
5 19  8.0 38.255 -85.744  38.246 -85.733  1.46
7 10  14.0 38.255 -85.744  38.246 -85.733  1.41
6 16  16.0 38.255 -85.744  38.246 -85.733  1.491
6 12  19.0 38.255 -85.744  38.246 -85.733  1.35
6 12  19.0 38.255 -85.744  38.246 -85.733  1.58
7 18  23.0 38.255 -85.744  38.246 -85.733  1.864
5 19  14.0 38.228 -85.742  38.243 -85.734  2.237
5 11  6.0 38.247 -85.745  38.243 -85.731  0.96
7 17  15.0 38.252 -85.741  38.243 -85.735  1.18
7 16  24.0 38.252 -85.741  38.246 -85.735  0.808
7 11  32.0 38.252 -85.741  38.246 -85.735  1.62
1 18  21.0 38.256 -85.742  38.243 -85.734  1.44
7 17  17.0 38.256 -85.745  38.246 -85.731  1.8
5 22  41.0 38.257 -85.744  38.246 -85.732  2.983
7 17  20.0 38.258 -85.745  38.246 -85.731  1.15
5 3  8.0 38.235 -85.744  38.246 -85.731  1.08
7 16  11.0 38.252 -85.744  38.244 -85.731  1.181
7 11  17.0 38.251 -85.741  38.246 -85.734  1.553
5 12  7.0 38.254 -85.742  38.245 -85.733  1.0
6 19  10.0 38.254 -85.741  38.245 -85.734  1.46
6 15  16.0 38.258 -85.742  38.245 -85.733  1.67
4 20  11.0 38.261 -85.742  38.246 -85.733  1.68
3 15  34.0 38.271 -85.744  38.243 -85.731  3.14
6 18  4.0 38.243 -85.741  38.245 -85.733  0.53
5 14  4.0 38.243 -85.741  38.245 -85.733  0.53
6 11  4.0 38.247 -85.741  38.244 -85.733  0.71
3 20  9.0 38.253 -85.74  38.244 -85.734  1.616
7 17  10.0 38.254 -85.742  38.244 -85.732  0.83
1 12  40.0 38.252 -85.741  38.246 -85.733  3.79
1 12  41.0 38.252 -85.741  38.246 -85.733  4.163
7 23  11.0 38.253 -85.742  38.246 -85.732  0.994
6 13  7.0 38.254 -85.743  38.246 -85.731  1.06
7 18  13.0 38.254 -85.743  38.246 -85.731  1.33
1 15  22.0 38.216 -85.741  38.244 -85.732  3.24
1 15  21.0 38.217 -85.741  38.245 -85.732  2.9
6 20  15.0 38.223 -85.739  38.244 -85.734  2.548
1 15  5.0 38.244 -85.741  38.243 -85.732  0.55
3 19  8.0 38.243 -85.738  38.245 -85.735  1.243
1 17  4.0 38.244 -85.74  38.245 -85.733  0.31
3 12  8.0 38.25 -85.742  38.244 -85.731  0.932
7 17  10.0 38.249 -85.738  38.245 -85.735  1.13
7 22  5.0 38.253 -85.738  38.244 -85.735  0.87
7 17  10.0 38.253 -85.738  38.244 -85.735  0.94
3 20  13.0 38.253 -85.742  38.244 -85.731  1.31
3 13  20.0 38.253 -85.738  38.244 -85.735  0.684
3 13  21.0 38.253 -85.738  38.244 -85.735  1.927
6 17  26.0 38.252 -85.74  38.245 -85.733  1.18
5 12  8.0 38.254 -85.74  38.245 -85.733  0.75
1 13  9.0 38.253 -85.74  38.246 -85.733  0.96
1 14  13.0 38.253 -85.74  38.246 -85.733  1.18
1 14  15.0 38.253 -85.74  38.246 -85.733  1.05
1 14  15.0 38.253 -85.74  38.246 -85.733  1.08
1 14  15.0 38.253 -85.74  38.246 -85.733  1.14
1 14  15.0 38.253 -85.74  38.246 -85.733  1.38
7 16  17.0 38.253 -85.74  38.246 -85.733  1.04
7 16  18.0 38.253 -85.74  38.246 -85.733  1.07
7 16  19.0 38.253 -85.74  38.246 -85.733  1.3
7 10  37.0 38.253 -85.74  38.246 -85.733  0.87
7 19  20.0 38.254 -85.74  38.246 -85.733  1.99
5 18  10.0 38.255 -85.74  38.246 -85.733  1.38
6 12  12.0 38.233 -85.737  38.244 -85.735  1.9
5 12  17.0 38.245 -85.737  38.244 -85.735  1.18
4 18  11.0 38.253 -85.739  38.244 -85.733  1.29
3 20  13.0 38.253 -85.741  38.244 -85.731  1.34
6 15  15.0 38.251 -85.739  38.246 -85.733  1.86
5 12  6.0 38.254 -85.738  38.244 -85.734  0.93
3 18  7.0 38.253 -85.739  38.245 -85.733  0.81
3 5  10.0 38.254 -85.738  38.244 -85.734  1.13
7 15  8.0 38.253 -85.74  38.246 -85.732  1.05
3 13  9.0 38.253 -85.739  38.246 -85.733  1.056
6 12  10.0 38.253 -85.74  38.246 -85.732  1.15
1 14  15.0 38.253 -85.74  38.246 -85.732  1.27
7 19  20.0 38.253 -85.739  38.246 -85.733  0.25
1 14  23.0 38.253 -85.74  38.246 -85.732  2.38
4 13  41.0 38.253 -85.74  38.246 -85.732  4.09
6 20  15.0 38.222 -85.738  38.245 -85.733  2.548
7 18  11.0 38.231 -85.739  38.245 -85.732  1.53
1 20  26.0 38.23 -85.738  38.246 -85.733  2.47
2 17  15.0 38.232 -85.738  38.245 -85.733  1.62
7 15  3.0 38.238 -85.736  38.243 -85.735  0.34
7 14  13.0 38.238 -85.737  38.244 -85.734  0.61
4 9  4.0 38.243 -85.737  38.243 -85.734  0.31
2 12  6.0 38.243 -85.737  38.245 -85.734  0.45
4 15  24.0 38.245 -85.736  38.244 -85.735  1.8
7 13  11.0 38.245 -85.738  38.246 -85.733  1.01
1 19  9.0 38.252 -85.74  38.243 -85.731  1.3
5 19  10.0 38.249 -85.739  38.246 -85.732  1.1
2 15  9.0 38.253 -85.739  38.244 -85.732  1.04
2 12  13.0 38.253 -85.736  38.244 -85.735  1.5
1 17  34.0 38.253 -85.737  38.245 -85.734  2.45
7 18  4.0 38.253 -85.737  38.246 -85.734  0.5
6 13  6.0 38.253 -85.738  38.246 -85.733  0.59
4 13  6.0 38.253 -85.738  38.246 -85.733  0.97
4 13  6.0 38.253 -85.738  38.246 -85.733  0.97
7 16  7.0 38.253 -85.738  38.246 -85.733  0.97
7 18  11.0 38.253 -85.738  38.246 -85.733  1.0
1 14  28.0 38.253 -85.739  38.246 -85.732  2.37
5 16  14.0 38.261 -85.736  38.244 -85.735  1.76
4 14  15.0 38.264 -85.74  38.245 -85.731  1.78
3 15  34.0 38.272 -85.74  38.243 -85.731  3.14
6 18  22.0 38.229 -85.738  38.244 -85.732  2.423
6 5  9.0 38.228 -85.739  38.246 -85.731  1.48
1 20  25.0 38.233 -85.737  38.246 -85.733  2.59
7 14  6.0 38.236 -85.737  38.245 -85.733  1.05
7 16  3.0 38.243 -85.735  38.243 -85.735  0.2
5 21  6.0 38.243 -85.735  38.243 -85.735  1.243
6 13  7.0 38.243 -85.735  38.243 -85.735  0.25
5 20  19.0 38.243 -85.735  38.243 -85.735  1.27
4 11  24.0 38.243 -85.735  38.243 -85.735  0.93
3 20  29.0 38.243 -85.735  38.243 -85.735  0.124
3 16  29.0 38.243 -85.735  38.243 -85.735  2.98
7 17  15.0 38.244 -85.735  38.244 -85.735  2.28
7 14  31.0 38.244 -85.735  38.244 -85.735  2.983
3 18  4.0 38.244 -85.739  38.245 -85.731  0.498
3 18  40.0 38.245 -85.736  38.244 -85.734  3.26
7 14  21.0 38.247 -85.737  38.246 -85.733  0.81
4 18  11.0 38.252 -85.737  38.244 -85.733  1.29
4 8  13.0 38.252 -85.736  38.244 -85.734  1.06
7 15  10.0 38.252 -85.738  38.245 -85.732  0.82
3 21  11.0 38.256 -85.735  38.243 -85.735  1.3
5 10  13.0 38.254 -85.737  38.245 -85.733  1.23
7 14  5.0 38.256 -85.737  38.245 -85.733  0.84
7 22  33.0 38.229 -85.736  38.246 -85.733  0.994
6 7  43.0 38.23 -85.738  38.245 -85.731  2.19
2 17  13.0 38.233 -85.737  38.246 -85.732  1.42
2 17  25.0 38.24 -85.735  38.244 -85.734  0.497
2 8  3.0 38.244 -85.734  38.243 -85.735  0.38
7 13  6.0 38.244 -85.734  38.243 -85.735  0.27
3 15  11.0 38.244 -85.734  38.243 -85.735  0.87
1 21  16.0 38.244 -85.734  38.243 -85.735  2.26
1 11  41.0 38.244 -85.734  38.243 -85.735  4.78
4 10  4.0 38.244 -85.734  38.244 -85.735  0.35
6 15  21.0 38.244 -85.734  38.244 -85.735  2.7
4 11  22.0 38.249 -85.735  38.244 -85.734  1.74
6 18  4.0 38.25 -85.736  38.245 -85.733  0.67
7 17  8.0 38.25 -85.736  38.245 -85.733  0.58
6 18  4.0 38.25 -85.736  38.246 -85.733  0.41
6 14  12.0 38.253 -85.738  38.244 -85.731  0.94
6 16  17.0 38.253 -85.738  38.244 -85.731  1.3
7 15  13.0 38.253 -85.736  38.245 -85.733  0.69
6 20  6.0 38.253 -85.736  38.246 -85.733  0.92
6 20  6.0 38.253 -85.736  38.246 -85.733  0.97
3 15  12.0 38.253 -85.736  38.246 -85.733  1.26
3 15  13.0 38.253 -85.736  38.246 -85.733  1.22
3 15  13.0 38.253 -85.736  38.246 -85.733  1.305
3 17  16.0 38.264 -85.734  38.244 -85.735  1.66
7 14  31.0 38.262 -85.736  38.246 -85.733  3.67
6 20  15.0 38.218 -85.735  38.245 -85.733  2.548
2 14  2.0 38.241 -85.734  38.244 -85.734  0.21
7 18  10.0 38.239 -85.736  38.246 -85.732  0.808
7 13  10.0 38.244 -85.734  38.244 -85.734  0.92
7 15  27.0 38.246 -85.734  38.246 -85.734  1.2
5 16  52.0 38.246 -85.734  38.246 -85.734  4.62
1 13  37.0 38.249 -85.736  38.245 -85.732  0.67
1 16  41.0 38.248 -85.733  38.246 -85.735  3.83
7 14  8.0 38.253 -85.735  38.246 -85.733  0.77
3 13  14.0 38.255 -85.737  38.244 -85.731  1.58
6 17  7.0 38.254 -85.737  38.246 -85.731  1.03
5 18  12.0 38.254 -85.737  38.246 -85.731  0.88
6 8  9.0 38.257 -85.734  38.244 -85.734  1.08
3 18  7.0 38.257 -85.737  38.245 -85.731  0.91
4 13  13.0 38.258 -85.737  38.246 -85.731  1.87
1 7  14.0 38.214 -85.733  38.245 -85.734  2.7
7 19  25.0 38.22 -85.735  38.246 -85.732  2.46
5 11  11.0 38.23 -85.736  38.246 -85.731  1.78
1 8  6.0 38.235 -85.735  38.246 -85.732  0.82
2 19  8.0 38.236 -85.735  38.246 -85.732  1.118
7 16  5.0 38.241 -85.734  38.244 -85.733  0.24
1 10  6.0 38.243 -85.735  38.243 -85.732  0.56
5 19  7.0 38.245 -85.732  38.243 -85.735  0.62
6 15  23.0 38.244 -85.733  38.244 -85.734  2.7
2 16  4.0 38.245 -85.733  38.244 -85.734  0.062
6 20  14.0 38.244 -85.734  38.245 -85.733  0.51
7 16  10.0 38.246 -85.733  38.244 -85.734  1.118
2 20  14.0 38.247 -85.733  38.243 -85.734  0.48
6 22  16.0 38.246 -85.733  38.244 -85.734  1.802
7 16  5.0 38.246 -85.733  38.245 -85.734  0.062
7 17  10.0 38.246 -85.733  38.245 -85.734  1.11
3 15  10.0 38.246 -85.733  38.245 -85.734  1.18
6 18  4.0 38.246 -85.733  38.246 -85.734  0.18
1 13  42.0 38.246 -85.734  38.246 -85.733  0.8
6 14  20.0 38.249 -85.736  38.244 -85.731  1.42
7 15  4.0 38.25 -85.734  38.245 -85.733  0.56
2 12  13.0 38.253 -85.732  38.244 -85.735  1.55
2 16  6.0 38.252 -85.736  38.246 -85.731  0.73
4 18  7.0 38.256 -85.736  38.243 -85.731  1.24
7 18  7.0 38.254 -85.734  38.246 -85.733  0.79
7 11  7.0 38.255 -85.734  38.246 -85.733  0.94
7 18  15.0 38.234 -85.733  38.246 -85.733  1.7
1 17  12.0 38.239 -85.731  38.243 -85.735  0.6
7 17  6.0 38.239 -85.733  38.245 -85.733  0.41
2 16  12.0 38.242 -85.733  38.243 -85.733  1.21
3 15  10.0 38.244 -85.732  38.244 -85.734  1.18
1 20  14.0 38.243 -85.734  38.246 -85.732  1.79
1 16  4.0 38.245 -85.733  38.245 -85.733  0.12
7 18  5.0 38.245 -85.733  38.245 -85.733  1.74
2 20  6.0 38.245 -85.733  38.245 -85.733  0.41
7 16  8.0 38.245 -85.733  38.245 -85.733  0.09
6 16  14.0 38.246 -85.732  38.244 -85.734  1.12
2 23  24.0 38.245 -85.733  38.245 -85.733  1.66
7 20  31.0 38.246 -85.733  38.244 -85.733  2.672
7 18  3.0 38.246 -85.733  38.245 -85.733  0.04
1 19  12.0 38.246 -85.733  38.245 -85.733  0.37
7 15  14.0 38.246 -85.733  38.245 -85.733  0.58
7 17  3.0 38.246 -85.733  38.246 -85.733  0.062
5 19  3.0 38.246 -85.733  38.246 -85.733  0.4
7 17  3.0 38.246 -85.733  38.246 -85.733  0.41
7 17  3.0 38.246 -85.733  38.246 -85.733  0.621
4 2  5.0 38.246 -85.733  38.246 -85.733  0.17
5 19  5.0 38.246 -85.733  38.246 -85.733  0.51
6 16  6.0 38.246 -85.733  38.246 -85.733  0.12
2 14  6.0 38.246 -85.733  38.246 -85.733  0.808
7 11  10.0 38.246 -85.733  38.246 -85.733  0.11
7 17  10.0 38.246 -85.733  38.246 -85.733  1.12
7 16  11.0 38.246 -85.733  38.246 -85.733  1.24
7 16  13.0 38.246 -85.733  38.246 -85.733  1.37
7 16  14.0 38.246 -85.733  38.246 -85.733  1.49
7 16  16.0 38.246 -85.733  38.246 -85.733  3.05
6 18  23.0 38.246 -85.733  38.246 -85.733  2.49
3 18  26.0 38.246 -85.733  38.246 -85.733  2.5
3 18  26.0 38.246 -85.733  38.246 -85.733  2.51
1 11  4.0 38.248 -85.732  38.246 -85.734  0.26
7 14  4.0 38.249 -85.735  38.246 -85.731  0.37
1 22  26.0 38.25 -85.733  38.246 -85.733  3.46
7 9  4.0 38.251 -85.733  38.246 -85.733  0.55
7 14  7.0 38.251 -85.733  38.246 -85.733  0.62
7 11  8.0 38.255 -85.733  38.246 -85.733  0.94
4 13  12.0 38.255 -85.733  38.246 -85.733  0.84
6 12  11.0 38.23 -85.733  38.246 -85.732  1.74
7 19  25.0 38.233 -85.73  38.244 -85.735  0.621
6 14  6.0 38.234 -85.732  38.245 -85.733  1.091
5 10  4.0 38.242 -85.734  38.244 -85.731  0.48
1 19  5.0 38.241 -85.732  38.246 -85.733  0.64
7 18  8.0 38.244 -85.732  38.245 -85.733  0.22
6 20  14.0 38.244 -85.733  38.245 -85.732  0.61
7 17  3.0 38.246 -85.733  38.246 -85.732  0.12
6 20  4.0 38.246 -85.732  38.246 -85.733  0.06
7 11  10.0 38.246 -85.733  38.246 -85.732  0.5
1 20  16.0 38.246 -85.733  38.246 -85.732  2.361
6 16  34.0 38.246 -85.732  38.246 -85.733  2.3
7 13  42.0 38.246 -85.733  38.246 -85.732  0.4
1 13  42.0 38.246 -85.733  38.246 -85.732  1.12
7 13  46.0 38.246 -85.733  38.246 -85.732  0.66
1 13  46.0 38.246 -85.733  38.246 -85.732  1.13
5 18  3.0 38.248 -85.731  38.245 -85.734  0.55
7 9  17.0 38.247 -85.732  38.246 -85.733  0.48
5 19  7.0 38.248 -85.731  38.246 -85.734  0.33
3 19  2.0 38.249 -85.734  38.246 -85.731  0.19
6 13  7.0 38.253 -85.73  38.246 -85.735  0.81
2 15  5.0 38.255 -85.73  38.246 -85.735  0.59
6 4  8.0 38.258 -85.733  38.245 -85.732  1.3
1 11  9.0 38.243 -85.732  38.243 -85.732  0.435
2 11  19.0 38.245 -85.732  38.243 -85.732  1.48
7 10  5.0 38.244 -85.731  38.246 -85.733  0.27
3 19  4.0 38.246 -85.732  38.246 -85.732  0.49
1 15  4.0 38.246 -85.732  38.246 -85.732  0.559
7 17  9.0 38.246 -85.731  38.246 -85.733  0.81
5 17  10.0 38.249 -85.73  38.243 -85.734  1.17
7 18  23.0 38.246 -85.732  38.246 -85.732  2.2
7 15  4.0 38.247 -85.73  38.246 -85.734  0.311
1 18  6.0 38.248 -85.732  38.245 -85.732  0.22
6 16  6.0 38.247 -85.73  38.246 -85.734  0.68
7 20  9.0 38.247 -85.73  38.246 -85.734  0.808
7 16  12.0 38.247 -85.73  38.246 -85.734  0.38
5 13  4.0 38.248 -85.731  38.246 -85.733  0.28
7 14  14.0 38.248 -85.731  38.246 -85.733  1.243
5 19  36.0 38.236 -85.728  38.243 -85.735  2.06
7 20  4.0 38.234 -85.731  38.246 -85.732  0.09
6 20  5.0 38.24 -85.73  38.245 -85.733  0.186
1 18  40.0 38.241 -85.73  38.245 -85.733  2.49
1 4  6.0 38.243 -85.731  38.244 -85.732  1.18
1 15  23.0 38.243 -85.732  38.244 -85.731  0.7
1 19  10.0 38.244 -85.731  38.244 -85.732  1.41
7 17  6.0 38.244 -85.732  38.245 -85.731  0.124
5 23  6.0 38.246 -85.73  38.243 -85.733  0.435
7 20  5.0 38.246 -85.732  38.245 -85.731  0.1
3 15  6.0 38.248 -85.728  38.243 -85.735  0.93
3 17  2.0 38.247 -85.73  38.245 -85.733  0.3
7 14  4.0 38.246 -85.73  38.246 -85.733  0.33
2 12  5.0 38.247 -85.73  38.245 -85.733  0.21
7 11  7.0 38.246 -85.73  38.246 -85.733  0.75
1 11  15.0 38.246 -85.731  38.246 -85.732  0.8
4 18  3.0 38.247 -85.73  38.246 -85.733  0.28
4 20  3.0 38.247 -85.73  38.246 -85.733  0.34
4 20  3.0 38.247 -85.73  38.246 -85.733  0.34
7 11  4.0 38.248 -85.73  38.245 -85.733  0.26
5 13  4.0 38.247 -85.73  38.246 -85.733  0.65
7 12  5.0 38.247 -85.73  38.246 -85.733  0.33
5 13  5.0 38.247 -85.73  38.246 -85.733  0.4
7 11  5.0 38.247 -85.73  38.246 -85.733  0.46
6 15  9.0 38.247 -85.73  38.246 -85.733  0.56
1 10  14.0 38.247 -85.73  38.246 -85.733  1.68
1 10  14.0 38.247 -85.73  38.246 -85.733  1.72
7 13  17.0 38.248 -85.73  38.245 -85.733  0.35
1 15  22.0 38.247 -85.73  38.246 -85.733  0.25
6 16  37.0 38.247 -85.73  38.246 -85.733  0.37
5 13  4.0 38.25 -85.729  38.244 -85.734  0.52
6 12  32.0 38.248 -85.73  38.246 -85.733  0.35
6 19  5.0 38.255 -85.732  38.244 -85.731  0.46
7 20  14.0 38.232 -85.728  38.244 -85.734  0.851
5 18  10.0 38.234 -85.728  38.244 -85.734  0.621
3 12  12.0 38.235 -85.729  38.244 -85.733  1.3
7 17  7.0 38.238 -85.731  38.244 -85.731  0.56
7 15  34.0 38.238 -85.727  38.245 -85.735  2.1
3 14  7.0 38.238 -85.731  38.246 -85.731  0.746
7 15  8.0 38.238 -85.729  38.246 -85.733  0.684
6 12  10.0 38.241 -85.731  38.244 -85.731  1.37
6 20  9.0 38.243 -85.731  38.243 -85.731  0.47
6 19  10.0 38.243 -85.731  38.243 -85.731  0.746
7 17  18.0 38.243 -85.731  38.243 -85.731  1.79
7 16  6.0 38.243 -85.728  38.244 -85.734  0.59
7 10  4.0 38.244 -85.731  38.244 -85.731  0.14
6 19  4.0 38.244 -85.731  38.244 -85.731  0.746
7 11  7.0 38.244 -85.731  38.244 -85.731  0.36
4 20  42.0 38.246 -85.731  38.243 -85.731  2.548
7 17  3.0 38.244 -85.73  38.246 -85.732  0.15
4 21  6.0 38.245 -85.731  38.245 -85.731  1.118
1 16  10.0 38.245 -85.731  38.245 -85.731  0.684
7 20  16.0 38.247 -85.731  38.243 -85.731  1.864
3 13  21.0 38.245 -85.731  38.245 -85.731  2.175
1 14  2.0 38.247 -85.73  38.246 -85.732  0.21
4 17  2.0 38.247 -85.73  38.246 -85.732  0.29
6 18  3.0 38.247 -85.73  38.246 -85.732  0.18
7 15  4.0 38.247 -85.73  38.246 -85.732  0.165
4 17  5.0 38.247 -85.73  38.246 -85.732  0.235
6 18  6.0 38.247 -85.73  38.246 -85.732  0.36
5 19  8.0 38.247 -85.73  38.246 -85.732  0.18
3 12  3.0 38.248 -85.729  38.246 -85.733  0.26
7 17  6.0 38.248 -85.73  38.246 -85.732  0.52
3 13  6.0 38.235 -85.727  38.244 -85.734  0.684
1 19  43.0 38.236 -85.729  38.244 -85.732  3.17
6 18  5.0 38.243 -85.73  38.243 -85.731  0.13
4 19  5.0 38.244 -85.73  38.243 -85.731  0.43
6 20  5.0 38.242 -85.728  38.245 -85.733  0.621
6 20  9.0 38.242 -85.73  38.245 -85.731  1.29
7 10  9.0 38.244 -85.73  38.244 -85.731  0.42
2 13  13.0 38.242 -85.728  38.246 -85.733  1.25
4 6  21.0 38.244 -85.73  38.244 -85.731  1.91
4 18  4.0 38.244 -85.73  38.246 -85.731  0.109
5 13  17.0 38.246 -85.727  38.244 -85.734  0.52
7 15  25.0 38.245 -85.728  38.245 -85.733  1.12
7 11  2.0 38.248 -85.728  38.245 -85.733  0.27
7 14  4.0 38.248 -85.728  38.246 -85.733  0.38
5 14  6.0 38.237 -85.727  38.243 -85.733  0.8
4 9  10.0 38.241 -85.725  38.243 -85.735  0.69
1 11  19.0 38.24 -85.729  38.244 -85.731  2.423
5 16  3.0 38.242 -85.729  38.243 -85.731  0.31
5 20  5.0 38.242 -85.728  38.246 -85.732  0.56
1 22  2.0 38.246 -85.729  38.244 -85.731  0.311
1 11  27.0 38.247 -85.729  38.244 -85.731  1.58
6 3  2.0 38.248 -85.728