7 16  28.0 38.204 -85.77  38.215 -85.731  3.45
6 16  34.0 38.255 -85.765  38.263 -85.735  2.45
1 12  33.0 38.258 -85.768  38.261 -85.732  3.107
7 22  48.0 38.256 -85.766  38.263 -85.734  2.485
6 15  21.0 38.209 -85.764  38.219 -85.735  4.474
5 20  13.0 38.227 -85.764  38.213 -85.735  2.17
7 19  21.0 38.222 -85.765  38.261 -85.734  3.98
6 16  29.0 38.222 -85.764  38.2 -85.734  3.231
6 15  36.0 38.219 -85.765  38.205 -85.733  2.99
6 16  32.0 38.251 -85.765  38.21 -85.733  4.7
4 14  43.0 38.22 -85.767  38.264 -85.731  4.49
7 21  32.0 38.254 -85.766  38.263 -85.732  3.98
4 9  13.0 38.213 -85.762  38.219 -85.735  1.4
7 18  18.0 38.257 -85.763  38.263 -85.734  2.23
1 13  21.0 38.257 -85.763  38.263 -85.734  2.23
6 16  26.0 38.221 -85.763  38.198 -85.733  3.045
4 14  15.0 38.218 -85.763  38.213 -85.733  1.8
6 17  17.0 38.223 -85.761  38.209 -85.735  1.81
4 18  14.0 38.253 -85.761  38.262 -85.735  1.85
6 16  27.0 38.221 -85.763  38.198 -85.732  1.429
3 4  12.0 38.223 -85.76  38.203 -85.735  2.24
5 14  16.0 38.217 -85.764  38.211 -85.731  2.64
5 9  11.0 38.22 -85.76  38.211 -85.735  2.02
3 13  9.0 38.214 -85.76  38.219 -85.735  1.72
3 12  14.0 38.222 -85.761  38.217 -85.734  2.2
6 20  24.0 38.221 -85.76  38.219 -85.735  1.72
4 7  22.0 38.217 -85.761  38.263 -85.734  3.42
7 10  30.0 38.22 -85.761  38.264 -85.734  4.54
7 10  30.0 38.221 -85.761  38.264 -85.734  4.6
7 10  13.0 38.223 -85.76  38.2 -85.734  2.39
6 16  29.0 38.224 -85.76  38.2 -85.734  3.293
6 14  12.0 38.22 -85.762  38.213 -85.732  1.93
3 6  15.0 38.241 -85.759  38.216 -85.735  2.66
7 15  21.0 38.226 -85.758  38.199 -85.735  2.237
4 10  11.0 38.212 -85.76  38.214 -85.733  1.37
3 20  15.0 38.211 -85.758  38.219 -85.735  1.43
6 15  32.0 38.222 -85.762  38.209 -85.731  3.17
6 13  16.0 38.244 -85.762  38.262 -85.731  2.44
5 20  23.0 38.25 -85.759  38.262 -85.734  1.79
1 9  26.0 38.25 -85.759  38.262 -85.734  2.36
6 10  32.0 38.25 -85.758  38.263 -85.735  2.26
5 12  40.0 38.254 -85.758  38.262 -85.735  2.79
7 11  13.0 38.255 -85.76  38.262 -85.733  1.65
1 13  21.0 38.256 -85.759  38.263 -85.734  2.21
3 17  13.0 38.255 -85.762  38.265 -85.731  2.3
5 8  11.0 38.213 -85.757  38.213 -85.735  1.69
4 20  12.0 38.213 -85.759  38.219 -85.733  1.59
5 6  10.0 38.233 -85.757  38.216 -85.735  1.65
7 11  31.0 38.222 -85.761  38.264 -85.731  4.15
1 17  32.0 38.237 -85.757  38.262 -85.735  3.97
5 20  32.0 38.245 -85.758  38.261 -85.734  4.309
7 17  25.0 38.248 -85.757  38.261 -85.735  2.672
1 13  49.0 38.248 -85.757  38.264 -85.735  2.051
1 17  11.0 38.253 -85.757  38.262 -85.735  1.59
7 11  32.0 38.253 -85.757  38.262 -85.735  2.78
3 12  35.0 38.253 -85.757  38.262 -85.735  2.113
7 20  15.0 38.253 -85.758  38.263 -85.734  1.802
6 21  28.0 38.254 -85.758  38.263 -85.734  2.237
6 20  19.0 38.256 -85.757  38.262 -85.735  1.77
7 17  34.0 38.257 -85.758  38.263 -85.734  3.63
7 14  34.0 38.258 -85.757  38.262 -85.735  5.08
7 19  31.0 38.248 -85.757  38.263 -85.734  3.355
6 20  25.0 38.25 -85.759  38.262 -85.732  3.16
1 18  34.0 38.253 -85.757  38.262 -85.734  2.548
1 17  19.0 38.254 -85.756  38.262 -85.735  2.04
7 12  15.0 38.255 -85.756  38.262 -85.735  1.926
7 10  13.0 38.257 -85.756  38.262 -85.735  1.68
6 20  17.0 38.257 -85.756  38.262 -85.735  1.48
2 12  13.0 38.258 -85.756  38.263 -85.735  1.05
3 19  30.0 38.219 -85.759  38.201 -85.731  3.8
4 15  7.0 38.216 -85.755  38.21 -85.735  1.47
7 19  14.0 38.226 -85.758  38.213 -85.732  1.635
6 12  43.0 38.254 -85.756  38.199 -85.734  4.46
6 15  16.0 38.231 -85.755  38.263 -85.735  1.429
7 14  35.0 38.243 -85.756  38.262 -85.734  2.113
3 14  23.0 38.246 -85.755  38.265 -85.735  2.13
3 15  14.0 38.25 -85.755  38.263 -85.735  1.96
7 16  14.0 38.253 -85.757  38.263 -85.733  1.82
1 15  53.0 38.254 -85.755  38.262 -85.735  4.97
6 20  17.0 38.258 -85.755  38.262 -85.735  1.47
2 15  23.0 38.257 -85.756  38.263 -85.734  1.8
6 19  35.0 38.22 -85.756  38.207 -85.733  3.542
6 14  10.0 38.217 -85.756  38.213 -85.733  1.49
4 14  23.0 38.256 -85.755  38.218 -85.734  4.21
3 11  16.0 38.246 -85.754  38.262 -85.735  2.21
1 18  33.0 38.251 -85.755  38.263 -85.734  2.051
6 16  12.0 38.253 -85.757  38.263 -85.732  1.86
7 10  15.0 38.254 -85.754  38.262 -85.735  1.74
1 15  39.0 38.254 -85.755  38.262 -85.734  2.734
4 14  14.0 38.255 -85.755  38.263 -85.734  1.61
6 19  21.0 38.255 -85.756  38.263 -85.733  1.926
7 22  12.0 38.255 -85.758  38.264 -85.731  0.249
1 14  17.0 38.255 -85.754  38.264 -85.735  0.186
7 20  17.0 38.257 -85.755  38.262 -85.734  1.74
3 9  8.0 38.211 -85.753  38.212 -85.735  1.3
2 11  10.0 38.209 -85.755  38.217 -85.733  1.39
5 10  12.0 38.215 -85.757  38.212 -85.731  1.85
4 9  38.0 38.216 -85.754  38.213 -85.734  1.34
6 15  25.0 38.218 -85.757  38.218 -85.731  2.734
5 17  24.0 38.255 -85.753  38.219 -85.735  4.34
4 9  34.0 38.249 -85.756  38.261 -85.732  4.02
7 19  33.0 38.25 -85.754  38.262 -85.734  2.796
1 13  21.0 38.252 -85.754  38.262 -85.734  1.988
3 22  35.0 38.252 -85.755  38.262 -85.733  0.124
6 15  16.0 38.252 -85.753  38.263 -85.735  1.59
2 5  18.0 38.253 -85.755  38.262 -85.733  2.423
1 20  25.0 38.254 -85.755  38.261 -85.733  3.169
4 14  17.0 38.255 -85.754  38.261 -85.734  1.74
4 13  15.0 38.254 -85.754  38.263 -85.734  1.26
3 15  13.0 38.256 -85.753  38.262 -85.735  1.37
3 14  17.0 38.256 -85.753  38.262 -85.735  1.31
3 14  18.0 38.256 -85.753  38.262 -85.735  1.31
7 11  40.0 38.256 -85.753  38.262 -85.735  2.64
7 2  49.0 38.256 -85.753  38.262 -85.735  1.83
1 7  13.0 38.257 -85.756  38.263 -85.732  1.366
5 10  10.0 38.217 -85.755  38.207 -85.732  1.82
2 12  8.0 38.218 -85.755  38.21 -85.732  1.35
3 15  18.0 38.212 -85.752  38.218 -85.735  1.34
3 15  28.0 38.213 -85.752  38.219 -85.735  1.06
6 12  42.0 38.257 -85.753  38.199 -85.734  5.09
2 17  25.0 38.248 -85.754  38.263 -85.733  2.07
5 17  17.0 38.241 -85.752  38.274 -85.735  3.03
4 18  10.0 38.255 -85.754  38.261 -85.733  1.2
4 17  29.0 38.255 -85.752  38.262 -85.735  1.553
6 13  8.0 38.255 -85.752  38.263 -85.735  1.25
1 6  18.0 38.256 -85.754  38.262 -85.733  1.74
2 17  22.0 38.255 -85.752  38.263 -85.735  1.38
3 20  26.0 38.256 -85.756  38.264 -85.731  4.039
6 5  23.0 38.248 -85.751  38.202 -85.735  3.61
6 18  30.0 38.246 -85.755  38.219 -85.731  3.12
4 14  17.0 38.252 -85.754  38.217 -85.732  2.97
1 0  22.0 38.256 -85.751  38.216 -85.735  3.67
2 20  16.0 38.242 -85.754  38.262 -85.732  2.74
1 20  23.0 38.252 -85.751  38.262 -85.735  1.74
2 15  44.0 38.254 -85.752  38.261 -85.734  4.101
3 22  15.0 38.254 -85.751  38.262 -85.735  1.802
7 9  27.0 38.253 -85.754  38.263 -85.732  2.61
7 12  17.0 38.256 -85.751  38.261 -85.735  1.82
1 11  17.0 38.255 -85.754  38.262 -85.732  2.12
6 11  36.0 38.255 -85.753  38.262 -85.733  3.04
1 16  43.0 38.254 -85.755  38.263 -85.731  3.79
6 17  14.0 38.255 -85.751  38.263 -85.735  1.45
1 17  29.0 38.255 -85.751  38.263 -85.735  3.7
1 12  37.0 38.256 -85.751  38.263 -85.735  2.87
7 21  45.0 38.256 -85.751  38.263 -85.735  2.95
7 18  47.0 38.256 -85.751  38.263 -85.735  2.67
4 18  20.0 38.257 -85.755  38.263 -85.731  1.88
1 16  21.0 38.258 -85.752  38.262 -85.734  1.429
7 12  6.0 38.214 -85.75  38.209 -85.735  1.02
1 8  10.0 38.213 -85.75  38.21 -85.735  1.0
5 8  21.0 38.213 -85.754  38.217 -85.731  1.49
6 21  35.0 38.248 -85.751  38.204 -85.734  4.834
1 18  16.0 38.252 -85.75  38.261 -85.735  1.021
5 15  46.0 38.25 -85.753  38.263 -85.732  4.12
7 16  38.0 38.252 -85.752  38.262 -85.733  1.83
1 14  18.0 38.253 -85.751  38.262 -85.734  1.056
5 13  19.0 38.243 -85.752  38.272 -85.733  3.17
2 16  22.0 38.253 -85.751  38.262 -85.734  2.24
7 16  31.0 38.253 -85.751  38.263 -85.734  4.52
7 9  47.0 38.253 -85.753  38.263 -85.732  2.51
6 17  16.0 38.254 -85.753  38.263 -85.732  2.237
1 10  18.0 38.254 -85.753  38.263 -85.732  1.66
3 8  10.0 38.256 -85.752  38.262 -85.733  1.29
7 21  21.0 38.257 -85.752  38.262 -85.733  2.237
3 9  14.0 38.257 -85.75  38.263 -85.735  0.96
2 17  16.0 38.257 -85.752  38.263 -85.733  2.38
7 11  16.0 38.252 -85.751  38.264 -85.733  1.85
6 15  20.0 38.254 -85.749  38.262 -85.735  0.497
7 17  39.0 38.254 -85.75  38.263 -85.734  2.14
6 11  18.0 38.256 -85.749  38.263 -85.735  1.6
6 23  25.0 38.256 -85.749  38.263 -85.735  1.367
1 15  25.0 38.257 -85.75  38.262 -85.734  3.853
3 17  19.0 38.256 -85.753  38.264 -85.731  1.8
7 14  24.0 38.258 -85.749  38.262 -85.735  1.93
4 15  50.0 38.256 -85.749  38.264 -85.735  3.93
4 10  9.0 38.224 -85.748  38.219 -85.735  1.32
2 8  11.0 38.236 -85.749  38.216 -85.734  1.75
5 13  26.0 38.236 -85.748  38.274 -85.735  3.69
2 12  23.0 38.237 -85.748  38.274 -85.735  3.16
4 15  29.0 38.238 -85.748  38.274 -85.735  3.42
5 15  14.0 38.252 -85.749  38.263 -85.734  1.18
7 1  14.0 38.253 -85.749  38.263 -85.734  1.59
7 10  20.0 38.254 -85.748  38.262 -85.735  1.4
7 15  29.0 38.253 -85.752  38.263 -85.731  2.3
1 19  16.0 38.256 -85.748  38.261 -85.735  1.429
1 11  16.0 38.255 -85.751  38.262 -85.732  2.19
3 13  20.0 38.257 -85.751  38.261 -85.732  3.75
7 12  22.0 38.255 -85.748  38.263 -85.735  2.485
7 14  31.0 38.254 -85.751  38.264 -85.732  1.7
6 17  7.0 38.257 -85.748  38.262 -85.735  0.98
3 13  19.0 38.258 -85.748  38.262 -85.735  1.53
5 19  6.0 38.216 -85.749  38.207 -85.733  1.34
2 15  12.0 38.216 -85.751  38.212 -85.731  1.86
7 20  9.0 38.217 -85.747  38.212 -85.735  0.7
4 7  29.0 38.214 -85.75  38.219 -85.732  1.55
6 14  19.0 38.255 -85.75  38.217 -85.732  3.25
4 15  33.0 38.216 -85.748  38.263 -85.734  3.34
3 16  16.0 38.248 -85.748  38.263 -85.734  2.2
5 21  33.0 38.255 -85.747  38.262 -85.735  2.34
7 21  15.0 38.256 -85.748  38.262 -85.734  0.994
1 13  26.0 38.256 -85.747  38.262 -85.735  1.181
3 17  31.0 38.255 -85.748  38.263 -85.734  2.58
1 8  13.0 38.256 -85.747  38.263 -85.735  1.59
7 22  52.0 38.257 -85.747  38.262 -85.735  3.915
7 15  6.0 38.258 -85.747  38.262 -85.735  0.73
7 17  9.0 38.256 -85.749  38.264 -85.733  1.09
4 19  25.0 38.257 -85.748  38.263 -85.734  1.243
4 17  25.0 38.256 -85.75  38.264 -85.732  1.68
7 5  5.0 38.258 -85.748  38.263 -85.734  0.86
1 14  9.0 38.258 -85.749  38.263 -85.733  1.01
5 23  10.0 38.258 -85.75  38.263 -85.732  1.21
1 8  12.0 38.258 -85.747  38.263 -85.735  1.27
6 12  11.0 38.217 -85.75  38.21 -85.731  1.21
6 14  10.0 38.212 -85.749  38.216 -85.732  1.49
5 16  26.0 38.211 -85.75  38.219 -85.731  2.36
4 12  24.0 38.233 -85.746  38.262 -85.735  1.76
3 12  8.0 38.254 -85.746  38.262 -85.735  0.98
7 12  22.0 38.254 -85.746  38.263 -85.735  2.423
1 13  43.0 38.256 -85.75  38.261 -85.731  3.19
2 17  19.0 38.255 -85.749  38.263 -85.732  1.43
7 12  28.0 38.257 -85.747  38.261 -85.734  2.73
7 22  47.0 38.255 -85.746  38.263 -85.735  2.299
6 18  49.0 38.256 -85.747  38.262 -85.734  4.45
2 17  49.0 38.256 -85.746  38.262 -85.735  4.53
1 17  9.0 38.257 -85.75  38.262 -85.731  1.13
7 14  11.0 38.257 -85.746  38.262 -85.735  1.118
2 11  28.0 38.257 -85.746  38.262 -85.735  2.39
7 23  33.0 38.257 -85.746  38.262 -85.735  2.9
2 20  11.0 38.257 -85.75  38.263 -85.731  0.932
6 10  11.0 38.258 -85.746  38.262 -85.735  0.99
6 18  14.0 38.258 -85.746  38.262 -85.735  0.72
6 18  14.0 38.258 -85.746  38.262 -85.735  0.72
5 13  22.0 38.258 -85.746  38.262 -85.735  3.92
5 23  11.0 38.258 -85.749  38.263 -85.732  1.12
5 12  9.0 38.215 -85.745  38.204 -85.735  1.08
3 12  8.0 38.211 -85.748  38.209 -85.732  0.96
2 13  7.0 38.212 -85.748  38.214 -85.732  1.25
4 13  11.0 38.21 -85.749  38.219 -85.731  1.3
2 14  18.0 38.255 -85.747  38.215 -85.733  3.06
4 12  16.0 38.252 -85.745  38.262 -85.735  1.553
7 17  34.0 38.252 -85.745  38.262 -85.735  2.4
6 18  12.0 38.255 -85.745  38.262 -85.735  1.05
7 7  5.0 38.255 -85.746  38.263 -85.734  0.73
7 8  16.0 38.255 -85.746  38.263 -85.734  1.06
1 6  17.0 38.254 -85.748  38.264 -85.732  1.44
7 14  25.0 38.255 -85.745  38.263 -85.735  0.78
5 15  13.0 38.256 -85.746  38.263 -85.734  1.15
2 20  32.0 38.257 -85.745  38.262 -85.735  3.63
7 18  35.0 38.257 -85.745  38.262 -85.735  0.98
2 20  40.0 38.257 -85.745  38.262 -85.735  3.65
6 18  3.0 38.258 -85.745  38.262 -85.735  0.78
4 15  4.0 38.258 -85.745  38.262 -85.735  0.59
6 13  4.0 38.258 -85.745  38.262 -85.735  0.72
3 20  5.0 38.258 -85.745  38.262 -85.735  0.84
7 16  7.0 38.256 -85.746  38.264 -85.734  0.74
7 14  8.0 38.259 -85.746  38.261 -85.734  1.11
4 15  9.0 38.258 -85.745  38.262 -85.735  1.29
5 15  10.0 38.258 -85.745  38.262 -85.735  0.746
2 8  12.0 38.258 -85.745  38.262 -85.735  1.19
7 14  13.0 38.257 -85.746  38.263 -85.734  1.36
2 22  14.0 38.258 -85.745  38.262 -85.735  0.186
2 8  14.0 38.258 -85.745  38.262 -85.735  1.19
7 8  16.0 38.258 -85.745  38.262 -85.735  1.47
2 11  29.0 38.258 -85.745  38.262 -85.735  2.75
1 14  30.0 38.258 -85.745  38.262 -85.735  2.548
7 8  32.0 38.257 -85.746  38.263 -85.734  1.88
7 17  37.0 38.258 -85.745  38.262 -85.735  1.25
6 10  37.0 38.258 -85.745  38.262 -85.735  2.548
1 11  40.0 38.258 -85.745  38.262 -85.735  4.07
1 11  40.0 38.258 -85.745  38.262 -85.735  4.09
1 12  47.0 38.258 -85.745  38.262 -85.735  3.31
4 16  50.0 38.257 -85.746  38.263 -85.734  4.79
2 19  54.0 38.258 -85.745  38.262 -85.735  4.94
6 17  4.0 38.258 -85.746  38.263 -85.734  0.75
7 12  6.0 38.259 -85.745  38.262 -85.735  0.56
7 18  6.0 38.258 -85.746  38.263 -85.734  0.65
7 9  6.0 38.258 -85.745  38.263 -85.735  1.6
7 17  8.0 38.258 -85.745  38.263 -85.735  1.08
7 17  9.0 38.258 -85.745  38.263 -85.735  1.21
7 21  11.0 38.258 -85.745  38.263 -85.735  0.87
7 19  13.0 38.258 -85.748  38.263 -85.732  0.924
6 19  13.0 38.258 -85.746  38.263 -85.734  1.28
5 11  6.0 38.212 -85.746  38.215 -85.733  0.69
4 13  12.0 38.219 -85.748  38.212 -85.731  1.33
6 12  18.0 38.254 -85.748  38.218 -85.731  3.11
7 14  32.0 38.254 -85.744  38.261 -85.735  0.559
7 16  35.0 38.254 -85.747  38.261 -85.732  3.45
1 20  34.0 38.254 -85.745  38.262 -85.734  2.983
7 12  20.0 38.254 -85.748  38.263 -85.731  1.429
7 12  23.0 38.255 -85.744  38.262 -85.735  1.21
5 13  26.0 38.254 -85.745  38.263 -85.734  2.84
1 22  30.0 38.256 -85.744  38.261 -85.735  3.078
3 11  45.0 38.255 -85.744  38.262 -85.735  0.87
6 8  5.0 38.255 -85.745  38.263 -85.734  0.98
2 13  5.0 38.255 -85.745  38.263 -85.734  1.05
1 18  36.0 38.256 -85.748  38.263 -85.731  2.237
6 18  7.0 38.258 -85.744  38.262 -85.735  0.73
1 7  7.0 38.258 -85.745  38.262 -85.734  0.85
1 7  7.0 38.258 -85.745  38.262 -85.734  0.91
1 7  7.0 38.258 -85.745  38.262 -85.734  0.94
7 19  13.0 38.258 -85.745  38.262 -85.734  1.056
7 21  22.0 38.258 -85.745  38.262 -85.734  0.87
7 14  23.0 38.255 -85.748  38.265 -85.731  0.05
1 18  27.0 38.257 -85.745  38.263 -85.734  4.45
7 8  28.0 38.257 -85.745  38.263 -85.734  1.78
1 12  47.0 38.257 -85.745  38.263 -85.734  2.19
7 13  50.0 38.258 -85.744  38.262 -85.735  1.05
1 9  52.0 38.258 -85.745  38.262 -85.734  3.25
1 16  10.0 38.258 -85.745  38.263 -85.734  0.05
7 15  12.0 38.258 -85.745  38.263 -85.734  0.78
7 21  14.0 38.258 -85.746  38.263 -85.733  0.91
7 21  14.0 38.258 -85.746  38.263 -85.733  0.92
3 13  5.0 38.214 -85.746  38.208 -85.732  1.18
6 9  9.0 38.214 -85.744  38.208 -85.734  1.11
5 5  5.0 38.214 -85.746  38.211 -85.732  0.62
6 16  5.0 38.216 -85.743  38.21 -85.735  0.93
6 7  8.0 38.216 -85.744  38.21 -85.734  0.75
6 20  34.0 38.214 -85.745  38.215 -85.733  1.429
3 12  6.0 38.217 -85.746  38.213 -85.732  0.68
1 19  7.0 38.222 -85.743  38.219 -85.735  0.75
3 14  26.0 38.253 -85.746  38.201 -85.732  4.53
5 12  17.0 38.249 -85.747  38.215 -85.731  3.08
7 13  3.0 38.256 -85.743  38.262 -85.735  0.57
2 16  19.0 38.255 -85.744  38.263 -85.734  1.926
4 18  30.0 38.255 -85.744  38.263 -85.734  3.915
2 16  50.0 38.256 -85.746  38.262 -85.732  2.83
6 17  52.0 38.257 -85.743  38.262 -85.735  3.45
1 21  8.0 38.257 -85.747  38.263 -85.731  1.01
6 16  14.0 38.258 -85.745  38.262 -85.733  1.07
6 10  13.0 38.259 -85.743  38.262 -85.735  0.81
4 18  22.0 38.215 -85.743  38.205 -85.734  2.03
5 16  7.0 38.209 -85.746  38.212 -85.731  1.243
3 8  5.0 38.214 -85.742  38.209 -85.735  0.61
2 18  35.0 38.22 -85.743  38.204 -85.734  2.07
3 8  7.0 38.216 -85.742  38.209 -85.735  0.52
5 12  19.0 38.215 -85.746  38.21 -85.731  1.53
7 23  4.0 38.215 -85.744  38.211 -85.733  0.93
7 21  5.0 38.215 -85.744  38.211 -85.733  0.72
4 9  8.0 38.214 -85.745  38.213 -85.732  1.14
6 13  9.0 38.217 -85.746  38.212 -85.731  1.2
2 12  6.0 38.218 -85.746  38.212 -85.731  0.9
6 20  8.0 38.211 -85.742  38.219 -85.735  0.684
2 13  9.0 38.218 -85.742  38.212 -85.735  1.25
1 6  26.0 38.218 -85.744  38.214 -85.733  1.367
7 15  8.0 38.214 -85.742  38.219 -85.735  1.21
6 19  7.0 38.217 -85.742  38.219 -85.735  0.65
3 19  8.0 38.224 -85.746  38.212 -85.731  1.16
4 14  17.0 38.254 -85.746  38.214 -85.731  3.16
1 16  26.0 38.261 -85.743  38.208 -85.734  4.13
3 17  28.0 38.252 -85.742  38.261 -85.735  2.71
7 14  46.0 38.252 -85.742  38.262 -85.735  2.68
6 21  25.0 38.255 -85.742  38.262 -85.735  2.04
2 16  30.0 38.254 -85.743  38.263 -85.734  1.243
6 18  5.0 38.255 -85.742  38.263 -85.735  1.01
6 21  9.0 38.257 -85.743  38.261 -85.734  0.67
6 13  12.0 38.256 -85.744  38.262 -85.733  1.69
1 13  29.0 38.255 -85.742  38.263 -85.735  2.98
1 16  41.0 38.255 -85.745  38.263 -85.732  2.8
2 14  5.0 38.257 -85.742  38.262 -85.735  0.68
4 17  4.0 38.259 -85.742  38.261 -85.735  0.43
5 19  7.0 38.257 -85.743  38.263 -85.734  0.87
3 18  10.0 38.256 -85.743  38.264 -85.734  1.01
4 20  10.0 38.256 -85.745  38.264 -85.732  1.53
7 17  25.0 38.256 -85.743  38.264 -85.734  0.82
4 16  42.0 38.259 -85.744  38.261 -85.733  4.08
3 9  4.0 38.258 -85.745  38.263 -85.732  0.8
6 16  8.0 38.258 -85.745  38.263 -85.732  0.82
4 17  8.0 38.258 -85.746  38.263 -85.731  0.92
6 16  9.0 38.258 -85.745  38.263 -85.732  0.83
1 13  10.0 38.258 -85.745  38.263 -85.732  0.93
1 13  10.0 38.258 -85.745  38.263 -85.732  0.94
2 16  11.0 38.258 -85.743  38.263 -85.734  1.58
7 14  13.0 38.258 -85.744  38.263 -85.733  0.98
6 10  13.0 38.258 -85.746  38.263 -85.731  1.11
6 18  37.0 38.219 -85.745  38.2 -85.731  2.21
1 7  5.0 38.213 -85.743  38.207 -85.733  0.56
5 11  5.0 38.212 -85.743  38.209 -85.733  0.88
7 22  24.0 38.216 -85.743  38.211 -85.733  3.89
4 1  8.0 38.222 -85.741  38.206 -85.735  0.1
5 15  6.0 38.212 -85.743  38.217 -85.733  0.87
2 5  4.0 38.214 -85.742  38.217 -85.734  0.33
6 20  6.0 38.215 -85.741  38.219 -85.735  0.435
1 19  6.0 38.219 -85.741  38.219 -85.735  0.75
4 15  8.0 38.249 -85.741  38.262 -85.735  1.16
2 11  10.0 38.256 -85.745  38.263 -85.731  0.11
4 17  4.0 38.259 -85.741  38.261 -85.735  0.32
7 10  46.0 38.256 -85.741  38.264 -85.735  4.77
6 17  6.0 38.258 -85.745  38.263 -85.731  0.94
6 11  6.0 38.258 -85.745  38.263 -85.731  1.01
6 10  8.0 38.258 -85.745  38.263 -85.731  1.06
1 18  9.0 38.258 -85.745  38.263 -85.731  0.932
1 21  9.0 38.258 -85.745  38.263 -85.731  0.99
7 9  12.0 38.258 -85.745  38.263 -85.731  0.932
7 9  12.0 38.258 -85.745  38.263 -85.731  0.932
1 15  14.0 38.258 -85.745  38.263 -85.731  1.118
6 14  25.0 38.225 -85.742  38.199 -85.733  1.91
3 7  5.0 38.215 -85.743  38.211 -85.732  0.65
1 1  5.0 38.214 -85.742  38.212 -85.733  0.72
1 12  4.0 38.217 -85.741  38.21 -85.734  0.64
3 12  7.0 38.215 -85.744  38.212 -85.731  1.14
2 13  24.0 38.215 -85.744  38.212 -85.731  2.37
7 8  45.0 38.211 -85.744  38.216 -85.731  1.02
7 21  24.0 38.215 -85.743  38.213 -85.732  1.15
7 21  35.0 38.219 -85.743  38.21 -85.732  1.0
4 18  23.0 38.214 -85.742  38.219 -85.733  2.33
6 16  14.0 38.216 -85.742  38.218 -85.733  1.06
4 14  54.0 38.218 -85.741  38.217 -85.734  4.95
5 19  6.0 38.22 -85.742  38.218 -85.733  0.69
1 14  8.0 38.235 -85.744  38.214 -85.731  1.73
2 12  18.0 38.234 -85.744  38.271 -85.731  2.92
6 23  52.0 38.252 -85.74  38.262 -85.735  2.485
7 18  12.0 38.257 -85.74  38.261 -85.735  0.82
7 0  5.0 38.257 -85.74  38.262 -85.735  0.48
7 0  6.0 38.257 -85.74  38.262 -85.735  0.46
6 21  13.0 38.257 -85.741  38.262 -85.734  0.6
1 11  47.0 38.255 -85.744  38.264 -85.731  4.66
6 10  3.0 38.259 -85.743  38.261 -85.732  0.4
7 19  9.0 38.257 -85.744  38.263 -85.731  0.77
1 1  5.0 38.211 -85.741  38.211 -85.733  0.72
1 11  18.0 38.223 -85.74  38.199 -85.734  2.48
4 9  6.0 38.212 -85.743  38.212 -85.731  1.09
6 7  14.0 38.214 -85.743  38.212 -85.731  1.5
6 14  27.0 38.227 -85.741  38.199 -85.733  1.94
6 11  13.0 38.212 -85.742  38.218 -85.732  1.73
1 11  3.0 38.219 -85.739  38.219 -85.735  0.27
1 14  14.0 38.248 -85.74  38.263 -85.734  1.66
1 10  7.0 38.251 -85.74  38.261 -85.734  0.96
7 14  13.0 38.252 -85.739  38.262 -85.735  1.118
2 17  31.0 38.254 -85.743  38.262 -85.731  2.55
7 11  12.0 38.254 -85.743  38.263 -85.731  1.305
4 18  24.0 38.254 -85.74  38.263 -85.734  3.542
7 14  7.0 38.255 -85.742  38.263 -85.732  0.86
2 15  9.0 38.256 -85.741  38.263 -85.733  0.96
4 0  44.0 38.255 -85.74  38.264 -85.734  2.91
1 15  49.0 38.257 -85.739  38.262 -85.735  2.32
7 15  7.0 38.257 -85.741  38.263 -85.733  0.88
1 10  11.0 38.257 -85.742  38.264 -85.732  1.05
7 19  12.0 38.257 -85.743  38.264 -85.731  1.28
7 13  13.0 38.216 -85.741  38.204 -85.732  0.77
1 11  19.0 38.223 -85.739  38.199 -85.734  2.27
3 15  11.0 38.214 -85.738  38.21 -85.735  0.69
5 12  8.0 38.214 -85.742  38.212 -85.731  1.25
5 12  18.0 38.214 -85.742  38.212 -85.731  1.66
6 18  6.0 38.217 -85.741  38.213 -85.732  0.87
7 11  13.0 38.22 -85.741  38.21 -85.732  0.93
6 16  30.0 38.216 -85.741  38.215 -85.732  2.37
3 7  26.0 38.214 -85.742  38.219 -85.731  1.35
1 11  8.0 38.217 -85.739  38.218 -85.734  0.86
6 20  42.0 38.216 -85.738  38.219 -85.735  4.62
7 21  12.0 38.225 -85.739  38.212 -85.734  1.65
2 12  9.0 38.219 -85.738  38.219 -85.735  0.53
6 8  9.0 38.224 -85.738  38.216 -85.735  1.14
7 7  20.0 38.252 -85.738  38.261 -85.735  2.03
7 9  14.0 38.251 -85.738  38.263 -85.735  2.31
6 21  10.0 38.253 -85.738  38.262 -85.735  1.44
1 14  13.0 38.253 -85.739  38.262 -85.734  0.68
7 21  27.0 38.254 -85.742  38.263 -85.731  1.926
4 15  33.0 38.254 -85.738  38.264 -85.735  1.926
5 18  5.0 38.257 -85.739  38.262 -85.734  0.31
1 8  27.0 38.256 -85.739  38.263 -85.734  0.684
7 7  11.0 38.258 -85.739  38.263 -85.734  0.94
7 17  12.0 38.258 -85.739  38.263 -85.734  0.71
5 19  19.0 38.209 -85.738  38.211 -85.734  0.3
5 13  5.0 38.212 -85.739  38.217 -85.733  0.45
4 21  8.0 38.217 -85.741  38.212 -85.731  0.77
6 21  3.0 38.224 -85.737  38.219 -85.735  0.46
3 8  7.0 38.234 -85.737  38.215 -85.735  1.11
1 12  21.0 38.253 -85.739  38.201 -85.733  3.77
7 19  14.0 38.252 -85.739  38.261 -85.733  1.491
1 17  25.0 38.251 -85.74  38.264 -85.732  1.45
7 16  6.0 38.253 -85.738  38.263 -85.734  1.01
1 11  8.0 38.253 -85.738  38.263 -85.734  0.82
7 20  34.0 38.253 -85.738  38.263 -85.734  0.746
7 11  13.0 38.256 -85.737  38.262 -85.735  0.44
1 15  49.0 38.256 -85.737  38.263 -85.735  1.89
7 15  14.0 38.258 -85.74  38.263 -85.732  1.12
4 20  14.0 38.259 -85.738  38.262 -85.734  1.429
7 5  6.0 38.205 -85.738  38.215 -85.733  0.77
7 12  22.0 38.22 -85.738  38.2 -85.733  1.72
7 17  6.0 38.216 -85.736  38.211 -85.735  0.59
4 21  4.0 38.211 -85.74  38.217 -85.731  0.53
6 13  19.0 38.218 -85.736  38.218 -85.735  2.87
3 7  25.0 38.217 -85.74  38.219 -85.731  1.27
7 8  3.0 38.221 -85.737  38.217 -85.734  0.3
7 9  27.0 38.219 -85.736  38.219 -85.735  3.8
1 12  13.0 38.237 -85.737  38.262 -85.734  1.717
6 14  25.0 38.233 -85.74  38.277 -85.731  4.17
2 14  10.0 38.249 -85.736  38.263 -85.735  1.03
6 15  10.0 38.25 -85.74  38.263 -85.731  1.86
3 17  28.0 38.251 -85.737  38.263 -85.734  2.9
7 14  16.0 38.253 -85.738  38.264 -85.733  1.43
7 14  16.0 38.253 -85.738  38.264 -85.733  1.43
7 15  7.0 38.254 -85.74  38.264 -85.731  1.2
5 17  44.0 38.255 -85.736  38.264 -85.735  2.61
5 22  4.0 38.26 -85.737  38.261 -85.734  0.16
6 21  10.0 38.218 -85.735  38.203 -85.735  1.32
6 21  12.0 38.203 -85.735  38.218 -85.735  1.24
6 20  48.0 38.215 -85.739  38.208 -85.731  2.84
2 13  3.0 38.211 -85.739  38.214 -85.731  0.28
5 1  11.0 38.215 -85.735  38.215 -85.735  1.73
7 8  13.0 38.216 -85.735  38.216 -85.735  0.32
6 19  19.0 38.218 -85.736  38.214 -85.734  1.93
7 18  25.0 38.216 -85.735  38.216 -85.735  1.8
7 14  2.0 38.216 -85.737  38.217 -85.733  0.29
6 17  8.0 38.215 -85.738  38.219 -85.732  0.44
3 7  43.0 38.222 -85.738  38.215 -85.732  1.5
2 8  3.0 38.222 -85.737  38.217 -85.733  0.38
7 10  46.0 38.235 -85.736  38.217 -85.734  2.42
2 14  23.0 38.252 -85.738  38.201 -85.732  4.4
4 14  38.0 38.263 -85.739  38.218 -85.731  4.34
7 14  32.0 38.251 -85.737  38.261 -85.733  2.04
1 17  21.0 38.251 -85.738  38.264 -85.732  1.77
1 17  11.0 38.253 -85.738  38.263 -85.732  1.25
3 21  21.0 38.255 -85.735  38.261 -85.735  3.355
1 10  40.0 38.253 -85.736  38.263 -85.734  4.28
1 10  45.0 38.253 -85.736  38.263 -85.734  1.48
7 15  10.0 38.255 -85.735  38.263 -85.735