2 10  11.0 38.255 -85.772  38.251 -85.735  2.29
2 9  13.0 38.252 -85.771  38.25 -85.735  2.15
7 12  44.0 38.208 -85.766  38.248 -85.734  4.52
7 12  13.0 38.235 -85.765  38.248 -85.735  2.31
5 11  37.0 38.257 -85.764  38.251 -85.735  3.5
3 14  12.0 38.252 -85.765  38.25 -85.733  1.926
7 6  11.0 38.253 -85.763  38.25 -85.735  1.67
3 13  12.0 38.255 -85.764  38.249 -85.734  1.63
1 13  19.0 38.253 -85.764  38.251 -85.734  2.73
4 11  15.0 38.255 -85.763  38.251 -85.735  1.56
7 13  18.0 38.257 -85.763  38.25 -85.735  0.249
7 13  18.0 38.257 -85.763  38.25 -85.735  2.051
7 13  18.0 38.257 -85.763  38.25 -85.735  2.113
3 12  12.0 38.259 -85.763  38.25 -85.735  1.69
6 12  16.0 38.251 -85.762  38.247 -85.735  1.96
3 18  39.0 38.257 -85.762  38.25 -85.735  2.34
3 18  39.0 38.257 -85.762  38.25 -85.735  2.38
3 18  39.0 38.257 -85.762  38.25 -85.735  2.46
6 11  9.0 38.257 -85.762  38.251 -85.735  1.73
1 10  14.0 38.26 -85.762  38.25 -85.735  1.88
7 17  37.0 38.217 -85.763  38.251 -85.733  3.977
6 22  12.0 38.246 -85.761  38.25 -85.735  1.491
1 18  16.0 38.253 -85.761  38.248 -85.735  1.69
7 20  24.0 38.257 -85.763  38.25 -85.733  2.051
3 18  39.0 38.258 -85.761  38.25 -85.735  2.35
7 6  22.0 38.232 -85.761  38.25 -85.734  3.21
4 11  9.0 38.249 -85.76  38.247 -85.735  1.26
4 10  36.0 38.249 -85.762  38.247 -85.733  2.8
5 19  24.0 38.252 -85.762  38.248 -85.733  0.249
3 10  21.0 38.255 -85.761  38.25 -85.734  1.62
3 12  12.0 38.257 -85.76  38.25 -85.735  1.67
2 19  19.0 38.256 -85.76  38.251 -85.735  1.678
2 16  13.0 38.254 -85.759  38.247 -85.735  1.71
7 8  19.0 38.252 -85.761  38.251 -85.733  0.808
6 17  25.0 38.256 -85.763  38.248 -85.731  1.243
5 14  14.0 38.255 -85.759  38.25 -85.735  1.677
6 17  25.0 38.257 -85.763  38.248 -85.731  1.429
6 16  15.0 38.258 -85.759  38.248 -85.735  1.82
7 12  20.0 38.221 -85.76  38.251 -85.733  3.24
4 17  9.0 38.246 -85.758  38.248 -85.735  1.7
3 14  13.0 38.248 -85.758  38.249 -85.735  1.243
7 16  15.0 38.249 -85.758  38.248 -85.735  0.684
5 15  21.0 38.246 -85.758  38.251 -85.735  2.15
5 21  38.0 38.248 -85.759  38.249 -85.734  4.28
5 21  19.0 38.251 -85.758  38.25 -85.735  2.051
7 15  21.0 38.25 -85.758  38.251 -85.735  1.55
4 16  29.0 38.254 -85.758  38.247 -85.735  1.74
6 14  25.0 38.257 -85.762  38.248 -85.731  2.48
2 15  14.0 38.257 -85.759  38.249 -85.734  1.8
2 15  14.0 38.257 -85.759  38.249 -85.734  1.83
5 14  18.0 38.257 -85.762  38.249 -85.731  0.497
3 12  22.0 38.256 -85.758  38.25 -85.735  2.07
7 13  12.0 38.257 -85.758  38.25 -85.735  0.249
1 14  13.0 38.258 -85.762  38.251 -85.731  2.07
7 12  20.0 38.22 -85.759  38.251 -85.733  3.25
7 8  9.0 38.246 -85.757  38.248 -85.735  1.75
1 15  11.0 38.246 -85.757  38.249 -85.735  1.52
2 15  19.0 38.253 -85.757  38.249 -85.735  2.113
7 16  21.0 38.253 -85.757  38.249 -85.735  1.864
7 16  21.0 38.253 -85.757  38.249 -85.735  2.299
2 16  6.0 38.252 -85.757  38.251 -85.735  1.26
6 16  8.0 38.253 -85.758  38.25 -85.734  1.31
7 21  9.0 38.253 -85.757  38.25 -85.735  1.273
6 14  11.0 38.255 -85.758  38.25 -85.734  1.6
1 10  15.0 38.258 -85.76  38.25 -85.732  5.03
2 19  18.0 38.257 -85.757  38.251 -85.735  1.979
4 13  18.0 38.258 -85.761  38.25 -85.731  1.99
7 14  46.0 38.201 -85.756  38.248 -85.735  3.95
7 16  13.0 38.248 -85.757  38.248 -85.734  1.92
4 18  27.0 38.249 -85.757  38.249 -85.734  1.41
6 16  27.0 38.252 -85.76  38.249 -85.731  3.06
6 16  11.0 38.256 -85.759  38.249 -85.732  1.883
2 16  11.0 38.255 -85.758  38.251 -85.733  1.55
7 11  21.0 38.256 -85.76  38.25 -85.731  1.74
5 14  15.0 38.256 -85.757  38.251 -85.734  2.16
5 15  21.0 38.242 -85.755  38.251 -85.735  3.11
1 10  11.0 38.25 -85.756  38.247 -85.734  1.44
3 15  15.0 38.251 -85.756  38.248 -85.734  1.429
4 17  12.0 38.251 -85.758  38.249 -85.732  1.988
7 16  21.0 38.252 -85.756  38.248 -85.734  1.864
3 16  10.0 38.253 -85.755  38.248 -85.735  1.53
1 15  12.0 38.252 -85.755  38.249 -85.735  1.6
1 22  6.0 38.252 -85.756  38.251 -85.734  1.367
3 16  12.0 38.255 -85.759  38.248 -85.731  1.86
7 15  30.0 38.252 -85.756  38.251 -85.734  2.051
7 10  10.0 38.254 -85.758  38.25 -85.732  1.43
5 13  12.0 38.253 -85.757  38.251 -85.733  2.051
7 13  14.0 38.256 -85.759  38.248 -85.731  1.89
6 12  22.0 38.253 -85.757  38.251 -85.733  1.32
3 15  11.0 38.255 -85.758  38.25 -85.732  1.68
7 20  13.0 38.256 -85.756  38.249 -85.734  1.926
1 10  16.0 38.256 -85.759  38.249 -85.731  2.13
4 8  8.0 38.255 -85.756  38.251 -85.734  1.36
4 13  12.0 38.255 -85.757  38.251 -85.733  1.54
3 10  12.0 38.255 -85.757  38.251 -85.733  1.62
3 15  22.0 38.258 -85.757  38.251 -85.733  1.802
7 15  17.0 38.234 -85.755  38.25 -85.734  0.373
7 19  17.0 38.243 -85.756  38.249 -85.733  2.175
2 17  9.0 38.248 -85.754  38.248 -85.735  1.18
1 23  18.0 38.249 -85.758  38.248 -85.731  2.796
4 11  27.0 38.247 -85.754  38.25 -85.735  1.51
6 14  13.0 38.25 -85.758  38.248 -85.731  2.11
7 23  17.0 38.248 -85.757  38.25 -85.732  1.988
6 11  11.0 38.251 -85.754  38.248 -85.735  1.4
7 14  10.0 38.253 -85.755  38.247 -85.734  2.05
2 15  16.0 38.252 -85.758  38.248 -85.731  2.361
7 8  19.0 38.249 -85.757  38.251 -85.732  2.299
5 12  8.0 38.252 -85.754  38.249 -85.735  1.118
2 12  10.0 38.251 -85.755  38.25 -85.734  1.23
7 10  13.0 38.25 -85.754  38.251 -85.735  1.864
1 21  15.0 38.253 -85.758  38.248 -85.731  2.485
2 10  11.0 38.254 -85.757  38.248 -85.732  1.71
1 11  19.0 38.254 -85.754  38.248 -85.735  1.43
6 11  9.0 38.254 -85.754  38.249 -85.735  1.07
3 10  9.0 38.252 -85.756  38.251 -85.733  1.52
3 11  13.0 38.253 -85.757  38.25 -85.732  1.8
6 20  14.0 38.253 -85.757  38.25 -85.732  1.925
1 10  11.0 38.254 -85.754  38.25 -85.735  1.32
3 18  12.0 38.254 -85.756  38.25 -85.733  1.802
3 12  17.0 38.253 -85.754  38.251 -85.735  1.44
7 18  15.0 38.255 -85.756  38.251 -85.733  1.367
6 16  11.0 38.257 -85.754  38.25 -85.735  1.3
3 15  24.0 38.26 -85.756  38.251 -85.733  1.802
2 20  24.0 38.204 -85.753  38.248 -85.735  2.485
6 13  18.0 38.244 -85.757  38.248 -85.731  1.8
6 11  11.0 38.247 -85.754  38.249 -85.734  1.243
1 11  48.0 38.248 -85.753  38.249 -85.735  1.45
5 17  10.0 38.25 -85.757  38.248 -85.731  1.37
4 17  18.0 38.25 -85.757  38.248 -85.731  1.62
7 22  17.0 38.253 -85.757  38.248 -85.731  2.361
6 18  19.0 38.253 -85.757  38.248 -85.731  1.53
1 22  20.0 38.253 -85.757  38.248 -85.731  3.48
1 16  22.0 38.253 -85.757  38.248 -85.731  2.17
1 16  22.0 38.253 -85.757  38.248 -85.731  2.42
2 20  23.0 38.253 -85.757  38.248 -85.731  2.04
7 16  8.0 38.252 -85.753  38.25 -85.735  1.04
7 16  9.0 38.251 -85.754  38.251 -85.734  1.03
2 23  8.0 38.252 -85.754  38.251 -85.734  1.233
4 12  13.0 38.252 -85.757  38.251 -85.731  1.55
2 12  7.0 38.256 -85.754  38.249 -85.734  1.45
3 15  10.0 38.254 -85.754  38.251 -85.734  1.19
6 12  13.0 38.254 -85.756  38.251 -85.732  1.988
6 21  13.0 38.256 -85.756  38.25 -85.732  1.84
2 13  29.0 38.256 -85.754  38.25 -85.734  1.74
2 12  21.0 38.257 -85.755  38.25 -85.733  1.802
4 12  18.0 38.221 -85.755  38.25 -85.732  3.11
4 8  12.0 38.23 -85.754  38.251 -85.733  2.61
7 9  39.0 38.244 -85.755  38.248 -85.732  1.553
3 10  9.0 38.243 -85.755  38.25 -85.732  1.53
1 1  37.0 38.245 -85.755  38.251 -85.732  2.27
4 13  9.0 38.25 -85.755  38.248 -85.732  1.68
7 15  19.0 38.249 -85.752  38.25 -85.735  1.226
3 9  39.0 38.249 -85.754  38.25 -85.733  1.67
6 13  16.0 38.25 -85.755  38.251 -85.732  1.367
5 16  16.0 38.253 -85.756  38.249 -85.731  1.74
7 22  17.0 38.252 -85.756  38.25 -85.731  3.045
7 16  23.0 38.255 -85.754  38.247 -85.733  1.439
2 6  10.0 38.254 -85.756  38.249 -85.731  1.43
7 15  13.0 38.256 -85.752  38.248 -85.735  1.51
3 15  17.0 38.257 -85.756  38.248 -85.731  2.983
1 14  19.0 38.256 -85.752  38.25 -85.735  0.994
1 7  9.0 38.256 -85.753  38.251 -85.734  1.03
2 8  11.0 38.258 -85.755  38.251 -85.732  1.58
4 12  16.0 38.218 -85.754  38.249 -85.732  2.58
6 22  14.0 38.235 -85.755  38.247 -85.731  2.531
6 7  38.0 38.232 -85.753  38.251 -85.733  2.45
4 17  17.0 38.233 -85.754  38.251 -85.732  2.49
2 12  11.0 38.245 -85.754  38.248 -85.732  1.33
3 22  14.0 38.246 -85.754  38.25 -85.732  1.59
1 18  16.0 38.252 -85.755  38.248 -85.731  1.67
7 9  44.0 38.25 -85.754  38.25 -85.732  2.299
3 13  17.0 38.252 -85.754  38.249 -85.732  1.27
4 11  5.0 38.253 -85.751  38.249 -85.735  1.11
2 6  9.0 38.253 -85.751  38.249 -85.735  1.3
6 11  9.0 38.251 -85.751  38.251 -85.735  1.49
1 13  6.0 38.254 -85.751  38.249 -85.735  1.1
5 15  17.0 38.254 -85.755  38.249 -85.731  1.8
5 23  11.0 38.253 -85.752  38.251 -85.734  0.87
5 12  11.0 38.253 -85.752  38.251 -85.734  1.25
2 23  14.0 38.253 -85.751  38.251 -85.735  1.181
6 22  8.0 38.256 -85.752  38.249 -85.734  1.4
1 12  11.0 38.255 -85.755  38.25 -85.731  1.41
5 19  11.0 38.256 -85.755  38.249 -85.731  1.52
3 6  9.0 38.255 -85.753  38.251 -85.733  1.43
2 12  21.0 38.257 -85.753  38.25 -85.733  1.926
1 12  15.0 38.257 -85.754  38.251 -85.732  1.31
1 14  26.0 38.259 -85.755  38.25 -85.731  1.99
6 16  15.0 38.236 -85.754  38.249 -85.731  2.44
6 18  8.0 38.25 -85.752  38.248 -85.733  1.19
5 18  8.0 38.25 -85.751  38.249 -85.734  1.06
3 15  24.0 38.25 -85.753  38.249 -85.732  1.616
1 7  11.0 38.25 -85.753  38.251 -85.732  1.54
5 11  5.0 38.254 -85.75  38.249 -85.735  1.09
5 13  6.0 38.254 -85.75  38.249 -85.735  1.11
6 12  6.0 38.254 -85.75  38.249 -85.735  1.12
7 8  13.0 38.253 -85.754  38.25 -85.731  1.54
6 13  15.0 38.252 -85.752  38.251 -85.733  0.373
6 15  12.0 38.255 -85.754  38.249 -85.731  2.05
3 12  6.0 38.255 -85.75  38.25 -85.735  1.12
3 13  8.0 38.255 -85.751  38.25 -85.734  0.86
7 20  13.0 38.254 -85.752  38.251 -85.733  1.118
2 11  19.0 38.256 -85.75  38.249 -85.735  0.062
4 20  28.0 38.254 -85.752  38.251 -85.733  2.33
7 13  31.0 38.255 -85.75  38.251 -85.735  2.28
1 3  12.0 38.257 -85.751  38.25 -85.734  1.23
7 16  13.0 38.256 -85.752  38.251 -85.733  1.34
7 9  46.0 38.256 -85.752  38.251 -85.733  1.55
6 13  8.0 38.257 -85.752  38.251 -85.733  1.07
3 8  12.0 38.229 -85.753  38.249 -85.731  2.02
5 15  14.0 38.227 -85.75  38.251 -85.734  2.43
3 12  16.0 38.236 -85.753  38.248 -85.731  2.69
7 12  14.0 38.241 -85.753  38.247 -85.731  1.74
7 14  25.0 38.252 -85.75  38.248 -85.734  2.57
4 15  7.0 38.252 -85.749  38.249 -85.735  1.13
5 21  44.0 38.252 -85.753  38.249 -85.731  4.16
2 20  9.0 38.254 -85.75  38.248 -85.734  1.305
3 23  5.0 38.252 -85.749  38.251 -85.735  0.932
1 12  5.0 38.254 -85.75  38.249 -85.734  1.1
4 18  7.0 38.254 -85.749  38.249 -85.735  1.05
6 21  12.0 38.253 -85.752  38.25 -85.732  0.621
7 18  13.0 38.254 -85.753  38.249 -85.731  1.553
7 5  16.0 38.256 -85.753  38.247 -85.731  1.5
6 22  8.0 38.256 -85.75  38.249 -85.734  1.37
7 15  15.0 38.255 -85.752  38.25 -85.732  1.553
2 16  12.0 38.255 -85.753  38.251 -85.731  1.305
7 20  26.0 38.257 -85.753  38.249 -85.731  1.491
2 12  52.0 38.255 -85.751  38.251 -85.733  1.52
2 22  20.0 38.259 -85.753  38.248 -85.731  2.27
5 16  22.0 38.256 -85.752  38.251 -85.732  1.12
1 12  17.0 38.257 -85.753  38.251 -85.731  1.49
7 11  12.0 38.259 -85.752  38.251 -85.732  1.48
4 22  12.0 38.23 -85.752  38.247 -85.731  2.361
7 11  13.0 38.233 -85.748  38.25 -85.735  1.98
4 12  12.0 38.247 -85.75  38.249 -85.733  1.23
2 17  15.0 38.25 -85.752  38.248 -85.731  1.81
3 15  9.0 38.251 -85.752  38.248 -85.731  0.124
2 5  5.0 38.251 -85.751  38.25 -85.732  0.6
7 9  10.0 38.253 -85.748  38.249 -85.735  0.94
5 15  12.0 38.253 -85.752  38.249 -85.731  1.72
3 18  16.0 38.256 -85.752  38.247 -85.731  2.113
3 15  23.0 38.253 -85.751  38.25 -85.732  1.367
3 15  26.0 38.253 -85.751  38.25 -85.732  1.616
2 17  16.0 38.256 -85.752  38.249 -85.731  1.72
7 18  9.0 38.256 -85.751  38.25 -85.732  1.34
6 19  9.0 38.257 -85.752  38.249 -85.731  1.598
5 23  11.0 38.256 -85.751  38.25 -85.732  1.367
7 18  16.0 38.257 -85.752  38.249 -85.731  0.186
3 21  21.0 38.257 -85.752  38.249 -85.731  2.051
2 13  12.0 38.257 -85.752  38.25 -85.731  1.55
5 21  18.0 38.259 -85.751  38.248 -85.732  2.051
7 15  9.0 38.258 -85.75  38.25 -85.733  1.36
5 22  11.0 38.237 -85.747  38.248 -85.735  1.37
1 11  12.0 38.246 -85.751  38.251 -85.731  1.49
7 9  44.0 38.247 -85.75  38.25 -85.732  1.74
6 16  23.0 38.249 -85.749  38.25 -85.733  1.678
3 20  32.0 38.248 -85.747  38.251 -85.735  3.56
2 5  6.0 38.25 -85.747  38.251 -85.735  1.21
6 19  10.0 38.253 -85.747  38.249 -85.735  0.87
7 19  20.0 38.253 -85.751  38.249 -85.731  2.09
1 22  6.0 38.253 -85.749  38.25 -85.733  0.98
2 17  9.0 38.254 -85.749  38.251 -85.733  1.01
6 12  13.0 38.258 -85.75  38.25 -85.732  1.28
2 13  24.0 38.229 -85.748  38.248 -85.733  2.6
4 18  18.0 38.243 -85.746  38.249 -85.735  2.39
1 13  4.0 38.248 -85.747  38.247 -85.734  0.65
4 17  21.0 38.249 -85.747  38.25 -85.734  3.48
6 9  26.0 38.25 -85.746  38.249 -85.735  4.3
2 15  9.0 38.253 -85.746  38.25 -85.735  1.056
5 12  11.0 38.254 -85.746  38.249 -85.735  0.89
4 19  11.0 38.253 -85.748  38.25 -85.733  1.68
1 12  31.0 38.255 -85.748  38.249 -85.733  3.11
4 17  20.0 38.255 -85.746  38.25 -85.735  1.988
7 24  11.0 38.243 -85.746  38.249 -85.734  1.491
5 14  7.0 38.248 -85.748  38.25 -85.732  0.88
6 8  11.0 38.247 -85.747  38.251 -85.733  1.16
3 22  6.0 38.248 -85.746  38.251 -85.734  0.98
6 8  8.0 38.252 -85.749  38.249 -85.731  1.31
6 16  31.0 38.253 -85.749  38.248 -85.731  0.621
4 16  7.0 38.253 -85.748  38.249 -85.732  1.18
3 16  9.0 38.253 -85.747  38.249 -85.733  1.02
7 21  26.0 38.252 -85.748  38.25 -85.732  3.293
1 5  11.0 38.255 -85.749  38.248 -85.731  1.29
7 16  30.0 38.254 -85.749  38.25 -85.731  2.57
7 14  17.0 38.257 -85.749  38.25 -85.731  1.864
5 15  12.0 38.258 -85.745  38.25 -85.735  0.95
5 15  12.0 38.258 -85.745  38.25 -85.735  1.19
7 19  12.0 38.258 -85.745  38.25 -85.735  1.243
4 16  18.0 38.258 -85.748  38.25 -85.732  0.932
6 17  32.0 38.258 -85.745  38.25 -85.735  1.44
7 8  15.0 38.217 -85.746  38.251 -85.733  2.78
6 11  9.0 38.251 -85.748  38.248 -85.731  1.52
3 17  5.0 38.252 -85.744  38.248 -85.735  0.684
7 13  8.0 38.249 -85.747  38.251 -85.732  0.806
6 15  8.0 38.253 -85.744  38.249 -85.735  0.746
5 19  12.0 38.255 -85.746  38.247 -85.733  1.48
7 16  33.0 38.253 -85.745  38.249 -85.734  2.8
7 14  4.0 38.253 -85.746  38.25 -85.733  0.51
3 13  5.0 38.254 -85.745  38.249 -85.734  0.87
5 12  11.0 38.255 -85.744  38.249 -85.735  0.98
4 22  23.0 38.254 -85.744  38.25 -85.735  2.734
4 10  3.0 38.255 -85.744  38.251 -85.735  0.32
6 20  14.0 38.257 -85.746  38.251 -85.733  1.96
4 16  21.0 38.215 -85.746  38.247 -85.732  2.57
6 16  14.0 38.236 -85.746  38.251 -85.732  1.89
3 11  8.0 38.245 -85.745  38.251 -85.733  1.1
4 16  17.0 38.25 -85.747  38.247 -85.731  1.1
7 10  3.0 38.25 -85.744  38.249 -85.734  0.69
7 13  7.0 38.251 -85.745  38.248 -85.733  0.89
5 16  8.0 38.253 -85.747  38.249 -85.731  1.118
7 14  9.0 38.252 -85.744  38.25 -85.734  0.497
6 21  12.0 38.252 -85.747  38.25 -85.731  0.756
2 7  15.0 38.252 -85.746  38.25 -85.732  3.231
3 20  8.0 38.255 -85.747  38.249 -85.731  1.31
2 9  11.0 38.254 -85.747  38.25 -85.731  0.9
7 20  17.0 38.256 -85.743  38.25 -85.735  1.54
4 10  5.0 38.258 -85.743  38.25 -85.735  1.11
3 17  26.0 38.258 -85.745  38.251 -85.733  1.93
3 15  33.0 38.258 -85.745  38.251 -85.733  1.73
7 14  25.0 38.223 -85.744  38.251 -85.733  2.08
2 13  8.0 38.247 -85.746  38.249 -85.731  1.62
3 18  7.0 38.251 -85.746  38.248 -85.731  1.074
5 11  6.0 38.249 -85.743  38.251 -85.734  0.614
7 17  41.0 38.253 -85.744  38.247 -85.733  3.0
7 13  27.0 38.255 -85.742  38.247 -85.735  1.94
6 16  31.0 38.254 -85.746  38.248 -85.731  2.237
5 15  32.0 38.252 -85.742  38.251 -85.735  4.19
6 11  6.0 38.253 -85.742  38.251 -85.735  0.594
2 18  8.0 38.254 -85.745  38.25 -85.732  0.99
1 14  15.0 38.255 -85.745  38.249 -85.732  1.13
2 17  11.0 38.255 -85.745  38.25 -85.732  1.056
2 17  14.0 38.255 -85.745  38.25 -85.732  1.056
7 10  14.0 38.255 -85.745  38.25 -85.732  2.299
6 16  18.0 38.255 -85.744  38.25 -85.733  1.491
3 15  9.0 38.255 -85.744  38.251 -85.733  1.05
6 15  17.0 38.255 -85.744  38.251 -85.733  1.553
7 14  26.0 38.224 -85.743  38.251 -85.733  2.06
1 18  29.0 38.23 -85.741  38.249 -85.735  1.553
1 12  17.0 38.247 -85.742  38.25 -85.734  0.56
7 10  19.0 38.25 -85.744  38.25 -85.732  0.994
5 10  5.0 38.251 -85.742  38.25 -85.734  0.49
1 15  16.0 38.253 -85.741  38.249 -85.735  0.746
3 18  6.0 38.254 -85.745  38.249 -85.731  0.893
3 18  15.0 38.254 -85.744  38.25 -85.732  0.91
6 19  17.0 38.253 -85.741  38.251 -85.735  2.37
4 18  13.0 38.255 -85.744  38.25 -85.732  1.11
5 18  47.0 38.256 -85.742  38.249 -85.734  4.87
5 17  10.0 38.258 -85.745  38.248 -85.731  1.39
1 19  14.0 38.258 -85.744  38.248 -85.732  1.28
6 20  17.0 38.256 -85.742  38.25 -85.734  2.423
6 16  14.0 38.257 -85.744  38.25 -85.732  0.994
6 15  16.0 38.213 -85.74  38.25 -85.735  2.36
3 18  8.0 38.237 -85.743  38.25 -85.732  1.39
4 15  10.0 38.246 -85.741  38.25 -85.734  0.66
5 20  5.0 38.25 -85.744  38.247 -85.731  0.89
5 8  7.0 38.25 -85.741  38.248 -85.734  0.559
4 19  9.0 38.251 -85.744  38.247 -85.731  1.23
6 18  4.0 38.252 -85.74  38.25 -85.735  0.52
6 18  8.0 38.253 -85.74  38.249 -85.735  1.14
5 11  6.0 38.254 -85.743  38.249 -85.732  0.702
5 19  7.0 38.253 -85.74  38.25 -85.735  0.47
5 15  11.0 38.255 -85.744  38.248 -85.731  1.26
6 16  16.0 38.255 -85.744  38.248 -85.731  0.497
1 9  26.0 38.255 -85.744  38.248 -85.731  1.29
1 14  5.0 38.255 -85.74  38.249 -85.735  0.56
1 11  6.0 38.256 -85.742  38.248 -85.733  1.09
4 12  8.0 38.254 -85.743  38.25 -85.732  0.808
7 17  10.0 38.255 -85.744  38.249 -85.731  1.89
6 21  13.0 38.255 -85.744  38.249 -85.731  0.124
4 18  19.0 38.255 -85.743  38.249 -85.732  0.43
6 18  23.0 38.253 -85.741  38.251 -85.734  4.13
2 17  7.0 38.254 -85.742  38.251 -85.733  0.684
1 10  9.0 38.257 -85.744  38.248 -85.731  1.28
7 18  15.0 38.255 -85.742  38.251 -85.733  1.59
7 10  7.0 38.256 -85.742  38.251 -85.733  0.69
7 21  14.0 38.258 -85.744  38.249 -85.731  0.124
6 16  15.0 38.256 -85.743  38.251 -85.732  1.429
4 20  16.0 38.258 -85.743  38.25 -85.732  1.243
4 20  20.0 38.257 -85.74  38.251 -85.735  3.169
1 10  29.0 38.258 -85.741  38.251 -85.734  3.07
7 8  17.0 38.213 -85.741  38.251 -85.733  2.74
3 10  24.0 38.229 -85.741  38.251 -85.733  3.23
3 17  9.0 38.238 -85.739  38.249 -85.735  1.7
5 10  4.0 38.248 -85.742  38.248 -85.732  0.5
4 16  5.0 38.25 -85.739  38.249 -85.735  0.36
1 14  6.0 38.251 -85.742  38.248 -85.732  0.69
7 11  12.0 38.252 -85.739  38.247 -85.735  0.435
7 23  13.0 38.25 -85.74  38.249 -85.734  0.435
5 19  13.0 38.252 -85.74  38.248 -85.734  2.237
7 21  14.0 38.251 -85.743  38.249 -85.731  0.684
3 19  36.0 38.249 -85.741  38.251 -85.733  2.79
7 9  6.0 38.251 -85.739  38.25 -85.735  0.308
5 18  3.0 38.252 -85.739  38.25 -85.735  0.43
6 17  7.0 38.253 -85.739  38.249 -85.735  0.559
5 22  8.0 38.253 -85.743  38.249 -85.731  0.932
6 11  13.0 38.255 -85.743  38.247 -85.731  1.35
7 18  27.0 38.253 -85.743  38.249 -85.731  1.802
5 19  6.0 38.253 -85.739  38.25 -85.735  0.48
3 20  8.0 38.255 -85.742  38.248 -85.732  1.22
2 15  15.0 38.254 -85.743  38.249 -85.731  0.186
5 18  18.0 38.253 -85.74  38.25 -85.734  2.485
7 9  20.0 38.253 -85.741  38.25 -85.733  1.68
6 18  8.0 38.254 -85.742  38.25 -85.732  0.93
1 21  26.0 38.256 -85.739  38.251 -85.735  2.26
2 10  38.0 38.26 -85.739  38.249 -85.735  4.21
1 12  20.0 38.267 -85.74  38.251 -85.734  2.36
7 18  4.0 38.248 -85.738  38.248 -85.735  0.205
2 11  2.0 38.248 -85.738  38.249 -85.735  0.24
7 20  11.0 38.248 -85.739  38.249 -85.734  1.06
7 17  7.0 38.252 -85.742  38.247 -85.731  1.47
7 6  3.0 38.252 -85.738  38.248 -85.735  0.47
7 9  20.0 38.252 -85.74  38.248 -85.733  1.55
4 19  28.0 38.253 -85.742  38.248 -85.731  1.43
3 2  3.0 38.253 -85.738  38.249 -85.735  0.3
4 17  4.0 38.253 -85.738  38.249 -85.735  0.36
4 20  4.0 38.253 -85.738  38.249 -85.735  0.38
7 20  4.0 38.253 -85.738  38.249 -85.735  0.39
3 5  4.0 38.253 -85.738  38.249 -85.735  0.41
3 1  5.0 38.253 -85.738  38.249 -85.735  0.51
6 20  5.0 38.253 -85.739  38.249 -85.734  0.621
1 14  6.0 38.253 -85.74  38.249 -85.733  0.373
5 14  6.0 38.253 -85.738  38.249 -85.735  0.47
7 14  9.0 38.253 -85.742  38.249 -85.731  0.744
5 14  16.0 38.253 -85.738  38.249 -85.735  1.86
2 15  22.0 38.253 -85.738  38.249 -85.735  2.21
4 20  24.0 38.253 -85.738  38.249 -85.735  0.621
7 14  29.0 38.254 -85.742  38.248 -85.731  1.92
2 15  37.0 38.253 -85.738  38.249 -85.735  2.64
7 17  6.0 38.253 -85.741  38.25 -85.732  0.51
6 21  7.0 38.253 -85.738  38.25 -85.735  1.056
6 21  9.0 38.253 -85.738  38.25 -85.735  0.621
7 14  16.0 38.252 -85.74  38.251 -85.733  0.746
6 6  27.0 38.253 -85.738  38.25 -85.735  3.13
6 6  27.0 38.253 -85.738  38.25 -85.735  3.68
1 17  6.0 38.253 -85.74  38.251 -85.733  0.497
6 17  12.0 38.255 -85.738  38.249 -85.735  0.51
1 19  26.0 38.253 -85.738  38.251 -85.735  3.48
3 17  7.0 38.255 -85.741  38.25 -85.732  0.71
7 14  7.0 38.256 -85.742  38.249 -85.731  1.31
5 21  48.0 38.257 -85.742  38.248 -85.731  0.124
5 13  2.0 38.255 -85.74  38.251 -85.733  0.19
7 19  13.0 38.255 -85.74  38.251 -85.733  0.684
7 19  17.0 38.255 -85.74  38.251 -85.733  1.616
4 10  22.0 38.255 -85.74  38.251 -85.733  1.802
4 19  26.0 38.258 -85.742  38.249 -85.731  4.163
1 15  10.0 38.259 -85.74  38.251 -85.733  0.87
7 21  10.0 38.264 -85.74  38.249 -85.733  1.22
5 18  11.0 38.239 -85.739  38.251 -85.733  1.52
6 10  5.0 38.244 -85.739  38.251 -85.733  0.62
7 17  14.0 38.247 -85.74  38.25 -85.732  0.87
1 0  15.0 38.248 -85.738  38.249 -85.734  0.91
7 14  6.0 38.249 -85.737  38.25 -85.735  0.44
5 13  4.0 38.251 -85.737  38.249 -85.735  0.11
5 16  5.0 38.251 -85.741  38.249 -85.731  0.67
4 14  4.0 38.252 -85.738  38.249 -85.734  0.27
7 13  5.0 38.252 -85.741  38.249 -85.731  0.64
6 16  8.0 38.252 -85.737  38.249 -85.735  0.311
3 15  8.0 38.253 -85.741  38.248 -85.731  0.86
1 9  15.0 38.252 -85.737  38.249 -85.735  0.559
6 20  3.0 38.253 -85.738  38.249 -85.734  0.54
6 21  4.0 38.253 -85.738  38.249 -85.734  0.53
6 22  4.0 38.253 -85.738  38.249 -85.734  0.559
6 21  5.0 38.253 -85.738  38.249 -85.734  0.38
6 20  5.0 38.253 -85.738  38.249 -85.734  0.615
2 18  12.0 38.253 -85.741  38.249 -85.731  0.71
7 17  9.0 38.253 -85.74  38.25 -85.732  0.64
5 19  11.0 38.253 -85.738  38.25 -85.734  0.87
7 21  15.0 38.254 -85.741  38.249 -85.731  1.678
2 18  15.0 38.254 -85.741  38.249 -85.731  3.99
7 11  4.0 38.253 -85.738  38.251 -85.734  0.37
7 15  5.0 38.253 -85.738  38.251 -85.734  0.311
7 19  7.0 38.253 -85.739  38.251 -85.733  0.373
4 17  12.0 38.254 -85.74  38.25 -85.732  0.994
7 17  13.0 38.253 -85.738  38.251 -85.734  0.62
7 17  13.0 38.253 -85.738  38.251 -85.734  0.67
4 15  21.0 38.255 -85.737  38.249 -85.735  1.57
3 17  7.0 38.255 -85.74  38.25 -85.732  0.497
2 21  8.0 38.254 -85.739  38.251 -85.733  0.497
4 19  4.0 38.255 -85.74  38.251 -85.732  0.69
1 18  6.0 38.256 -85.739  38.251 -85.733  0.44
1 10  7.0 38.258 -85.737  38.249 -85.735  0.6
4 19  11.0 38.258 -85.739  38.251 -85.733  1.25
6 18  11.0 38.261 -85.738  38.251 -85.734  1.4
6 4  17.0 38.217 -85.74  38.248 -85.731  2.72
4 20  13.0 38.229 -85.74  38.248 -85.731  1.926
1 15  11.0 38.233 -85.739  38.251 -85.732  1.33
1 14  3.0 38.251 -85.739  38.247 -85.732  0.26
3 17  5.0 38.25 -85.736  38.25 -85.735  0.19
3 9  6.0 38.252 -85.737  38.249 -85.734  0.808
2 24  25.0 38.25 -85.736  38.251 -85.735  2.08
1 18  43.0 38.251 -85.737  38.25 -85.734  3.75
7 19  8.0 38.253 -85.74  38.249 -85.731  0.84
6 23  14.0 38.254 -85.74  38.248 -85.731  1.118
6 10  15.0 38.253 -85.736  38.249 -85.735  1.926
5 3  3.0 38.254 -85.736  38.249 -85.735  0.39
3 20  4.0 38.253 -85.736  38.25 -85.735  0.124
3 16  5.0 38.253 -85.738  38.25 -85.733  0.46
6 21  6.0 38.253 -85.739  38.25 -85.732  0.684
2 18  7.0 38.255 -85.74  38.248 -85.731  0.87
6 16  10.0 38.254 -85.739  38.249 -85.732  0.77
3 15  19.0 38.252 -85.739  38.251 -85.732  1.243
7 16  6.0 38.253 -85.738  38.251 -85.733  0.424
7 13  6.0 38.253 -85.738  38.251 -85.733  0.435
7 16  6.0 38.253 -85.738  38.251 -85.733  0.65
2 21  7.0 38.253 -85.738  38.251 -85.733  0.45
7 16  7.0 38.253 -85.738  38.251 -85.733  0.54
7 17  7.0 38.255 -85.74  38.249 -85.731  0.6
7 16  8.0 38.253 -85.738  38.251 -85.733  0.54
5 21  8.0 38.255 -85.737  38.249 -85.734  0.68
5 14  10.0 38.253 -85.738  38.251 -85.733  0.41
1 13  11.0 38.254 -85.739  38.25 -85.732  1.08
7 19  13.0 38.255 -85.74  38.249 -85.731  0.932
5 13  7.0 38.254 -85.736  38.251 -85.735  0.31
2 18  7.0 38.255 -85.739  38.25 -85.732  0.87
7 17  12.0 38.255 -85.738  38.25 -85.733  1.19
7 15  15.0 38.256 -85.738  38.25 -85.733  0.86
5 22  41.0 38.259 -85.74  38.247 -85.731  2.92
3 7  26.0 38.256 -85.736  38.251 -85.735  3.8
7 12  16.0 38.225 -85.739  38.251 -85.731  2.38
7 18  9.0 38.239 -85.736  38.251 -85.734  0.808
1 19  5.0 38.248 -85.735  38.248 -85.735  0.062
3 15  7.0 38.248 -85.735  38.248 -85.735  0.365
5 11  9.0 38.248 -85.735  38.248 -85.735  0.37
6 21  11.0 38.247 -85.735  38.249 -85.735  0.37
5 8  20.0 38.247 -85.737  38.249 -85.733  1.64
1 19  29.0 38.248 -85.735  38.248 -85.735  0.23
4 16  5.0 38.25 -85.739  38.247 -85.731  0.741
5 15  2.0 38.249 -85.735  38.249 -85.735  1.616
2 13  4.0 38.249 -85.735  38.249 -85.735  0.24
7 19  6.0 38.25 -85.739  38.248 -85.731  0.64
3 14  6.0 38.251 -85.739  38.247 -85.731  0.86
6 23  7.0 38.249 -85.735  38.249 -85.735  0.99
5 15  8.0 38.249 -85.735  38.249 -85.735  0.86
6 21  8.0 38.249 -85.735  38.249 -85.735  1.19
6 18  19.0 38.249 -85.735  38.249 -85.735  0.4
7 16  5.0 38.249 -85.736  38.25 -85.734  0.186
5 18  5.0 38.249 -85.735  38.25 -85.735  0.559
1 1  13.0 38.25 -85.736  38.249 -85.734  0.32
1 0  15.0 38.25 -85.736  38.249 -85.734  1.07
6 22  3.0 38.25 -85.735  38.25 -85.735  0.043
6 12  3.0 38.251 -85.736  38.249 -85.734  0.52
1 8  6.0 38.25 -85.735  38.25 -85.735  0.28
7 14  7.0 38.252 -85.739  38.248 -85.731  0.58
7 22  46.0 38.25 -85.735  38.25 -85.735  2.22
6 19  5.0 38.253 -85.737  38.248 -85.733  0.593
5 20  8.0 38.25 -85.737  38.251 -85.733  0.249
1 14  14.0 38.251 -85.738  38.25 -85.732  0.435
7 16  35.0 38.25 -85.736  38.251 -85.734  2.17
7 15  6.0 38.253 -85.739  38.249 -85.731  0.621
7 19  7.0 38.253 -85.739  38.249 -85.731  0.621
5 15  8.0 38.253 -85.739  38.249 -85.731  0.124
3 13  9.0 38.251 -85.735  38.251 -85.735  0.07
7 16  5.0 38.253 -85.738  38.25 -85.732  0.401
1 14  6.0 38.253 -85.738  38.25 -85.732  0.43
6 20  6.0 38.253 -85.738  38.25 -85.732  0.48
1 19  7.0 38.253 -85.736  38.25 -85.734  0.36
5 18  7.0 38.253 -85.738  38.25 -85.732  0.571
7 18  7.0 38.253 -85.739  38.25 -85.731  0.621
3 12  7.0 38.253 -85.738  38.25 -85.732  1.056
7 17  10.0 38.255 -85.737  38.248 -85.733  0.85
1 15  26.0 38.253 -85.738  38.25 -85.732  0.5
4 19  26.0 38.256 -85.736  38.247 -85.734  3.7
2 19  27.0 38.253 -85.738  38.25 -85.732  2.75
2 18  6.0 38.256 -85.738  38.248 -85.732  0.77
7 14  8.0 38.253 -85.738  38.251 -85.732  0.435
6 10  16.0 38.253 -85.736  38.251 -85.734  1.429
7 17  8.0 38.256 -85.736  38.25 -85.734  0.808
4 20  20.0 38.257 -85.739  38.249 -85.731  1.678
1 9  45.0 38.255 -85.738  38.251 -85.732  0.51
7 13  8.0 38.256 -85.736  38.251 -85.734  0.38
4 21  14.0 38.259 -85.739  38.249 -85.731  2.672
2 10  36.0 38.26 -85.736  38.25 -85.734  3.94
2 15  12.0 38.225 -85.734  38.249 -85.735  2.14
7 7  10.0 38.229 -85.737  38.249 -85.732  1.61
7 19  6.0 38.24 -85.737  38.247 -85.732  0.89
3 11  10.0 38.24 -85.736  38.248 -85.733  0.88
5 13  4.0 38.243 -85.734  38.247 -85.735  0.51
7 18  9.0 38.24 -85.736  38.251 -85.733  0.994
5 12  12.0 38.248 -85.737  38.247 -85.732  0.808
7 17  15.0 38.25 -85.738  38.247 -85.731  1.102
6 15  5.0 38.25 -85.738  38.248 -85.731  0.311
6 22  29.0 38.249 -85.734  38.25 -85.735  2.92
7 19  3.0 38.249 -85.734  38.251 -85.735  0.142
7 15  4.0 38.251 -85.737  38.249 -85.732  0.43
6 18  5.0 38.252 -85.737  38.248 -85.732  0.6
7 14  7.0 38.251 -85.738  38.249 -85.731  0.53
5 17  15.0 38.25 -85.737  38.25 -85.732  0.28
7 10  3.0 38.25 -85.735  38.251 -85.734  0.062
6 22  4.0 38.253 -85.738  38.248 -85.731  0.621
5 21  5.0 38.251 -85.735  38.25 -85.734  0.249
6 22  11.0 38.253 -85.738  38.248 -85.731  0.716
1 10  12.0 38.253 -85.738  38.248 -85.731  0.61
5 13  36.0 38.251 -85.734  38.25 -85.735  4.31
3 20  5.0 38.253 -85.734  38.249 -85.735  0.48
1 19  6.0 38.253 -85.738  38.249 -85.731  0.62
7 20  7.0 38.253 -85.738  38.249 -85.731  0.654
7 21  9.0 38.253 -85.738  38.249 -85.731  0.61
1 19  10.0 38.251 -85.734  38.251 -85.735  0.5
6 20  10.0 38.253 -85.737  38.249 -85.732  0.746
7 16  11.0 38.253 -85.738  38.249 -85.731  1.24
7 21  14.0 38.255 -85.738  38.247 -85.731  0.746
2 17  19.0 38.251 -85.734  38.251 -85.735  1.1
7 19  19.0 38.253 -85.738  38.249 -85.731  1.802
7 15  5.0 38.256 -85.737  38.247 -85.732  0.85
1 19  18.0 38.253 -85.736  38.25 -85.733  0.39
6 9  27.0 38.252 -85.737  38.251 -85.732  3.74
7 15  4.0 38.253 -85.736  38.251 -85.733  0.19
6 21  4.0 38.253 -85.736  38.251 -85.733  0.249
2 14  4.0 38.253 -85.736  38.251 -85.733  0.31
1 12  5.0 38.253 -85.736  38.251 -85.733  0.249
6 13  5.0 38.256 -85.738  38.248 -85.731  0.51
4 11  6.0 38.255 -85.736  38.249 -85.733  0.58
3 15  11.0 38.253 -85.736  38.251 -85.733  0.87
3 8  23.0 38.253 -85.734  38.251 -85.735  0.27
4 19  33.0 38.253 -85.734  38.251 -85.735  4.54
2 18  48.0 38.255 -85.734  38.25 -85.735  3.96
4 20  6.0 38.255 -85.734  38.251 -85.735  0.46
1 15  10.0 38.257 -85.738  38.249 -85.731  0.994
5 14  14.0 38.255 -85.734  38.251 -85.735  0.497
5 0  7.0 38.261 -85.735  38.251 -85.734  1.02
6 19  12.0 38.269 -85.738  38.251 -85.731  1.98
1 13  22.0 38.222 -85.733  38.249 -85.735  2.72
3 22  37.0 38.24 -85.735  38.247 -85.733  1.988
7 16  5.0 38.246 -85.733  38.247 -85.735  0.19
2 14  14.0 38.248 -85.733  38.247 -85.735  1.7
7 18  5.0 38.249 -85.736  38.248 -85.732  0.311
1 18  9.0 38.247 -85.736  38.25 -85.732  0.286
5 17  4.0 38.249 -85.734  38.249 -85.734  0.15
7 20  4.0 38.249 -85.734  38.249 -85.734  1.616
7 20  10.0 38.249 -85.734  38.249 -85.734  0.373
1 1  17.0 38.249 -85.734  38.249 -85.734  0.99
1 1  23.0 38.249 -85.734  38.249 -85.734  1.06
7 18  12.0 38.251 -85.737  38.248 -85.731  0.746
3 19  14.0 38.248 -85.733  38.251 -85.735  0.05
4 13  21.0 38.252 -85.736  38.247 -85.732  2.33
1 18  3.0 38.25 -85.734  38.25 -85.734  0.29
2 14  4.0 38.249 -85.734  38.251 -85.734  0.124
7 14  4.0 38.25 -85.736  38.25 -85.732  0.186
7 14  5.0 38.25 -85.736  38.25 -85.732  0.249
1 20  11.0 38.25 -85.734  38.25 -85.734  1.64
4 17  19.0 38.252 -85.733  38.248 -85.735  1.8
7 15  4.0 38.25 -85.734  38.251 -85.734  0.32
6 22  6.0 38.251 -85.734  38.25 -85.734  0.072
7 16  6.0 38.251 -85.736  38.25 -85.732  0.42
1 4  6.0 38.251 -85.734  38.25 -85.734  0.559
6 20  11.0 38.253 -85.737  38.248 -85.731  0.373
6 22  29.0 38.25 -85.734  38.251 -85.734  2.802
2 13  4.0 38.252 -85.734  38.25 -85.734  0.186
6 21  4.0 38.253 -85.734  38.249 -85.734  0.55
2 18  4.0 38.253 -85.737  38.249 -85.731  0.559
7 15  5.0 38.252 -85.737  38.25 -85.731  0.186
7 10  7.0 38.251 -85.734  38.251 -85.734  0.05
7 12  11.0 38.251 -85.734  38.251 -85.734  0.56
6 15  20.0 38.252 -85.737  38.25 -85.731  0.94
6 17  4.0 38.253 -85.736  38.25 -85.732  0.44
6 22  9.0 38.253 -85.736  38.25 -85.732  0.994
1 19  20.0 38.254 -85.734  38.249 -85.734  2.734
2 6  9.0 38.256 -85.733  38.249 -85.735  0.45
1 10  4.0 38.257 -85.733  38.25 -85.735  1.01
4 17  10.0 38.261 -85.737  38.247 -85.731  1.21
7 20  5.0 38.258 -85.736  38.251 -85.732  0.65
1 22  10.0 38.227 -85.735  38.249 -85.732  1.056
7 7  14.0 38.226 -85.734  38.251 -85.733  2.17
7 20  8.0 38.242 -85.734  38.251 -85.733  1.09
7 20  3.0 38.247 -85.735  38.247 -85.732  0.373
1 17  3.0 38.246 -85.736  38.249 -85.731  0.309
5 17  3.0 38.249 -85.734  38.247 -85.733  0.21
4 18  4.0 38.247 -85.734  38.249 -85.733  0.33
1 13  10.0 38.249 -85.732  38.248 -85.735  0.93
7 17  3.0 38.25 -85.736  38.248 -85.731  0.41
6 15  5.0 38.25 -85.736  38.248 -85.731  0.373
7 19  7.0 38.248 -85.733  38.251 -85.734  0.186
7 17  9.0 38.249 -85.735  38.25 -85.732  0.19
7 14  12.0 38.25 -85.733  38.249 -85.734  0.53
7 17  12.0 38.252 -85.736  38.248 -85.731  1.2
4 19  33.0 38.251 -85.733  38.249 -85.734  3.16
3 9  5.0 38.253 -85.735  38.248 -85.732  0.39
5 12  6.0 38.253 -85.736  38.248 -85.731  0.42
7 19  6.0 38.253 -85.736  38.248 -85.731  0.452
5 18  16.0 38.251 -85.733  38.25 -85.734  2.06
2 11  4.0 38.253 -85.732  38.249 -85.735  0.39
7 19  5.0 38.253 -85.736  38.249 -85.731  0.34
1 17  6.0 38.253 -85.736  38.249 -85.731  0.49
7 15  7.0 38.253 -85.736  38.249 -85.731  0.55
7 18  8.0 38.251 -85.734  38.251 -85.733  0.62
7 18  9.0 38.253 -85.736  38.249 -85.731  0.435
6 11  9.0 38.251 -85.733  38.251 -85.734  0.87
7 17  15.0 38.253 -85.736  38.249 -85.731  1.72
3 6  4.0 38.254 -85.736  38.249 -85.731  0.4
6 13  7.0 38.253 -85.735  38.25 -85.732  0.41
4 18  10.0 38.254 -85.736  38.249 -85.731  1.616
6 13  3.0 38.253 -85.734  38.251 -85.733  0.21
6 20  37.0 38.255 -85.736  38.249 -85.731  2.113
3 10  3.0 38.254 -85.735  38.251 -85.732  0.12
4 16  35.0 38.254 -85.736  38.251 -85.731  2.361
6 13  6.0 38.256 -85.734  38.251 -85.733  0.29
2 14  9.0 38.258 -85.736  38.25 -85.731  0.98
6 19  8.0 38.247 -85.731  38.249 -85.735  0.53
1 14  3.0 38.249 -85.735  38.248 -85.731  0.41
3 20  3.0 38.25 -85.733  38.249 -85.733  0.373
4 12  6.0 38.249 -85.733  38.25 -85.733  0.95
6 18  7.0 38.248 -85.732  38.251 -85.734  0.435
7 17  20.0 38.251 -85.735  38.248 -85.731  1.54
1 21  4.0 38.252 -85.735  38.248 -85.731  0.559
5 19  7.0 38.251 -85.735  38.249 -85.731  0.249
7 15  4.0 38.253 -85.735  38.248 -85.731  0.15
2 14  10.0 38.253 -85.731  38.248 -85.735  0.58
1 22  13.0 38.251 -85.734  38.25 -85.732  1.44
1 12  18.0 38.25 -85.731  38.251 -85.735  0.148
7 14  4.0 38.251 -85.733  38.251 -85.733  0.06
7 17  6.0 38.252 -85.733  38.25 -85.733  0.249
7 16  6.0 38.252 -85.733  38.25 -85.733  0.29
6 19  7.0 38.253 -85.735  38.249 -85.731  0.249
6 13  7.0 38.254 -85.735  38.248 -85.731  0.51
2 20  9.0 38.253 -85.735  38.249 -85.731  0.44
7 18  10.0 38.253 -85.735  38.249 -85.731  0.55
7 19  11.0 38.251 -85.733  38.251 -85.733  0.497
7 14  12.0 38.251 -85.733  38.251 -85.733  0.04
3 14  12.0 38.253 -85.735  38.249 -85.731  0.497
6 20  33.0 38.253 -85.735  38.249 -85.731  1.245
1 18  35.0 38.251 -85.733  38.251 -85.733  0.62
7 18  46.0 38.251 -85.733  38.251 -85.733  1.35
2 19  16.0 38.253 -85.735  38.25 -85.731  1.243
2 19  5.0 38.255 -85.735  38.249 -85.731  0.62
5 18  7.0 38.257 -85.735  38.249 -85.731  0.767
6 16  7.0 38.257 -85.731  38.25 -85.735  1.06
6 15  16.0 38.224 -85.73  38.251 -85.735  2.28
7 8  7.0 38.241 -85.73  38.251 -85.735  0.76
2 17  4.0 38.246 -85.732  38.247 -85.733  0.124
7 10  5.0 38.247 -85.73  38.25 -85.735  0.44
2 10  9.0 38.247 -85.73  38.25 -85.735  0.73
7 18  10.0 38.246 -85.731  38.251 -85.734  1.056
1 14  3.0 38.248 -85.731  38.25 -85.734  0.372
5 17  4.0 38.249 -85.73  38.249 -85.735  0.88
7 24  2.0 38.248 -85.73  38.251 -85.735  0.39
7 18  3.0 38.249 -85.733  38.25 -85.732  0.352
1 22  6.0 38.249 -85.732  38.25 -85.733  0.311
2 13  10.0 38.248 -85.73  38.251 -85.735  1.64
5 8  19.0 38.248 -85.733  38.251 -85.732  2.51
6 19  3.0 38.249 -85.732  38.251 -85.733  0.26
7 22  7.0 38.252 -85.734  38.248 -85.731  0.62
4 18  9.0 38.25 -85.731  38.25 -85.734  0.19
1 3  17.0 38.25 -85.732  38.251 -85.733  0.15
2 10  3.0 38.252 -85.733  38.25 -85.732  0.249
1 11  4.0 38.252 -85.734  38.25 -85.731  0.75
1 14  26.0 38.252 -85.732  38.25 -85.733  3.51
7 22  40.0 38.252 -85.732  38.25 -85.733  2.12
6 13  6.0 38.256 -85.734  38.248 -85.731  0.54
2 17  5.0 38.255 -85.733  38.25 -85.732  0.33
3 12  5.0 38.255 -85.733  38.25 -85.732  0.34
2 12  7.0 38.255 -85.73  38.25 -85.735  0.57
2 12  8.0 38.256 -85.73  38.25 -85.735  0.57
4 18  26.0 38.262 -85.734  38.248 -85.731  2.237
4 16  13.0 38.227 -85.732  38.248 -85.732  1.79
1 16  12.0 38.244 -85.732  38.247 -85.732  0.994
7 20  3.0 38.245 -85.732  38.247 -85.732  0.062
7 19  5.0 38.246 -85.733  38.247 -85.731  0.2
7 16  10.0 38.246 -85.733  38.247 -85.731  0.75
7 16  11.0 38.246 -85.733  38.247 -85.731  1.3
3 13  27.0 38.247 -85.732  38.248 -85.732  2.79
7 16  10.0 38.246 -85.73  38.25 -85.734  1.161
7 13  18.0 38.247 -85.73  38.25 -85.734  0.5
7 16  9.0 38.247 -85.73  38.251 -85.734  0.56
1 16  9.0 38.25 -85.732  38.25 -85.732  0.59
3 18  16.0 38.251 -85.729  38.251 -85.735  0.11
7 21  5.0 38.253 -85.732  38.25 -85.732  0.311
7 12  2.0 38.255 -85.729  38.251 -85.735  0.44
7 15  9.0 38.256 -85.729  38.25 -85.735  0.87
1 14  11.0 38.259 -85.729  38.248 -85.735  1.04
4 7  5.0 38.258 -85.729  38.25 -85.735  0.62
1 15  5.0 38.244 -85.732  38.248 -85.731  0.52
7 24  5.0 38.242 -85.729  38.25 -85.734  0.67
5 20  10.0 38.241 -85.73  38.251 -85.733  1.056
5 18  7.0 38.244 -85.732  38.249 -85.731  0.994
7 17  26.0 38.245 -85.731  38.251 -85.732  0.43
6 15  36.0 38.248 -85.731  38.248 -85.732  5.033
1 16  5.0 38.247 -85.73  38.25 -85.733  0.249
7 10  5.0 38.247 -85.728  38.25 -85.735  0.44
7 10  2.0 38.248 -85.732  38.25 -85.731  0.29
7 18  3.0 38.247 -85.73  38.251 -85.733  0.343
1 15  4.0 38.247 -85.73  38.251 -85.733  0.35
3 15  5.0 38.247 -85.729  38.251 -85.734  0.277
7 8  5.0 38.247 -85.73  38.251 -85.733  0.51
1 15  5.0 38.247 -85.73  38.251 -85.733  0.59
7 8  6.0 38.247 -85.73  38.251 -85.733  0.28
1 16  8.0 38.247 -85.73  38.251 -85.733  0.373
6 14  4.0 38.248 -85.73  38.251 -85.733  0.28
1 19  5.0 38.248 -85.73  38.251 -85.733  0.497
1 22  13.0 38.25 -85.732  38.249 -85.731  1.22
1 22  24.0 38.25 -85.732  38.249 -85.731  1.15
1 16  7.0 38.25 -85.731  38.25 -85.732  0.5
5 14  7.0 38.253 -85.73  38.25 -85.733  0.497
7 17  14.0 38.253 -85.73  38.25 -85.733  1.24
1 15  4.0 38.254 -85.73  38.251 -85.733  0.25
3 21  6.0 38.256 -85.728  38.249 -85.735  0.78
6 9  6.0 38.256 -85.729  38.25 -85.734  0.62
3 16  11.0 38.261 -85.732  38.248 -85.731  1.35
6 13  9.0 38.264 -85.728  38.25 -85.735  1.6
7 19  18.0 38.237 -85.729  38.251 -85.733  2.11
6 15  10.0 38.243 -85.73  38.25 -85.732  0.435
5 18  22.0 38.242 -85.727  38.251 -85.735  1.33
1 19  3.0 38.247 -85.73  38.247 -85.732  0.183
2 17  7.0 38.247 -85.731  38.247 -85.731  0.34
4 14  33.0 38.248 -85.73  38.247 -85.732  1.864
6 21  3.0 38.247 -85.731  38.249 -85.731  0.746
6 17  4.0 38.248 -85.731  38.248 -85.731  0.09
6 22  4.0 38.248 -85.731  38.248 -85.731  0.373
1 0  7.0 38.248 -85.731  38.248 -85.731  0.12
7 18  7.0 38.247 -85.731  38.249 -85.731  0.684
5 11  8.0 38.248 -85.731  38.248 -85.731  1.181
2 8  8.0 38.248 -85.731  38.248 -85.731  1.31
1 21  10.0 38.248 -85.731  38.248 -85.731  1.491
4 23  11.0 38.248 -85.731  38.248 -85.731  0.062
5 18  12.0 38.248 -85.731  38.248 -85.731  0.92
1 16  34.0 38.248 -85.731  38.248 -85.731  0.07
6 16  35.0 38.248 -85.731  38.248 -85.731  0.19
1 12  3.0 38.248 -85.731  38.249 -85.731  0.062
7 22  3.0 38.248 -85.731  38.249 -85.731  0.062
7 20  3.0 38.249 -85.731  38.248 -85.731  0.08
2 8  4.0 38.248 -85.73  38.249 -85.732  0.746
7 10  6.0 38.246 -85.728  38.251 -85.734  0.51
6 17  18.0 38.248 -85.731  38.249 -85.731  2.505
6 17  6.0 38.25 -85.727  38.248 -85.735  0.48
1 16  29.0 38.249 -85.731  38.249 -85.731  1.118
4 14  40.0 38.249 -85.731  38.249 -85.731  3.61
6 19  13.0 38.248 -85.729  38.251 -85.733  0.95
7 17  4.0 38.25 -85.729  38.251 -85.733  0.36
1 14  5.0 38.252 -85.728  38.25 -85.734  0.56
3 8  29.0 38.252 -85.731  38.25 -85.731  2.01
3 19  4.0 38.254 -85.727  38.249 -85.735  0.77
2 19  5.0 38.256 -85.73  38.247 -85.732  0.46
7 6  4.0 38.256 -85.731  38.248 -85.731  0.73
2 17  3.0 38.257 -85.731  38.248 -85.731  0.37
1 13  6.0 38.257 -85.729  38.249 -85.733  0.59
7 19  7.0 38.26 -85.731  38.249 -85.731  1.056
7 16  5.0 38.235 -85.729  38.247 -85.732  0.99
7 17  7.0 38.235 -85.728  38.249 -85.733  1.22
7 16  5.0 38.241 -85.729  38.247 -85.732  0.435
7 18  7.0 38.241 -85.729  38.247 -85.732  0.487
1 15  8.0 38.24 -85.727  38.251 -85.734  0.96
4 21  33.0 38.243 -85.73  38.248 -85.731  1.44
6 20  11.0 38.241 -85.726  38.251 -85.735  0.746
5 19  31.0 38.241 -85.726  38.251 -85.735  1.6
6 16  5.0 38.247 -85.73  38.247 -85.731  0.19
7 20  7.0 38.247 -85.73  38.247 -85.731  0.37
6 15  13.0 38.247 -85.73  38.247 -85.731  0.27
4 17  23.0 38.247 -85.73  38.247 -85.731  1.42
4 17  24.0 38.247 -85.73  38.247 -85.731  1.28
4 12  46.0 38.247 -85.73  38.247 -85.731  4.1
1 8  3.0 38.248 -85.729  38.247 -85.732  0.44
3 10  6.0 38.248 -85.73  38.247 -85.731  0.12
5 18  9.0 38.247 -85.73  38.248 -85.731  0.67
6 13  12.0 38.244 -85.727  38.251 -85.734  0.249
7 16  22.0 38.248 -85.73  38.247 -85.731  2.97
7 14  40.0 38.248 -85.73  38.247 -85.731  2.1
4 19  3.0 38.247 -85.73  38.249 -85.731  0.124
5 8  4.0 38.248 -85.73  38.248 -85.731  0.08
1 11  4.0 38.249 -85.73  38.247 -85.731  0.3
5 19  5.0 38.248 -85.73  38.248 -85.731  0.186
5 22  7.0 38.247 -85.73  38.249 -85.731  0.124
7 13  7.0 38.245 -85.727  38.251 -85.734  0.86
2 17  19.0 38.248 -85.73  38.248 -85.731  1.305
6 15  36.0 38.248 -85.73  38.248 -85.731  4.909
7 14  39.0 38.248 -85.73  38.248 -85.731  1.8
4 24  3.0 38.247 -85.73  38.25 -85.731  0.21
1 17  3.0 38.248 -85.727  38.249 -85.734  0.31
1 0  3.0 38.246 -85.726  38.251 -85.735  0.57
5 13  