4 16  30.0 38.262 -85.777  38.233 -85.706  4.9
1 7  26.0 38.26 -85.772  38.231 -85.708  4.8
1 12  28.0 38.256 -85.772  38.23 -85.707  4.29
4 16  45.0 38.258 -85.769  38.233 -85.708  4.97
6 15  31.0 38.254 -85.763  38.232 -85.708  4.07
5 18  39.0 38.257 -85.763  38.231 -85.707  3.604
6 22  19.0 38.219 -85.76  38.232 -85.709  3.418
7 8  29.0 38.22 -85.758  38.229 -85.709  3.0
2 11  35.0 38.221 -85.762  38.231 -85.705  4.61
2 11  20.0 38.254 -85.758  38.232 -85.709  3.25
1 9  26.0 38.254 -85.759  38.232 -85.708  3.26
6 13  23.0 38.255 -85.758  38.232 -85.709  3.64
6 12  43.0 38.216 -85.762  38.23 -85.704  4.4
2 11  35.0 38.221 -85.761  38.231 -85.705  4.64
4 14  23.0 38.231 -85.757  38.231 -85.709  3.38
4 13  25.0 38.246 -85.758  38.23 -85.708  3.77
6 11  37.0 38.248 -85.758  38.229 -85.708  1.864
5 9  43.0 38.252 -85.757  38.232 -85.709  3.41
1 19  24.0 38.255 -85.761  38.23 -85.705  4.04
3 15  37.0 38.203 -85.759  38.231 -85.706  4.78
1 20  31.0 38.235 -85.758  38.231 -85.707  1.118
1 19  34.0 38.237 -85.758  38.233 -85.707  1.243
7 7  24.0 38.249 -85.761  38.23 -85.704  3.67
7 11  25.0 38.253 -85.758  38.23 -85.707  3.59
3 19  24.0 38.25 -85.757  38.231 -85.707  3.72
2 17  34.0 38.25 -85.755  38.232 -85.709  4.971
3 15  42.0 38.215 -85.755  38.231 -85.708  3.31
3 9  28.0 38.228 -85.754  38.231 -85.709  3.05
7 18  27.0 38.246 -85.758  38.232 -85.705  3.79
7 21  29.0 38.251 -85.757  38.231 -85.706  3.52
2 16  24.0 38.254 -85.756  38.233 -85.707  3.79
6 19  22.0 38.233 -85.753  38.233 -85.709  4.74
6 20  32.0 38.236 -85.755  38.233 -85.707  3.696
7 11  18.0 38.245 -85.754  38.232 -85.708  3.23
4 19  32.0 38.253 -85.757  38.231 -85.705  3.915
1 0  24.0 38.212 -85.752  38.232 -85.709  3.169
1 11  26.0 38.213 -85.752  38.231 -85.709  2.85
3 9  27.0 38.226 -85.754  38.231 -85.707  2.98
6 19  22.0 38.228 -85.756  38.231 -85.705  3.42
2 20  16.0 38.232 -85.752  38.232 -85.709  2.82
4 19  25.0 38.249 -85.756  38.231 -85.705  4.15
1 15  42.0 38.254 -85.757  38.23 -85.704  4.04
6 16  39.0 38.256 -85.754  38.232 -85.707  4.09
1 13  28.0 38.256 -85.754  38.233 -85.707  3.45
1 0  17.0 38.209 -85.751  38.232 -85.709  2.796
6 14  25.0 38.228 -85.751  38.233 -85.709  3.76
5 14  24.0 38.236 -85.752  38.231 -85.708  3.48
1 12  51.0 38.252 -85.753  38.231 -85.707  4.039
4 9  30.0 38.253 -85.752  38.231 -85.708  3.04
4 19  32.0 38.255 -85.755  38.231 -85.705  4.536
2 14  22.0 38.212 -85.751  38.232 -85.708  2.9
7 8  29.0 38.222 -85.754  38.231 -85.705  3.5
4 14  31.0 38.23 -85.751  38.231 -85.708  3.67
2 14  33.0 38.234 -85.751  38.229 -85.708  2.41
4 9  35.0 38.251 -85.754  38.23 -85.705  3.29
3 18  19.0 38.259 -85.751  38.231 -85.708  3.418
7 8  31.0 38.222 -85.754  38.231 -85.704  3.58
7 7  29.0 38.229 -85.752  38.231 -85.706  3.07
2 7  17.0 38.246 -85.752  38.232 -85.705  3.39
7 12  20.0 38.254 -85.749  38.229 -85.708  3.11
1 17  41.0 38.255 -85.749  38.23 -85.708  4.24
7 14  23.0 38.258 -85.753  38.233 -85.704  3.91
6 22  23.0 38.212 -85.747  38.232 -85.709  3.231
4 16  23.0 38.214 -85.748  38.232 -85.708  2.796
6 14  17.0 38.245 -85.749  38.23 -85.707  2.51
4 16  15.0 38.211 -85.748  38.233 -85.707  2.62
4 3  16.0 38.217 -85.746  38.232 -85.709  2.33
6 9  22.0 38.231 -85.748  38.231 -85.707  2.69
1 14  23.0 38.251 -85.751  38.23 -85.704  3.55
5 23  16.0 38.255 -85.746  38.232 -85.709  2.92
6 19  31.0 38.256 -85.75  38.23 -85.704  4.287
7 3  14.0 38.255 -85.745  38.232 -85.709  2.81
7 3  16.0 38.255 -85.745  38.232 -85.709  2.79
4 15  29.0 38.255 -85.746  38.232 -85.708  4.23
7 4  18.0 38.258 -85.745  38.232 -85.709  2.78
3 13  47.0 38.258 -85.745  38.232 -85.709  4.49
7 6  21.0 38.215 -85.745  38.232 -85.708  2.35
6 13  18.0 38.233 -85.749  38.23 -85.704  2.73
7 10  47.0 38.232 -85.744  38.232 -85.709  3.93
1 19  30.0 38.254 -85.744  38.231 -85.709  2.53
7 12  26.0 38.255 -85.746  38.231 -85.706  3.25
6 22  29.0 38.255 -85.745  38.233 -85.707  3.293
7 12  34.0 38.261 -85.744  38.232 -85.708  3.14
2 14  17.0 38.24 -85.742  38.232 -85.709  1.96
2 7  25.0 38.244 -85.746  38.231 -85.705  3.0
7 20  30.0 38.254 -85.745  38.232 -85.706  3.628
7 12  33.0 38.259 -85.742  38.232 -85.709  3.31
6 11  17.0 38.212 -85.741  38.232 -85.709  2.3
1 9  24.0 38.215 -85.746  38.233 -85.704  3.28
6 22  15.0 38.252 -85.745  38.229 -85.705  3.045
2 18  22.0 38.254 -85.742  38.232 -85.708  2.53
6 21  13.0 38.214 -85.74  38.23 -85.709  2.47
7 14  17.0 38.25 -85.74  38.23 -85.709  2.79
4 13  22.0 38.251 -85.743  38.231 -85.706  2.9
6 15  31.0 38.252 -85.74  38.23 -85.709  2.38
1 19  32.0 38.253 -85.74  38.231 -85.709  2.58
7 13  24.0 38.253 -85.74  38.232 -85.709  3.79
1 13  31.0 38.253 -85.74  38.232 -85.709  2.92
1 19  18.0 38.251 -85.741  38.23 -85.707  2.83
7 18  28.0 38.253 -85.74  38.231 -85.708  2.76
2 18  29.0 38.253 -85.74  38.231 -85.708  2.86
6 16  13.0 38.253 -85.74  38.232 -85.708  2.36
7 10  17.0 38.254 -85.74  38.231 -85.708  3.05
1 19  19.0 38.253 -85.74  38.232 -85.708  2.46
7 22  22.0 38.253 -85.74  38.232 -85.708  3.293
1 19  23.0 38.254 -85.74  38.231 -85.708  2.54
4 6  33.0 38.253 -85.74  38.232 -85.708  2.75
5 16  35.0 38.253 -85.74  38.232 -85.708  2.91
4 0  17.0 38.256 -85.74  38.23 -85.708  2.98
7 0  22.0 38.254 -85.739  38.232 -85.709  2.41
2 14  35.0 38.257 -85.743  38.23 -85.705  3.29
4 12  40.0 38.257 -85.741  38.231 -85.707  2.99
7 10  17.0 38.258 -85.74  38.232 -85.708  3.0
6 11  17.0 38.216 -85.739  38.233 -85.708  2.11
7 14  14.0 38.219 -85.74  38.233 -85.707  0.19
1 15  23.0 38.237 -85.738  38.229 -85.709  2.12
2 5  15.0 38.25 -85.738  38.232 -85.709  2.42
3 7  38.0 38.25 -85.739  38.232 -85.708  4.2
2 15  28.0 38.254 -85.741  38.23 -85.706  3.85
5 15  40.0 38.253 -85.743  38.231 -85.704  3.231
5 6  12.0 38.253 -85.738  38.232 -85.709  2.361
1 16  15.0 38.253 -85.738  38.232 -85.709  2.49
1 15  18.0 38.253 -85.738  38.232 -85.709  2.55
1 15  21.0 38.253 -85.738  38.232 -85.709  4.13
2 17  23.0 38.253 -85.738  38.232 -85.709  3.48
2 17  25.0 38.253 -85.738  38.232 -85.709  3.48
7 13  28.0 38.253 -85.738  38.232 -85.709  3.915
7 13  29.0 38.253 -85.738  38.232 -85.709  0.497
7 13  29.0 38.253 -85.738  38.232 -85.709  3.977
6 20  30.0 38.253 -85.738  38.232 -85.709  2.52
1 20  31.0 38.253 -85.738  38.232 -85.709  3.91
1 20  31.0 38.253 -85.739  38.232 -85.708  4.04
1 20  32.0 38.253 -85.738  38.232 -85.709  4.41
2 10  17.0 38.214 -85.742  38.231 -85.704  2.55
7 6  9.0 38.224 -85.737  38.233 -85.709  2.08
6 19  21.0 38.226 -85.737  38.232 -85.709  1.84
1 13  12.0 38.233 -85.737  38.229 -85.709  2.05
2 13  14.0 38.231 -85.738  38.231 -85.708  1.81
3 21  11.0 38.233 -85.737  38.232 -85.709  1.83
2 21  32.0 38.234 -85.741  38.231 -85.705  3.27
4 14  54.0 38.235 -85.74  38.232 -85.706  2.5
1 19  21.0 38.253 -85.739  38.23 -85.707  2.51
5 5  14.0 38.251 -85.739  38.233 -85.707  2.64
7 22  23.0 38.255 -85.738  38.231 -85.708  3.231
4 8  29.0 38.226 -85.738  38.23 -85.707  2.0
5 20  11.0 38.233 -85.737  38.232 -85.708  2.175
5 19  32.0 38.241 -85.736  38.232 -85.709  3.355
7 19  17.0 38.251 -85.739  38.23 -85.706  2.59
7 8  14.0 38.253 -85.739  38.231 -85.706  2.26
5 12  35.0 38.253 -85.739  38.231 -85.706  2.8
5 5  34.0 38.252 -85.739  38.233 -85.706  2.69
7 8  14.0 38.254 -85.739  38.232 -85.706  2.52
7 23  34.0 38.255 -85.737  38.231 -85.708  4.101
7 9  29.0 38.255 -85.74  38.233 -85.705  2.423
7 10  11.0 38.231 -85.737  38.232 -85.707  2.0
1 19  31.0 38.246 -85.735  38.232 -85.709  2.175
1 12  17.0 38.249 -85.737  38.23 -85.707  2.3
5 19  29.0 38.249 -85.739  38.233 -85.705  4.71
1 15  34.0 38.252 -85.74  38.23 -85.704  3.23
7 15  15.0 38.252 -85.739  38.231 -85.705  2.95
5 16  15.0 38.254 -85.737  38.231 -85.707  2.73
2 14  34.0 38.255 -85.739  38.23 -85.705  3.36
6 16  23.0 38.253 -85.739  38.233 -85.705  2.65
1 12  12.0 38.222 -85.737  38.229 -85.706  2.21
6 6  12.0 38.224 -85.738  38.231 -85.705  1.6
3 8  27.0 38.249 -85.739  38.231 -85.704  4.24
7 2  13.0 38.25 -85.738  38.231 -85.705  2.23
2 19  31.0 38.25 -85.735  38.232 -85.708  1.923
4 2  12.0 38.253 -85.738  38.231 -85.705  2.3
4 1  12.0 38.253 -85.738  38.231 -85.705  2.37
5 0  13.0 38.253 -85.738  38.231 -85.705  2.44
7 13  20.0 38.253 -85.739  38.231 -85.704  2.52
7 20  26.0 38.254 -85.739  38.231 -85.704  2.796
6 7  17.0 38.217 -85.734  38.232 -85.708  1.97
5 11  14.0 38.222 -85.736  38.231 -85.706  2.01
6 17  18.0 38.227 -85.733  38.231 -85.709  2.49
7 17  10.0 38.236 -85.733  38.232 -85.709  1.42
5 20  12.0 38.243 -85.734  38.233 -85.708  2.0
1 20  13.0 38.25 -85.735  38.23 -85.707  2.3
3 16  17.0 38.253 -85.734  38.231 -85.708  2.92
1 15  33.0 38.257 -85.738  38.23 -85.704  3.34
6 12  25.0 38.255 -85.734  38.233 -85.708  4.55
7 11  20.0 38.228 -85.732  38.232 -85.709  2.05
7 15  20.0 38.228 -85.732  38.232 -85.709  2.12
7 15  22.0 38.228 -85.732  38.232 -85.709  2.02
7 15  23.0 38.228 -85.732  38.232 -85.709  2.02
7 11  17.0 38.242 -85.733  38.229 -85.708  1.65
6 9  39.0 38.244 -85.734  38.229 -85.707  2.88
4 19  13.0 38.242 -85.732  38.232 -85.709  1.429
1 15  42.0 38.245 -85.733  38.232 -85.708  2.15
6 18  17.0 38.252 -85.736  38.23 -85.705  0.746
5 1  11.0 38.251 -85.736  38.232 -85.705  1.93
5 16  35.0 38.251 -85.737  38.232 -85.704  2.6
4 5  19.0 38.255 -85.736  38.23 -85.705  2.81
1 6  19.0 38.253 -85.737  38.233 -85.704  2.8
1 13  18.0 38.255 -85.737  38.232 -85.704  3.1
5 19  37.0 38.207 -85.735  38.231 -85.705  3.95
3 12  9.0 38.224 -85.731  38.232 -85.709  1.08
1 12  9.0 38.231 -85.732  38.23 -85.708  1.73
3 17  27.0 38.231 -85.736  38.23 -85.704  2.175
3 14  26.0 38.23 -85.731  38.232 -85.709  1.46
5 12  9.0 38.239 -85.731  38.23 -85.709  1.68
1 14  11.0 38.24 -85.731  38.232 -85.709  1.553
3 11  14.0 38.247 -85.736  38.231 -85.704  2.85
1 15  41.0 38.246 -85.732  38.232 -85.708  2.14
1 11  12.0 38.248 -85.731  38.232 -85.709  1.77
6 15  17.0 38.249 -85.735  38.231 -85.705  2.2
1 12  19.0 38.249 -85.735  38.231 -85.705  2.42
2 14  24.0 38.252 -85.733  38.231 -85.707  2.15
2 12  16.0 38.23 -85.733  38.232 -85.706  1.89
6 17  17.0 38.23 -85.73  38.232 -85.709  2.36
4 12  9.0 38.234 -85.73  38.231 -85.709  1.47
6 20  8.0 38.238 -85.73  38.233 -85.709  1.373
1 11  18.0 38.243 -85.734  38.231 -85.705  2.14
3 21  19.0 38.244 -85.73  38.232 -85.709  1.864
7 18  26.0 38.244 -85.73  38.232 -85.709  1.491
7 14  15.0 38.246 -85.733  38.231 -85.706  2.79
6 16  16.0 38.247 -85.73  38.232 -85.709  0.808
7 18  17.0 38.247 -85.73  38.232 -85.709  2.237
1 19  31.0 38.254 -85.735  38.233 -85.704  2.52
1 11  22.0 38.262 -85.734  38.231 -85.705  3.17
3 12  15.0 38.219 -85.733  38.232 -85.705  1.89
1 1  9.0 38.239 -85.729  38.231 -85.709  1.33
1 15  19.0 38.246 -85.733  38.231 -85.705  2.175
7 16  14.0 38.245 -85.731  38.233 -85.707  1.926
6 12  49.0 38.245 -85.729  38.233 -85.709  0.932
4 19  22.0 38.256 -85.734  38.231 -85.704  2.84
4 15  49.0 38.257 -85.734  38.23 -85.704  3.915
6 22  19.0 38.234 -85.728  38.23 -85.709  1.926
4 17  11.0 38.237 -85.733  38.23 -85.704  1.898
6 14  11.0 38.236 -85.728  38.232 -85.709  1.29
4 18  10.0 38.24 -85.728  38.232 -85.709  1.77
1 19  11.0 38.244 -85.728  38.231 -85.709  1.41
1 16  21.0 38.244 -85.731  38.231 -85.706  1.62
6 12  10.0 38.246 -85.73  38.231 -85.707  1.7
1 15  13.0 38.246 -85.728  38.231 -85.709  2.313
7 21  23.0 38.248 -85.731  38.23 -85.706  2.58
5 18  12.0 38.247 -85.728  38.233 -85.709  1.45
4 10  20.0 38.251 -85.73  38.229 -85.707  2.237
1 15  18.0 38.248 -85.732  38.233 -85.705  2.06
6 12  49.0 38.248 -85.729  38.233 -85.708  0.994
4 15  48.0 38.253 -85.733  38.231 -85.704  3.915
6 19  16.0 38.21 -85.73  38.233 -85.706  2.72
1 16  9.0 38.238 -85.73  38.231 -85.706  1.43
1 14  20.0 38.239 -85.728  38.231 -85.708  1.24
5 16  36.0 38.241 -85.731  38.229 -85.705  2.38
1 17  36.0 38.238 -85.727  38.232 -85.709  2.5
6 12  8.0 38.238 -85.728  38.233 -85.708  1.19
7 18  21.0 38.24 -85.727  38.232 -85.709  2.19
1 15  8.0 38.241 -85.727  38.232 -85.709  1.58
6 12  12.0 38.243 -85.727  38.232 -85.709  1.626
4 8  55.0 38.244 -85.73  38.231 -85.706  5.09
7 14  32.0 38.247 -85.727  38.232 -85.709  2.12
7 20  7.0 38.227 -85.727  38.231 -85.708  0.8
5 17  11.0 38.234 -85.727  38.231 -85.708  1.22
1 16  10.0 38.236 -85.728  38.231 -85.707  1.43
3 9  9.0 38.242 -85.726  38.232 -85.709  1.11
3 10  12.0 38.242 -85.726  38.232 -85.709  1.13
7 11  17.0 38.242 -85.726  38.232 -85.709  1.181
1 14  17.0 38.242 -85.726  38.232 -85.709  1.19
1 10  20.0 38.242 -85.726  38.232 -85.709  2.35
1 18  28.0 38.242 -85.726  38.232 -85.709  3.355
4 16  29.0 38.241 -85.727  38.233 -85.708  4.163
1 16  11.0 38.244 -85.729  38.231 -85.706  1.678
4 11  42.0 38.246 -85.731  38.23 -85.704  1.88
2 0  9.0 38.246 -85.73  38.231 -85.705  1.68
6 20  10.0 38.246 -85.729  38.231 -85.706  1.67
7 0  8.0 38.247 -85.73  38.231 -85.705  1.8
1 18  8.0 38.247 -85.73  38.231 -85.705  1.98
5 9  17.0 38.247 -85.73  38.231 -85.705  1.7
4 21  34.0 38.247 -85.731  38.231 -85.704  4.35
2 20  20.0 38.248 -85.73  38.231 -85.705  2.485
7 16  14.0 38.247 -85.728  38.233 -85.707  1.926
1 16  31.0 38.248 -85.729  38.232 -85.706  1.72
4 10  9.0 38.249 -85.728  38.232 -85.707  1.74
6 18  10.0 38.23 -85.729  38.231 -85.705  1.54
3 14  18.0 38.23 -85.726  38.232 -85.708  1.46
2 19  55.0 38.236 -85.725  38.229 -85.709  2.61
2 5  8.0 38.239 -85.726  38.233 -85.708  1.3
7 16  12.0 38.242 -85.725  38.23 -85.709  1.46
1 20  18.0 38.24 -85.726  38.232 -85.708  2.051
4 14  8.0 38.241 -85.725  38.232 -85.709  1.09
2 16  10.0 38.241 -85.725  38.232 -85.709  1.31
4 13  11.0 38.241 -85.725  38.232 -85.709  1.41
7 8  12.0 38.241 -85.725  38.232 -85.709  1.1
7 20  14.0 38.241 -85.725  38.232 -85.709  1.26
1 13  16.0 38.241 -85.725  38.232 -85.709  1.09
7 8  16.0 38.241 -85.725  38.232 -85.709  1.13
2 18  19.0 38.241 -85.725  38.232 -85.709  1.29
2 18  20.0 38.241 -85.725  38.232 -85.709  1.3
4 15  42.0 38.241 -85.725  38.232 -85.709  4.97
3 12  10.0 38.244 -85.726  38.232 -85.708  1.4
7 11  14.0 38.247 -85.73  38.23 -85.704  2.61
6 20  24.0 38.246 -85.729  38.231 -85.705  1.83
6 16  19.0 38.248 -85.729  38.232 -85.705  0.559
6 16  6.0 38.231 -85.724  38.231 -85.709  0.84
2 14  35.0 38.238 -85.724  38.232 -85.709  1.24
5 20  9.0 38.241 -85.725  38.23 -85.708  1.2
7 11  25.0 38.24 -85.729  38.231 -85.704  1.94
4 14  6.0 38.239 -85.724  38.233 -85.709  1.01
6 13  8.0 38.24 -85.724  38.232 -85.709  1.07
6 20  9.0 38.24 -85.724  38.232 -85.709  0.994
6 18  10.0 38.24 -85.724  38.232 -85.709  1.029
4 14  11.0 38.24 -85.724  38.232 -85.709  1.12
6 18  11.0 38.24 -85.725  38.232 -85.708  1.272
6 20  12.0 38.24 -85.724  38.232 -85.709  1.056
1 10  14.0 38.24 -85.724  38.232 -85.709  2.1
7 14  17.0 38.24 -85.724  38.232 -85.709  1.38
1 9  18.0 38.24 -85.724  38.232 -85.709  1.04
1 9  19.0 38.24 -85.724  38.232 -85.709  1.0
1 9  19.0 38.24 -85.724  38.232 -85.709  1.05
1 4  20.0 38.24 -85.724  38.232 -85.709  1.243
5 15  33.0 38.24 -85.724  38.232 -85.709  1.56
6 13  8.0 38.241 -85.724  38.232 -85.709  1.17
6 13  9.0 38.241 -85.725  38.232 -85.708  1.19
1 14  35.0 38.241 -85.724  38.232 -85.709  1.74
1 14  37.0 38.241 -85.724  38.232 -85.709  1.74
5 13  44.0 38.241 -85.724  38.232 -85.709  3.39
7 20  12.0 38.245 -85.728  38.231 -85.705  1.68
7 9  15.0 38.246 -85.728  38.231 -85.705  1.6
6 10  10.0 38.228 -85.727  38.232 -85.705  1.74
7 10  14.0 38.232 -85.725  38.231 -85.707  1.2
6 20  20.0 38.234 -85.723  38.231 -85.709  1.14
6 19  7.0 38.238 -85.724  38.229 -85.708  1.19
2 19  51.0 38.237 -85.725  38.23 -85.707  2.36
4 22  8.0 38.237 -85.724  38.232 -85.708  1.181
7 13  13.0 38.238 -85.726  38.231 -85.706  1.54
7 9  11.0 38.241 -85.727  38.229 -85.705  1.44
5 12  7.0 38.239 -85.723  38.232 -85.709  0.95
5 14  7.0 38.239 -85.723  38.232 -85.709  1.48
5 16  8.0 38.239 -85.723  38.232 -85.709  0.932
1 11  16.0 38.239 -85.723  38.232 -85.709  0.97
7 17  17.0 38.242 -85.724  38.229 -85.708  1.99
5 16  48.0 38.239 -85.723  38.232 -85.709  4.07
7 22  5.0 38.241 -85.725  38.231 -85.707  0.55
7 15  6.0 38.24 -85.724  38.232 -85.708  1.118
4 18  11.0 38.239 -85.723  38.233 -85.709  1.448
1 21  12.0 38.241 -85.725  38.231 -85.707  0.435
3 16  13.0 38.24 -85.724  38.232 -85.708  1.03
3 16  14.0 38.24 -85.724  38.232 -85.708  1.06
2 15  14.0 38.241 -85.725  38.231 -85.707  1.55
6 22  17.0 38.242 -85.726  38.23 -85.706  2.37
7 18  18.0 38.241 -85.725  38.231 -85.707  1.43
7 22  20.0 38.241 -85.725  38.231 -85.707  1.305
5 13  20.0 38.24 -85.723  38.232 -85.709  1.59
6 17  22.0 38.24 -85.725  38.232 -85.707  1.541
3 17  32.0 38.24 -85.725  38.232 -85.707  1.491
6 12  30.0 38.24 -85.724  38.233 -85.708  1.4
4 16  30.0 38.24 -85.724  38.233 -85.708  2.113
7 10  15.0 38.245 -85.728  38.23 -85.704  1.74
3 16  26.0 38.243 -85.724  38.232 -85.708  2.41
6 15  32.0 38.244 -85.726  38.231 -85.706  1.43
2 17  16.0 38.246 -85.725  38.231 -85.707  1.7
2 9  15.0 38.227 -85.722  38.232 -85.709  0.62
7 15  11.0 38.233 -85.722  38.232 -85.709  1.28
5 20  8.0 38.238 -85.723  38.229 -85.708  1.13
4 14  9.0 38.237 -85.726  38.231 -85.705  0.11
6 10  11.0 38.238 -85.727  38.231 -85.704  1.43
1 20  6.0 38.24 -85.724  38.231 -85.707  1.11
4 13  7.0 38.239 -85.723  38.232 -85.708  0.963
7 16  8.0 38.239 -85.722  38.232 -85.709  0.92
2 14  9.0 38.239 -85.722  38.232 -85.709  0.87
5 18  10.0 38.24 -85.723  38.231 -85.708  1.491
6 13  11.0 38.239 -85.722  38.232 -85.709  1.19
6 13  11.0 38.239 -85.722  38.232 -85.709  1.21
1 16  11.0 38.24 -85.724  38.231 -85.707  1.49
3 12  13.0 38.238 -85.722  38.233 -85.709  0.95
1 11  13.0 38.239 -85.722  38.232 -85.709  1.04
3 16  13.0 38.24 -85.724  38.231 -85.707  1.12
2 17  13.0 38.24 -85.724  38.231 -85.707  1.24
6 20  15.0 38.239 -85.722  38.232 -85.709  0.9
6 18  17.0 38.239 -85.722  38.232 -85.709  3.02
6 22  19.0 38.239 -85.722  38.232 -85.709  0.94
2 12  20.0 38.239 -85.722  38.232 -85.709  1.74
1 16  21.0 38.239 -85.722  38.232 -85.709  1.73
3 16  23.0 38.239 -85.724  38.232 -85.707  2.33
3 10  26.0 38.239 -85.722  38.232 -85.709  1.62
1 11  34.0 38.24 -85.724  38.231 -85.707  4.76
3 14  41.0 38.239 -85.722  38.232 -85.709  0.91
1 11  6.0 38.24 -85.723  38.232 -85.708  1.02
1 11  7.0 38.24 -85.723  38.232 -85.708  1.02
1 16  9.0 38.241 -85.725  38.231 -85.706  1.24
6 16  10.0 38.239 -85.722  38.233 -85.709  1.118
2 13  11.0 38.24 -85.723  38.232 -85.708  1.616
6 12  15.0 38.241 -85.726  38.231 -85.705  1.24
2 17  55.0 38.24 -85.723  38.232 -85.708  4.12
6 14  9.0 38.241 -85.726  38.232 -85.705  1.05
4 15  26.0 38.242 -85.727  38.231 -85.704  2.2
2 13  23.0 38.242 -85.722  38.232 -85.709  3.94
3 17  16.0 38.248 -85.727  38.23 -85.704  2.88
7 13  14.0 38.229 -85.726  38.23 -85.704  1.94
1 17  31.0 38.235 -85.726  38.23 -85.704  3.85
7 17  29.0 38.237 -85.725  38.23 -85.705  2.14
6 15  52.0 38.236 -85.721  38.232 -85.709  2.734
3 20  6.0 38.237 -85.722  38.232 -85.708  0.91
1 14  8.0 38.238 -85.721  38.231 -85.709  1.28
2 17  8.0 38.238 -85.721  38.232 -85.709  0.994
2 15  9.0 38.239 -85.722  38.231 -85.708  1.0
5 17  10.0 38.24 -85.723  38.23 -85.707  1.45
1 15  13.0 38.238 -85.721  38.232 -85.709  0.75
1 19  13.0 38.238 -85.721  38.232 -85.709  0.79
1 19  15.0 38.238 -85.721  38.232 -85.709  0.8
1 17  15.0 38.239 -85.723  38.231 -85.707  1.79
7 23  17.0 38.238 -85.721  38.232 -85.709  1.74
1 13  5.0 38.239 -85.721  38.232 -85.709  0.85
2 20  7.0 38.239 -85.722  38.232 -85.708  0.89
7 13  7.0 38.239 -85.722  38.232 -85.708  0.932
1 17  7.0 38.24 -85.723  38.231 -85.707  1.12
5 18  9.0 38.239 -85.722  38.232 -85.708  0.93
5 18  9.0 38.239 -85.722  38.232 -85.708  0.93
5 18  9.0 38.239 -85.722  38.232 -85.708  0.94
5 15  9.0 38.24 -85.724  38.231 -85.706  1.19
1 9  10.0 38.24 -85.724  38.231 -85.706  1.1
1 9  10.0 38.24 -85.724  38.231 -85.706  1.11
1 11  10.0 38.24 -85.724  38.231 -85.706  1.17
7 20  10.0 38.24 -85.724  38.231 -85.706  1.43
5 18  11.0 38.239 -85.722  38.232 -85.708  0.94
7 11  11.0 38.241 -85.725  38.23 -85.705  1.88
7 17  12.0 38.239 -85.722  38.232 -85.708  0.1
6 23  13.0 38.24 -85.724  38.231 -85.706  1.19
3 20  15.0 38.24 -85.724  38.231 -85.706  1.24
2 19  17.0 38.239 -85.722  38.232 -85.708  0.898
4 18  17.0 38.239 -85.722  38.232 -85.708  1.553
4 17  17.0 38.239 -85.725  38.232 -85.705  1.58
3 22  18.0 38.241 -85.725  38.23 -85.705  1.988
5 10  20.0 38.239 -85.723  38.232 -85.707  1.802
3 8  21.0 38.239 -85.722  38.232 -85.708  0.78
5 13  21.0 38.239 -85.722  38.232 -85.708  1.72
4 20  35.0 38.238 -85.722  38.233 -85.708  0.057
6 16  50.0 38.24 -85.724  38.231 -85.706  1.45
1 17  10.0 38.241 -85.725  38.231 -85.705  1.22
7 15  10.0 38.241 -85.725  38.231 -85.705  1.29
7 15  10.0 38.241 -85.725  38.231 -85.705  1.29
4 21  11.0 38.241 -85.725  38.231 -85.705  1.3
4 21  11.0 38.241 -85.725  38.231 -85.705  1.48
1 12  15.0 38.241 -85.725  38.231 -85.705  2.87
7 22  17.0 38.241 -85.725  38.231 -85.705  2.14
1 18  18.0 38.239 -85.722  38.233 -85.708  1.37
5 20  10.0 38.241 -85.722  38.232 -85.708  1.0
1 21  11.0 38.242 -85.725  38.231 -85.705  1.491
7 11  24.0 38.242 -85.726  38.231 -85.704  1.71
7 11  24.0 38.242 -85.726  38.231 -85.704  1.81
5 12  14.0 38.248 -85.726  38.23 -85.704  1.85
7 18  14.0 38.237 -85.721  38.229 -85.708  1.389
1 18  5.0 38.236 -85.72  38.231 -85.709  0.77
1 15  4.0 38.236 -85.72  38.232 -85.709  0.7
3 7  5.0 38.237 -85.72  38.231 -85.709  0.74
5 23  5.0 38.238 -85.72  38.231 -85.709  0.79
7 16  8.0 38.238 -85.72  38.231 -85.709  0.8
4 14  9.0 38.238 -85.72  38.231 -85.709  0.79
6 19  9.0 38.238 -85.721  38.231 -85.708  0.87
3 12  10.0 38.237 -85.72  38.232 -85.709  0.81
4 18  17.0 38.237 -85.722  38.232 -85.707  1.616
1 15  29.0 38.238 -85.722  38.231 -85.707  2.77
3 10  40.0 38.237 -85.72  38.232 -85.709  1.39
6 13  54.0 38.238 -85.724  38.231 -85.705  1.3
1 14  4.0 38.238 -85.72  38.232 -85.709  0.71
4 9  5.0 38.238 -85.72  38.232 -85.709  0.77
6 19  6.0 38.238 -85.72  38.232 -85.709  0.67
7 15  6.0 38.238 -85.72  38.232 -85.709  0.73
7 15  6.0 38.238 -85.72  38.232 -85.709  0.75
7 9  6.0 38.238 -85.72  38.232 -85.709  0.81
2 19  7.0 38.239 -85.722  38.231 -85.707  0.932
3 19  8.0 38.238 -85.72  38.232 -85.709  0.68
2 16  8.0 38.238 -85.72  38.232 -85.709  1.12
7 15  9.0 38.238 -85.72  38.232 -85.709  0.808
3 11  9.0 38.238 -85.72  38.232 -85.709  0.83
2 17  9.0 38.239 -85.722  38.231 -85.707  1.02
7 17  10.0 38.238 -85.72  38.232 -85.709  0.74
7 17  10.0 38.238 -85.72  38.232 -85.709  0.8
3 19  12.0 38.238 -85.72  38.232 -85.709  0.75
4 15  12.0 38.238 -85.72  38.232 -85.709  0.85
6 19  12.0 38.239 -85.722  38.231 -85.707  0.98
7 15  13.0 38.238 -85.72  38.232 -85.709  0.9
7 15  14.0 38.239 -85.724  38.231 -85.705  1.43
7 18  22.0 38.237 -85.723  38.233 -85.706  2.342
3 14  23.0 38.24 -85.722  38.23 -85.707  4.7
2 23  27.0 38.238 -85.72  38.232 -85.709  0.85
7 19  33.0 38.239 -85.722  38.231 -85.707  2.21
6 16  9.0 38.239 -85.72  38.232 -85.709  0.92
4 12  9.0 38.241 -85.725  38.23 -85.704  1.42
4 12  10.0 38.241 -85.725  38.23 -85.704  1.4
3 13  11.0 38.241 -85.725  38.23 -85.704  1.4
5 21  12.0 38.239 -85.72  38.232 -85.709  0.932
2 17  13.0 38.24 -85.724  38.231 -85.705  1.367
6 19  14.0 38.24 -85.724  38.231 -85.705  1.45
1 16  14.0 38.24 -85.724  38.231 -85.705  2.423
1 15  15.0 38.24 -85.724  38.231 -85.705  1.43
2 15  15.0 38.241 -85.725  38.23 -85.704  1.8
7 13  17.0 38.24 -85.724  38.231 -85.705  1.31
5 19  19.0 38.241 -85.725  38.23 -85.704  3.231
4 16  27.0 38.24 -85.724  38.231 -85.705  4.55
6 14  30.0 38.24 -85.724  38.231 -85.705  1.36
3 19  31.0 38.24 -85.724  38.231 -85.705  3.47
3 9  8.0 38.24 -85.72  38.232 -85.709  1.31
4 22  21.0 38.241 -85.725  38.231 -85.704  1.988
5 15  7.0 38.24 -85.724  38.233 -85.705  1.377
1 12  26.0 38.243 -85.725  38.23 -85.704  1.55
6 19  33.0 38.24 -85.722  38.233 -85.707  2.51
1 12  11.0 38.242 -85.72  38.233 -85.709  1.49
2 21  15.0 38.246 -85.723  38.233 -85.706  1.616
7 18  11.0 38.231 -85.719  38.232 -85.709  0.59
3 14  9.0 38.235 -85.723  38.231 -85.705  1.181
2 16  9.0 38.237 -85.72  38.23 -85.708  1.12
7 10  16.0 38.239 -85.724  38.229 -85.704  1.52
7 13  4.0 38.237 -85.719  38.232 -85.709  0.47
2 14  4.0 38.237 -85.719  38.232 -85.709  0.71
1 13  5.0 38.237 -85.719  38.232 -85.709  0.67
6 17  5.0 38.237 -85.719  38.232 -85.709  0.86
3 19  6.0 38.237 -85.719  38.232 -85.709  0.65
1 20  7.0 38.237 -85.719  38.232 -85.709  0.75
2 14  8.0 38.237 -85.719  38.232 -85.709  0.73
1 19  8.0 38.237 -85.719  38.232 -85.709  0.75
6 9  9.0 38.237 -85.719  38.232 -85.709  0.72
3 12  9.0 38.237 -85.719  38.232 -85.709  0.77
7 14  11.0 38.237 -85.719  38.232 -85.709  0.76
7 18  11.0 38.237 -85.719  38.232 -85.709  0.932
7 12  17.0 38.237 -85.719  38.232 -85.709  1.13
2 13  25.0 38.237 -85.719  38.232 -85.709  1.43
1 15  32.0 38.237 -85.719  38.232 -85.709  3.55
2 13  54.0 38.238 -85.72  38.231 -85.708  4.51
1 1  5.0 38.238 -85.719  38.232 -85.709  0.77
4 23  6.0 38.24 -85.724  38.23 -85.704  1.28
3 6  7.0 38.239 -85.722  38.231 -85.706  1.05
4 23  7.0 38.24 -85.724  38.23 -85.704  1.28
6 19  8.0 38.239 -85.722  38.231 -85.706  0.87
6 18  8.0 38.239 -85.722  38.231 -85.706  0.99
7 20  8.0 38.24 -85.724  38.23 -85.704  1.26
7 16  9.0 38.238 -85.719  38.232 -85.709  0.71
1 18  9.0 38.239 -85.722  38.231 -85.706  1.12
5 23  9.0 38.24 -85.724  38.23 -85.704  1.429
7 23  10.0 38.239 -85.722  38.231 -85.706  1.35
7 20  11.0 38.24 -85.724  38.23 -85.704  1.38
7 18  12.0 38.239 -85.722  38.231 -85.706  0.98
5 14  12.0 38.239 -85.722  38.231 -85.706  1.048
2 14  12.0 38.239 -85.723  38.231 -85.705  1.09
1 11  13.0 38.24 -85.724  38.23 -85.704  1.31
7 15  14.0 38.238 -85.719  38.232 -85.709  1.05
1 19  14.0 38.24 -85.724  38.23 -85.704  1.45
6 19  14.0 38.239 -85.723  38.231 -85.705  1.51
6 11  14.0 38.239 -85.722  38.231 -85.706  2.05
1 19  16.0 38.239 -85.722  38.231 -85.706  1.85
2 19  18.0 38.239 -85.722  38.231 -85.706  0.999
1 10  19.0 38.238 -85.719  38.232 -85.709  2.05
3 16  20.0 38.239 -85.722  38.231 -85.706  1.429
7 16  20.0 38.24 -85.724  38.23 -85.704  1.72
7 16  24.0 38.24 -85.724  38.23 -85.704  1.72
6 15  32.0 38.237 -85.721  38.233 -85.707  4.19
6 12  33.0 38.238 -85.72  38.232 -85.708  4.73
6 12  34.0 38.238 -85.72  38.232 -85.708  4.7
1 15  36.0 38.238 -85.719  38.232 -85.709  3.39
1 15  44.0 38.238 -85.72  38.232 -85.708  3.89
5 3  5.0 38.24 -85.723  38.231 -85.705  1.16
7 23  7.0 38.239 -85.723  38.232 -85.705  0.97
5 19  12.0 38.238 -85.72  38.233 -85.708  0.87
1 11  13.0 38.24 -85.724  38.231 -85.704  1.26
5 19  21.0 38.238 -85.72  38.233 -85.708  1.91
5 15  38.0 38.239 -85.721  38.232 -85.707  1.18
6 19  7.0 38.241 -85.72  38.231 -85.708  0.85
7 10  19.0 38.242 -85.723  38.231 -85.705  1.63
7 18  24.0 38.241 -85.72  38.232 -85.708  2.61
6 23  16.0 38.243 -85.723  38.233 -85.705  1.305
6 16  21.0 38.227 -85.719  38.231 -85.708  0.87
1 15  49.0 38.229 -85.718  38.229 -85.709  3.29
7 15  8.0 38.235 -85.719  38.23 -85.708  0.89
3 15  23.0 38.234 -85.718  38.231 -85.709  3.42
4 11  10.0 38.234 -85.718  38.232 -85.709  0.52
3 16  6.0 38.235 -85.718  38.232 -85.709  0.59
2 19  7.0 38.236 -85.72  38.231 -85.707  1.0
3 20  11.0 38.236 -85.723  38.231 -85.704  0.124
7 20  14.0 38.235 -85.719  38.232 -85.708  0.688
2 16  31.0 38.236 -85.722  38.231 -85.705  3.24
1 19  10.0 38.238 -85.721  38.23 -85.706  1.54
7 14  11.0 38.237 -85.719  38.231 -85.708  0.88
4 19  14.0 38.238 -85.719  38.23 -85.708  2.45
4 13  5.0 38.237 -85.718  38.232 -85.709  0.65
2 17  5.0 38.237 -85.719  38.232 -85.708  0.83
2 6  5.0 38.238 -85.72  38.231 -85.707  0.87
7 11  7.0 38.237 -85.718  38.232 -85.709  0.59
7 16  7.0 38.238 -85.72  38.231 -85.707  0.72
3 11  7.0 38.238 -85.721  38.231 -85.706  1.06
6 10  8.0 38.237 -85.718  38.232 -85.709  0.61
4 13  8.0 38.237 -85.718  38.232 -85.709  0.66
5 18  9.0 38.238 -85.72  38.231 -85.707  0.84
5 18  9.0 38.238 -85.72  38.231 -85.707  0.87
1 8  13.0 38.238 -85.719  38.231 -85.708  0.64
7 13  13.0 38.239 -85.723  38.23 -85.704  1.16
7 13  13.0 38.239 -85.723  38.23 -85.704  1.19
4 19  14.0 38.237 -85.719  38.232 -85.708  2.26
7 13  15.0 38.239 -85.723  38.23 -85.704  1.26
6 8  20.0 38.237 -85.718  38.232 -85.709  0.48
2 17  28.0 38.238 -85.72  38.231 -85.707  0.93
4 16  32.0 38.239 -85.723  38.23 -85.704  4.29
7 16  36.0 38.237 -85.718  38.232 -85.709  4.23
1 12  41.0 38.237 -85.719  38.232 -85.708  3.107
7 19  43.0 38.237 -85.719  38.232 -85.708  1.69
6 6  6.0 38.239 -85.722  38.231 -85.705  1.12
1 13  7.0 38.239 -85.722  38.231 -85.705  1.07
4 6  7.0 38.239 -85.722  38.231 -85.705  1.12
4 17  8.0 38.239 -85.722  38.231 -85.705  1.21
6 20  8.0 38.239 -85.722  38.231 -85.705  1.28
7 13  10.0 38.238 -85.719  38.232 -85.708  0.75
2 19  10.0 38.239 -85.722  38.231 -85.705  1.243
5 14  12.0 38.239 -85.722  38.231 -85.705  1.132
1 17  15.0 38.239 -85.722  38.231 -85.705  1.118
6 11  17.0 38.239 -85.721  38.231 -85.706  2.33
2 16  18.0 38.24 -85.723  38.23 -85.704  1.36
3 16  19.0 38.239 -85.722  38.231 -85.705  1.429
5 5  21.0 38.239 -85.721  38.231 -85.706  2.62
6 15  31.0 38.24 -85.723  38.23 -85.704  2.99
6 15  41.0 38.237 -85.719  38.233 -85.708  4.94
6 23  12.0 38.239 -85.719  38.232 -85.708  1.181
7 17  19.0 38.24 -85.723  38.231 -85.704  1.429
1 15  24.0 38.239 -85.721  38.232 -85.706  2.35
6 19  53.0 38.238 -85.72  38.233 -85.707  4.225
3 17  8.0 38.243 -85.72  38.229 -85.707  1.37
4 13  12.0 38.242 -85.72  38.231 -85.707  0.99
6 12  14.0 38.24 -85.719  38.233 -85.708  1.04
3 20  16.0 38.241 -85.722  38.232 -85.705  1.24
7 6  4.0 38.227 -85.717  38.229 -85.709  0.67
3 18  8.0 38.235 -85.721  38.229 -85.705  1.01
7 11  10.0 38.234 -85.717  38.232 -85.709  0.87
3 21  4.0 38.235 -85.717  38.232 -85.709  0.497
3 18  4.0 38.235 -85.717  38.232 -85.709  0.559
3 16  5.0 38.235 -85.717  38.232 -85.709  0.47
3 14  5.0 38.235 -85.717  38.232 -85.709  0.559
3 16  5.0 38.235 -85.717  38.232 -85.709  0.59
2 10  6.0 38.235 -85.717  38.232 -85.709  1.35
6 19  7.0 38.235 -85.717  38.232 -85.709  0.56
7 19  10.0 38.235 -85.717  38.232 -85.709  0.58
2 12  13.0 38.235 -85.717  38.232 -85.709  0.92
5 7  17.0 38.235 -85.717  38.232 -85.709  1.11
2 15  4.0 38.236 -85.717  38.232 -85.709  0.53
1 15  5.0 38.236 -85.717  38.232 -85.709  0.53
3 14  5.0 38.236 -85.717  38.232 -85.709  0.55
5 21  5.0 38.236 -85.717  38.232 -85.709  0.86
1 15  6.0 38.236 -85.717  38.232 -85.709  0.5
7 11  6.0 38.236 -85.717  38.232 -85.709  0.51
4 3  6.0 38.236 -85.717  38.232 -85.709  0.54
6 11  6.0 38.238 -85.718  38.23 -85.708  0.61
7 23  7.0 38.236 -85.717  38.232 -85.709  0.41
3 23  7.0 38.236 -85.717  38.232 -85.709  0.497
3 14  7.0 38.236 -85.717  38.232 -85.709  0.59
5 11  8.0 38.236 -85.717  38.232 -85.709  0.75
2 12  8.0 38.238 -85.721  38.23 -85.705  1.07
6 15  9.0 38.236 -85.717  38.232 -85.709  0.44
7 11  9.0 38.236 -85.717  38.232 -85.709  0.63
6 15  10.0 38.236 -85.717  38.232 -85.709  0.77
7 16  11.0 38.237 -85.718  38.231 -85.708  0.87
5 9  13.0 38.236 -85.717  38.232 -85.709  0.42
1 10  16.0 38.236 -85.717  38.232 -85.709  0.5
2 17  21.0 38.236 -85.717  38.232 -85.709  0.684
3 10  22.0 38.236 -85.717  38.232 -85.709  1.22
3 20  22.0 38.236 -85.717  38.232 -85.709  2.423
5 22  23.0 38.236 -85.717  38.232 -85.709  0.59
5 17  24.0 38.236 -85.717  38.232 -85.709  3.045
5 7  26.0 38.236 -85.717  38.232 -85.709  0.49
1 16  33.0 38.236 -85.717  38.232 -85.709  4.88
2 17  36.0 38.236 -85.717  38.232 -85.709  0.99
7 17  36.0 38.236 -85.717  38.232 -85.709  2.78
7 13  36.0 38.236 -85.717  38.232 -85.709  3.28
7 13  36.0 38.236 -85.717  38.232 -85.709  3.39
2 17  37.0 38.236 -85.717  38.232 -85.709  1.33
3 14  46.0 38.236 -85.717  38.232 -85.709  2.84
1 15  4.0 38.237 -85.717  38.232 -85.709  0.65
6 15  5.0 38.238 -85.72  38.231 -85.706  0.9
1 9  6.0 38.238 -85.72  38.231 -85.706  0.94
3 9  6.0 38.238 -85.72  38.231 -85.706  1.03
7 8  7.0 38.237 -85.72  38.232 -85.706  0.88
1 21  11.0 38.238 -85.72  38.231 -85.706  0.88
7 15  11.0 38.239 -85.722  38.23 -85.704  1.2
5 23  12.0 38.238 -85.72  38.231 -85.706  1.24
7 13  13.0 38.239 -85.722  38.23 -85.704  1.26
5 20  13.0 38.239 -85.722  38.23 -85.704  2.13
6 20  15.0 38.239 -85.722  38.23 -85.704  1.47
6 20  15.0 38.239 -85.722  38.23 -85.704  1.61
6 13  16.0 38.238 -85.72  38.231 -85.706  2.18
4 16  17.0 38.238 -85.719  38.231 -85.707  0.84
6 18  19.0 38.238 -85.721  38.231 -85.705  1.0
5 6  7.0 38.239 -85.721  38.231 -85.705  1.06
1 13  7.0 38.239 -85.721  38.231 -85.705  1.06
6 16  7.0 38.24 -85.722  38.23 -85.704  1.32
7 19  9.0 38.239 -85.721  38.231 -85.705  0.81
4 13  12.0 38.239 -85.721  38.231 -85.705  1.07
2 17  14.0 38.239 -85.721  38.231 -85.705  0.249
3 10  26.0 38.239 -85.72  38.231 -85.706  0.94
3 10  29.0 38.238 -85.717  38.232 -85.709  2.02
2 16  31.0 38.239 -85.721  38.231 -85.705  2.81
7 5  7.0 38.242 -85.722  38.23 -85.704  1.34
6 19  19.0 38.242 -85.721  38.231 -85.705  1.6
6 15  49.0 38.241 -85.718  38.232 -85.708  4.58
7 9  12.0 38.243 -85.722  38.231 -85.704  1.48
4 17  18.0 38.241 -85.718  38.233 -85.708  1.732
6 16  12.0 38.228 -85.718  38.231 -85.707  0.63
7 17  14.0 38.234 -85.718  38.229 -85.707  0.932
7 0  16.0 38.234 -85.721  38.231 -85.704  0.87
1 11  3.0 38.235 -85.716  38.232 -85.709  0.41
7 15  5.0 38.235 -85.717  38.232 -85.708  0.68
6 12  20.0 38.236 -85.717  38.231 -85.708  1.94
6 23  3.0 38.236 -85.716  38.232 -85.709  0.45
7 13  4.0 38.236 -85.716  38.232 -85.709  0.43
5 18  4.0 38.236 -85.716  38.232 -85.709  0.497
3 16  5.0 38.236 -85.716  38.232 -85.709  0.435
2 14  5.0 38.236 -85.716  38.232 -85.709  0.49
3 16  6.0 38.236 -85.716  38.232 -85.709  0.61
7 14  7.0 38.236 -85.716  38.232 -85.709  0.497
4 19  7.0 38.237 -85.718  38.231 -85.707  0.758
5 9  7.0 38.237 -85.719  38.231 -85.706  0.85
1 19  7.0 38.237 -85.719  38.231 -85.706  0.87
4 20  8.0 38.236 -85.716  38.232 -85.709  0.373
1 11  8.0 38.236 -85.716  38.232 -85.709  0.808
6 20  9.0 38.236 -85.716  38.232 -85.709  0.46
7 12  9.0 38.236 -85.716  38.232 -85.709  1.181
6 20  10.0 38.236 -85.716  38.232 -85.709  0.48
4 17  11.0 38.236 -85.716  38.232 -85.709  0.5
1 13  11.0 38.238 -85.721  38.23 -85.704  1.56
1 19  11.0 38.237 -85.719  38.231 -85.706  1.864
7 18  12.0 38.238 -85.721  38.23 -85.704  1.54
1 10  15.0 38.236 -85.716  38.232 -85.709  1.36
3 14  16.0 38.236 -85.716  38.232 -85.709  0.621
6 11  16.0 38.238 -85.721  38.23 -85.704  1.12
6 11  16.0 38.238 -85.721  38.23 -85.704  1.12
5 18  16.0 38.237 -85.718  38.231 -85.707  1.305
5 17  16.0 38.236 -85.716  38.232 -85.709  1.44
3 21  16.0 38.237 -85.719  38.231 -85.706  1.99
6 12  18.0 38.236 -85.717  38.232 -85.708  1.66
7 11  20.0 38.239 -85.716  38.229 -85.709  1.57
6 17  26.0 38.237 -85.719  38.231 -85.706  0.89
5 17  29.0 38.237 -85.719  38.231 -85.706  0.98
2 15  53.0 38.238 -85.721  38.23 -85.704  3.65
7 20  5.0 38.238 -85.72  38.231 -85.705  1.12
5 9  7.0 38.238 -85.72  38.231 -85.705  0.99
5 6  7.0 38.238 -85.72  38.231 -85.705  0.99
4 6  7.0 38.239 -85.721  38.23 -85.704  1.24
6 0  8.0 38.238 -85.72  38.231 -85.705  1.15
4 20  10.0 38.238 -85.719  38.231 -85.706  0.878
2 19  12.0 38.238 -85.72  38.231 -85.705  0.94
1 12  12.0 38.238 -85.72  38.231 -85.705  0.945
2 19  26.0 38.238 -85.72  38.231 -85.705  0.94
3 16  28.0 38.239 -85.721  38.23 -85.704  1.33
6 18  28.0 38.238 -85.72  38.231 -85.705  2.299
5 21  10.0 38.239 -85.72  38.231 -85.705  1.245
3 15  35.0 38.238 -85.72  38.232 -85.705  2.02
1 11  45.0 38.239 -85.719  38.231 -85.706  1.1
1 17  6.0 38.238 -85.717  38.233 -85.708  0.75
1 14  9.0 38.239 -85.716  38.232 -85.709  1.04
6 23  9.0 38.239 -85.718  38.233 -85.707  0.83
2 14  13.0 38.24 -85.721  38.232 -85.704  1.12
6 17  14.0 38.24 -85.72  38.232 -85.705  1.3
6 17  17.0 38.24 -85.72  38.232 -85.705  1.35
2 16  18.0 38.242 -85.721  38.231 -85.704  1.3
4 16  14.0 38.255 -85.716  38.231 -85.709  2.237
3 15  44.0 38.227 -85.715  38.23 -85.709  3.57
7 19  10.0 38.233 -85.718  38.23 -85.706  0.81
2 16  12.0 38.233 -85.715  38.23 -85.709  0.45
3 17  12.0 38.233 -85.715  38.23 -85.709  0.46
7 21  26.0 38.234 -85.719  38.229 -85.705  1.08
6 21  7.0 38.234 -85.716  38.23 -85.708  0.51
7 19  8.0 38.234 -85.718  38.231 -85.706  1.04
7 21  11.0 38.234 -85.718  38.231 -85.706  1.14
4 19  13.0 38.234 -85.718  38.231 -85.706  1.06
7 21  26.0 38.235 -85.719  38.23 -85.705  1.33
7 21  27.0 38.235 -85.719  38.23 -85.705  1.14
5 19  5.0 38.235 -85.719  38.231 -85.705  0.89
1 14  8.0 38.236 -85.72  38.23 -85.704  0.99
1 11  16.0 38.235 -85.719  38.231 -85.705  0.87
2 8  3.0 38.235 -85.715  38.232 -85.709  0.17
4 15  4.0 38.236 -85.716  38.231 -85.708  0.61
4 15  5.0 38.235 -85.715  38.232 -85.709  0.373
3 15  5.0 38.236 -85.717  38.231 -85.707  0.65
6 17  7.0 38.236 -85.717  38.231 -85.707  1.06
6 18  8.0 38.235 -85.715  38.232 -85.709  0.39
5 10  8.0 38.235 -85.715  38.232 -85.709  1.63
1 13  11.0 38.238 -85.72  38.229 -85.704  1.51
5 19  18.0 38.235 -85.715  38.232 -85.709  2.45
6 10  18.0 38.235 -85.717  38.232 -85.707  2.99
7 17  25.0 38.237 -85.718  38.23 -85.706  0.76
7 13  25.0 38.236 -85.718  38.231 -85.706  0.87
7 17  30.0 38.237 -85.718  38.23 -85.706  0.89
2 22  5.0 38.236 -85.719  38.232 -85.705  0.87
4 15  6.0 38.237 -85.719  38.231 -85.705  0.91
1 18  7.0 38.237 -85.718  38.231 -85.706  0.84
6 13  7.0 38.237 -85.718  38.231 -85.706  0.91
1 19  7.0 38.238 -85.72  38.23 -85.704  1.11
4 16  8.0 38.236 -85.716  38.232 -85.708  0.83
5 19  8.0 38.238 -85.72  38.23 -85.704  1.01
1 21  9.0 38.238 -85.72  38.23 -85.704  1.01
1 18  11.0 38.236 -85.717  38.232 -85.707  1.08
6 11  11.0 38.236 -85.719  38.232 -85.705  1.51
2 19  14.0 38.236 -85.716  38.232 -85.708  0.62
6 15  14.0 38.237 -85.719  38.231 -85.705  0.84
6 10  17.0 38.236 -85.717  38.232 -85.707  3.02
7 11  19.0 38.237 -85.719  38.231 -85.705  1.37
7 13  25.0 38.237 -85.718  38.231 -85.706  0.93
6 14  27.0 38.238 -85.72  38.23 -85.704  1.118
5 21  33.0 38.237 -85.719  38.231 -85.705  0.94
2 15  35.0 38.238 -85.72  38.23 -85.704  3.32
5 11  38.0 38.238 -85.72  38.23 -85.704  1.02
6 19  40.0 38.236 -85.717  38.232 -85.707  2.098
5 21  4.0 38.238 -85.72  38.231 -85.704  0.92
7 16  8.0 38.239 -85.718  38.23 -85.706  1.19
5 15  6.0 38.239 -85.718  38.231 -85.706  0.72
6 0  6.0 38.239 -85.719  38.231 -85.705  1.0
5 19  7.0 38.24 -85.718  38.232 -85.706  1.07
1 12  13.0 38.241 -85.718  38.231 -85.706  1.29
3 15  47.0 38.228 -85.714  38.231 -85.709  3.5
7 16  6.0 38.232 -85.715  38.231 -85.708  0.56
6 12  9.0 38.234 -85.718  38.229 -85.705  0.87
2 12  5.0 38.235 -85.719  38.231 -85.704  1.06
6 19  9.0 38.235 -85.717  38.231 -85.706  0.87
4 4  9.0 38.235 -85.717  38.231 -85.706  0.91
6 23  10.0 38.235 -85.717  38.231 -85.706  0.994
6 14  11.0 38.235 -85.718  38.231 -85.705  1.29
6 13  44.0 38.235 -85.717  38.231 -85.706  2.48
1 13  3.0 38.235 -85.715  38.232 -85.708  0.48
4 7  3.0 38.235 -85.715  38.232 -85.708  0.49
1 13  3.0 38.235 -85.715  38.232 -85.708  0.5
3 6  4.0 38.235 -85.714  38.232 -85.709  0.36
7 23  5.0 38.235 -85.714  38.232 -85.709  0.36
7 16  5.0 38.236 -85.716  38.231 -85.707  0.61
3 14  5.0 38.236 -85.716  38.231 -85.707  0.62
1 15  7.0 38.235 -85.714  38.232 -85.709  0.373
7 14  7.0 38.234 -85.717  38.233 -85.706  0.7
2 14  7.0 38.235 -85.714  38.232 -85.709  0.86
5 10  8.0 38.236 -85.717  38.231 -85.706  0.68
6 15  8.0 38.236 -85.717  38.231 -85.706  0.87
7 14  9.0 38.236 -85.716  38.231 -85.707  0.57
1 14  9.0 38.237 -85.719  38.23 -85.704  0.78
5 12  9.0 38.235 -85.717  38.232 -85.706  0.85
7 12  11.0 38.235 -85.714  38.232 -85.709  1.36
1 14  12.0 38.235 -85.714  38.232 -85.709  1.06
3 16  12.0 38.235 -85.714  38.232 -85.709  1.43
3 13  12.0 38.236 -85.717  38.231 -85.706  1.49
3 13  12.0 38.236 -85.717  38.231 -85.706  1.91
7 15  13.0 38.235 -85.714  38.232 -85.709  1.08
7 15  14.0 38.235 -85.714  38.232 -85.709  1.12
3 15  15.0 38.236 -85.717  38.231 -85.706  1.6
5 20  16.0 38.235 -85.715  38.232 -85.708  0.932
4 21  16.0 38.235 -85.715  38.232 -85.708  1.429
3 19  18.0 38.236 -85.717  38.231 -85.706  1.36
3 19  20.0 38.236 -85.717  38.231 -85.706  1.46
6 18  26.0 38.236 -85.716  38.231 -85.707  1.305
3 16  42.0 38.235 -85.714  38.232 -85.709  1.86
4 19  5.0 38.237 -85.718  38.231 -85.705  0.932
5 10  6.0 38.237 -85.718  38.231 -85.705  0.76
1 15  6.0 38.237 -85.716  38.231 -85.707  0.96
6 16  9.0 38.237 -85.717  38.231 -85.706  0.87
7 6  21.0 38.237 -85.718  38.231 -85.705  0.89
2 19  24.0 38.236 -85.716  38.232 -85.707  1.24
1 16  30.0 38.235 -85.716  38.233 -85.707  0.311
7 16  33.0 38.237 -85.718  38.231 -85.705  4.19
1 16  10.0 38.237 -85.717  38.232 -85.706  1.13
7 11  8.0 38.239 -85.717  38.231 -85.706  1.09
4 20  12.0 38.238 -85.715  38.232 -85.708  0.621
3 6  9.0 38.24 -85.719  38.232 -85.704  1.37
5 15  22.0 38.254 -85.716  38.23 -85.707  2.86
6 16  29.0 38.256 -85.717  38.229 -85.706  3.0
6 16  22.0 38.257 -85.717  38.23 -85.706  2.78
6 16  28.0 38.257 -85.717  38.23 -85.706  3.0
6 16  29.0 38.257 -85.717  38.23 -85.706  2.99
7 9  16.0 38.259 -85.716  38.231 -85.707  2.89
6 18  7.0 38.232 -85.714  38.229 -85.708  0.45
1 12  44.0 38.23 -85.713  38.232 -85.709  1.74
5 3  3.0 38.233 -85.713  38.23 -85.709  0.31
7 9  4.0 38.232 -85.713  38.231 -85.709  0.75
5 15  5.0 38.233 -85.716  38.23 -85.706  0.746
4 17  8.0 38.234 -85.717  38.229 -85.705  0.9
1 21  14.0 38.234 -85.717  38.229 -85.705  1.49
7 21  5.0 38.234 -85.715  38.23 -85.707  0.73
6 21  30.0 38.236 -85.716  38.229 -85.706  1.77
7 16  46.0 38.234 -85.713  38.231 -85.709  2.55
2 15  3.0 38.235 -85.715  38.231 -85.707  0.54
7 14  4.0 38.235 -85.716  38.231 -85.706  0.6
5 10  5.0 38.234 -85.713  38.232 -85.709  0.62
1 16  7.0 38.235 -85.716  38.231 -85.706  0.65
2 10  7.0 38.235 -85.716  38.231 -85.706  0.75
5 22  8.0 38.234 -85.713  38.232 -85.709  0.373
7 15  8.0 38.235 -85.715  38.231 -85.707  0.5
1 15  8.0 38.236 -85.718  38.23 -85.704  0.92
2 11  9.0 38.236 -85.714  38.23 -85.708  0.59
5 4  9.0 38.234 -85.713  38.232 -85.709  1.18
1 18  10.0 38.234 -85.713  38.232 -85.709  0.98
2 9  11.0 38.235 -85.714  38.231 -85.708  0.65
1 9  14.0 38.234 -85.713  38.232 -85.709  0.92
4 13  16.0 38.234 -85.713  38.232 -85.709  0.186
2 15  19.0 38.235 -85.714  38.231 -85.708  1.99
1 13  40.0 38.235 -85.715  38.231 -85.707  2.3
4 18  44.0 38.234 -85.713  38.232 -85.709  1.75
1 22  4.0 38.235 -85.715  38.232 -85.707  0.5
6 10  7.0 38.236 -85.717  38.231 -85.705  0.75
2 17  7.0 38.236 -85.717  38.231 -85.705  0.83
3 15  7.0 38.236 -85.717  38.231 -85.705  0.92
1 16  8.0 38.236 -85.716  38.231 -85.706  0.65
5 11  8.0 38.236 -85.717  38.231 -85.705  0.75
4 20  8.0 38.236 -85.717  38.231 -85.705  0.78
7 14  8.0 38.235 -85.717  38.232 -85.705  0.91
1 15  9.0 38.236 -85.717  38.231 -85.705  1.24
7 17  9.0 38.236 -85.717  38.231 -85.705  1.305
7 22  10.0 38.236 -85.717  38.231 -85.705  0.72
4 19  12.0 38.236 -85.716  38.231 -85.706  0.67
1 12  13.0 38.236 -85.717  38.231 -85.705  1.38
3 14  15.0 38.236 -85.716  38.231 -85.706  0.824
1 12  15.0 38.236 -85.717  38.231 -85.705  1.367
2 7  16.0 38.237 -85.718  38.23 -85.704  1.72
1 17  17.0 38.237 -85.718  38.23 -85.704  1.864
4 15  20.0 38.236 -85.717  38.231 -85.705  1.37
6 12  21.0 38.236 -85.717  38.231 -85.705  0.8
5 10  23.0 38.236 -85.716  38.231 -85.706  2.361
1 13  26.0 38.236 -85.717  38.231 -85.705  3.05
7 17  30.0 38.237 -85.718  38.23 -85.704  1.53
5 10  30.0 38.236 -85.716  38.231 -85.706  2.397
2 21  33.0 38.237 -85.716  38.23 -85.706  3.53
7 9  48.0 38.236 -85.717  38.231 -85.705  0.69
3 20  37.0 38.237 -85.716  38.231 -85.706  4.58
4 17  10.0 38.236 -85.715  38.233 -85.707  0.56
2 13  9.0 38.239 -85.713  38.232 -85.709  0.621
5 8  10.0 38.24 -85.717  38.232 -85.705  1.63
6 19  5.0 38.228 -85.712  38.23 -85.709  0.24
3 18  4.0 38.228 -85.712  38.231 -85.709  0.14
5 18  6.0 38.228 -85.715  38.231 -85.706  0.62
1 14  17.0 38.233 -85.715  38.229 -85.706  1.04
6 19  29.0 38.233 -85.712  38.23 -85.709  2.16
3 12  44.0 38.231 -85.716  38.233 -85.705  4.23
7 12  2.0 38.233 -85.712  38.232 -85.709  0.25
3 7  3.0 38.233 -85.712  38.232 -85.709  0.186
6 10  9.0 38.235 -85.717  38.23 -85.704  1.02
6 15  13.0 38.234 -85.712  38.231 -85.709  1.04
1 16  17.0 38.233 -85.712  38.232 -85.709  1.42
1 13  18.0 38.234 -85.715  38.231 -85.706  1.08
5 16  42.0 38.233 -85.712  38.232 -85.709  0.87
7 20  2.0 38.234 -85.712  38.232 -85.709  0.21
6 8  3.0 38.235 -85.713  38.231 -85.708  0.47
4 6  4.0 38.235 -85.714  38.231 -85.707  0.5
4 17  4.0 38.235 -85.714  38.231 -85.707  0.61
7 20  5.0 38.234 -85.712  38.232 -85.709  0.33
4 17  5.0 38.235 -85.714  38.231 -85.707  0.58
6 19  5.0 38.235 -85.715  38.231 -85.706  0.68
6 16  7.0 38.235 -85.715  38.231 -85.706  0.62
1 14  7.0 38.236 -85.717  38.23 -85.704  0.84
3 10  7.0 38.235 -85.716  38.231 -85.705  1.18
7 14  8.0 38.235 -85.714  38.231 -85.707  0.5
6 8  8.0 38.236 -85.717  38.23 -85.704  0.84
7 10  10.0 38.234 -85.713  38.232 -85.708  0.48
4 14  11.0 38.236 -85.717  38.23 -85.704  0.76
3 19  11.0 38.236 -85.717  38.23 -85.704  0.85
2 11  11.0 38.236 -85.717  38.23 -85.704  1.04
2 13  12.0 38.234 -85.712  38.232 -85.709  0.22
1 17  12.0 38.234 -85.712  38.232 -85.709  1.19
7 14  14.0 38.233 -85.713  38.233 -85.708  0.746
3 13  16.0 38.236 -85.717  38.23 -85.704  2.37
2 15  20.0 38.235 -85.714  38.231 -85.707  1.99
3 20  25.0 38.236 -85.717  38.23 -85.704  1.67
3 14  26.0 38.235 -85.714  38.231 -85.707  1.06
5 8  33.0 38.233 -85.712  38.233 -85.709  4.35
4 18  34.0 38.235 -85.715  38.231 -85.706  4.909
2 5  38.0 38.234 -85.712  38.232 -85.709  4.04
4 15  4.0 38.236 -85.713  38.231 -85.708  0.08
7 16  6.0 38.236 -85.716  38.231 -85.705  0.684
2 11  7.0 38.236 -85.716  38.231 -85.705  0.63
6 10  7.0 38.236 -85.716  38.231 -85.705  0.78
7 13  8.0 38.236 -85.716  38.231 -85.705  0.79
1 12  11.0 38.236 -85.716  38.231 -85.705  0.746
1 12  11.0 38.236 -85.716  38.231 -85.705  0.746
6 19  13.0 38.236 -85.716  38.231 -85.705  0.87
6 19  15.0 38.236 -85.716  38.231 -85.705  0.994
1 9  17.0 38.236 -85.712  38.231 -85.709  1.0
1 19  17.0 38.236 -85.717  38.231 -85.704  1.32
6 18  26.0 38.236 -85.716  38.231 -85.705  1.491
7 18  55.0 38.236 -85.717  38.231 -85.704  3.77
6 11  9.0 38.238 -85.715  38.231 -85.706  0.75
7 0  17.0 38.238 -85.717  38.231 -85.704  1.07
1 23  33.0 38.236 -85.716  38.233 -85.705  3.169
4 16  8.0 38.24 -85.717  38.23 -85.704  1.18
4 13  12.0 38.218 -85.711  38.232 -85.709  1.41
1 17  22.0 38.227 -85.713  38.229 -85.707  1.68
5 7  6.0 38.227 -85.716  38.23 -85.704  0.57
4 19  6.0 38.228 -85.712  38.231 -85.708  0.29
7 18  12.0 38.228 -85.715  38.231 -85.705  0.86
3 14  17.0 38.228 -85.712  38.232 -85.708  1.9
4 11  2.0 38.231 -85.714  38.231 -85.706  0.3
3 11  14.0 38.231 -85.712  38.231 -85.708  1.94
5 21  25.0 38.233 -85.715  38.229 -85.705  3.293
4 19  11.0 38.234 -85.711  38.23 -85.709  0.84
7 21  12.0 38.233 -85.713  38.231 -85.707  0.746
4 16  12.0 38.234 -85.716  38.23 -85.704  1.03
5 11  17.0 38.234 -85.714  38.23 -85.706  2.13
6 8  3.0 38.233 -85.711  38.232 -85.709  0.062
1 11  4.0 38.233 -85.711  38.232 -85.709  0.062
2 8  4.0 38.233 -85.711  38.232 -85.709  0.124
4 8  4.0 38.233 -85.711  38.232 -85.709  0.167
7 10  5.0 38.233 -85.711  38.232 -85.709  0.062
6 17  5.0 38.233 -85.711  38.232 -85.709  0.062
4 13  5.0 38.233 -85.711  38.232 -85.709  0.16
7 8  5.0 38.233 -85.711  38.232 -85.709  0.19
2 19  5.0 38.233 -85.711  38.232 -85.709  0.25
4 16  5.0 38.235 -85.716  38.23 -85.704  0.64
3 17  11.0 38.233 -85.711  38.232 -85.709  0.79
7 13  12.0 38.233 -85.711  38.232 -85.709  0.311
2 16  12.0 38.234 -85.713  38.231 -85.707  0.44
3 14  27.0 38.235 -85.714  38.23 -85.706  0.62
1 19  32.0 38.233 -85.711  38.232 -85.709  3.231
1 13  35.0 38.233 -85.711  38.232 -85.709  2.32
7 16  35.0 38.233 -85.711  38.232 -85.709  2.65
1 13  37.0 38.233 -85.711  38.232 -85.709  2.26
6 19  38.0 38.233 -85.711  38.232 -85.709  1.056
4 13  4.0 38.235 -85.714  38.231 -85.706  0.58
7 13  5.0 38.235 -85.715  38.231 -85.705  0.39
4 12  5.0 38.235 -85.715  38.231 -85.705  0.53
5 7  5.0 38.235 -85.715  38.231 -85.705  0.63
1 8  5.0 38.236 -85.716  38.23 -85.704  0.79
2 9  6.0 38.235 -85.713  38.231 -85.707  0.43
6 10  6.0 38.236 -85.716  38.23 -85.704  0.72
3 21  6.0 38.236 -85.716  38.23 -85.704  0.808
4 18  6.0 38.236 -85.716  38.23 -85.704  0.83
4 16  7.0 38.236 -85.716  38.23 -85.704  0.186
7 16  7.0 38.235 -85.715  38.231 -85.705  0.68
5 15  8.0 38.235 -85.714  38.231 -85.706  0.87
4 14  8.0 38.236 -85.716  38.23 -85.704  0.99
7 17  9.0 38.236 -85.716  38.23 -85.704  0.729
7 17  10.0 38.236 -85.716  38.23 -85.704  0.819
7 15  11.0 38.235 -85.715  38.231 -85.705  1.15
6 15  16.0 38.236 -85.716  38.23 -85.704  0.88
3 18  17.0 38.234 -85.712  38.232 -85.708  0.64
3 11  19.0 38.237 -85.715  38.229 -85.705  1.3
1 7  21.0 38.235 -85.714  38.231 -85.706  0.64
5 8  24.0 38.235 -85.715  38.231 -85.705  1.243
3 20  24.0 38.236 -85.716  38.23 -85.704  1.67
1 17  24.0 38.236 -85.716  38.23 -85.704  3.32
5 15  28.0 38.235 -85.714  38.231 -85.706  0.81
2 20  36.0 38.235 -85.714  38.231 -85.706  3.1
4 16  7.0 38.236 -85.716  38.231 -85.704  0.746
1 15  21.0 38.235 -85.715  38.232 -85.705  1.616
3 16  22.0 38.235 -85.715  38.232 -85.705  1.58
5 23  7.0 38.236 -85.713  38.232 -85.707  0.746
7 9  11.0 38.238 -85.713  38.233 -85.707  0.746
6 23  9.0 38.221 -85.712  38.231 -85.707  0.994
2 12  3.0 38.229 -85.71  38.232 -85.709  0.26
7 13  15.0 38.231 -85.71  38.231 -85.709  1.43
4 19  8.0 38.232 -85.71  38.231 -85.709  0.81
7 13  10.0 38.232 -85.71  38.231 -85.709  0.33
3 12  18.0 38.231 -85.712  38.232 -85.707  0.57
6 14  19.0 38.232 -85.71  38.231 -85.709  0.18
4 10  22.0 38.232 -85.71  38.231 -85.709  0.1
6 7  2.0 38.232 -85.71  38.232 -85.709  0.24
4 8  3.0 38.232 -85.71  38.232 -85.709  0.11
4 8  3.0 38.232 -85.71  38.232 -85.709  0.14
7 16  4.0 38.232 -85.71  38.232 -85.709  0.124
7 10  4.0 38.233 -85.712  38.231 -85.707  0.301
2 15  6.0 38.232 -85.71  38.232 -85.709  0.82
7 20  7.0 38.232 -85.71  38.232 -85.709  0.559
5 15  7.0 38.232 -85.714  38.232 -85.705  0.616
6 13  7.0 38.232 -85.71  38.232 -85.709  0.8
2 17  8.0 38.232 -85.71  38.232 -85.709  0.06
2 17  8.0 38.232 -85.71  38.232 -85.709  0.07
4 7  9.0 38.232 -85.71  38.232 -85.709  0.87
3 14  11.0 38.232 -85.71  38.232 -85.709  0.54
3 14  13.0 38.232 -85.71  38.232 -85.709  0.39
1 15  13.0 38.232 -85.71  38.232 -85.709  1.15
6 14  14.0 38.232 -85.71  38.232 -85.709  1.35
6 14  16.0 38.232 -85.71  38.232 -85.709  1.1
5 10  19.0 38.232 -85.71  38.232 -85.709  0.85
6 22  23.0 38.232 -85.71  38.232 -85.709  0.186
6 16  26.0 38.232 -85.71  38.232 -85.709  2.051
1 15  28.0 38.232 -85.71  38.232 -85.709  0.559
4 16  29.0 38.232 -85.71  38.232 -85.709  1.678
1 23  31.0 38.232 -85.71  38.232 -85.709  1.25
1 9  31.0 38.233 -85.712  38.231 -85.707  2.94
1 14  33.0 38.232 -85.71  38.232 -85.709  4.63
1 14  33.0 38.232 -85.71  38.232 -85.709  4.7
1 14  35.0 38.232 -85.71  38.232 -85.709  4.62
2 18  39.0 38.232 -85.71  38.232 -85.709  3.12
2 10  42.0 38.232 -85.71  38.232 -85.709  4.03
7 4  42.0 38.232 -85.71  38.232 -85.709  4.76
2 10  43.0 38.232 -85.71  38.232 -85.709  3.98
1 10  45.0 38.232 -85.71  38.232 -85.709  0.87
4 6  3.0 38.233 -85.711  38.232 -85.708  0.19
6 21  3.0 38.234 -85.713  38.231 -85.706  0.49
6 12  4.0 38.233 -85.71  38.232 -85.709  0.124
3 6  4.0 38.233 -85.711  38.232 -85.708  0.17
6 18  4.0 38.233 -85.711  38.232 -85.708  0.25
7 21  4.0 38.233 -85.712  38.232 -85.707  0.28
1 8  6.0 38.235 -85.715  38.23 -85.704  0.81
2 14  13.0 38.234 -85.713  38.231 -85.706  0.621
2 12  14.0 38.232 -85.71  38.233 -85.709  0.124
2 8  15.0 38.235 -85.711  38.23 -85.708  0.808
4 10  15.0 38.233 -85.71  38.232 -85.709  1.18
2 19  18.0 38.235 -85.715  38.23 -85.704  1.01
1 10  19.0 38.233 -85.71  38.232 -85.709  1.8
2 11  22.0 38.235 -85.711  38.23 -85.708  0.5
1 16  23.0 38.232 -85.71  38.233 -85.709  1.367
2 13  24.0 38.233 -85.711  38.232 -85.708  0.77
1 12  25.0 38.232 -85.71  38.233 -85.709  0.46
1 9  26.0 38.235 -85.715  38.23 -85.704  1.62
2 14  34.0 38.233 -85.711  38.232 -85.708  3.3
7 20  34.0 38.232 -85.71  38.233 -85.709  3.4
1 13  35.0 38.233 -85.711  38.232 -85.708  0.44
2 14  35.0 38.233 -85.711  38.232 -85.708  3.34
2 14  38.0 38.233 -85.711  38.232 -85.708  3.27
1 13  39.0 38.233 -85.711  38.232 -85.708  0.3
1 13  40.0 38.233 -85.711  38.232 -85.708  0.31
3 13  40.0 38.232 -85.71  38.233 -85.709  3.68
1 11  41.0 38.233 -85.711  38.232 -85.708  1.71
1 12  55.0 38.235 -85.715  38.23 -85.704  3.48
5 18  4.0 38.235 -85.715  38.231 -85.704  0.64
7 19  5.0 38.235 -85.714  38.231 -85.705  0.559
2 20  5.0 38.235 -85.714  38.231 -85.705  0.61
3 18  6.0 38.235 -85.714  38.231 -85.705  0.621
6 17  7.0 38.233 -85.714  38.233 -85.705  0.559
2 11  8.0 38.236 -85.715  38.23 -85.704  0.75
7 13  10.0 38.235 -85.714  38.231 -85.705  0.68
1 14  11.0 38.233 -85.712  38.233 -85.707  1.118
6 19  13.0 38.234 -85.712  38.232 -85.707  0.749
2 19  19.0 38.235 -85.715  38.231 -85.704  0.85
1 15  21.0 38.235 -85.715  38.231 -85.704  1.864
6 16  8.0 38.236 -85.713  38.231 -85.706  0.77
7 5  49.0 38.235 -85.71  38.232 -85.709  0.41
2 19  8.0 38.235 -85.715  38.233 -85.704  0.062
7 17  26.0 38.238 -85.715  38.23 -85.704  1.57
2 19  8.0 38.237 -85.715  38.233 -85.704  0.621
2 14  11.0 38.239 -85.714  38.231 -85.705  0.68
7 11  19.0 38.241 -85.713  38.231 -85.706  1.45
5 19  7.0 38.24 -85.712  38.233 -85.707  0.597
1 9  14.0 38.218 -85.71  38.232 -85.708  1.243
7 22  4.0 38.224 -85.709  38.232 -85.709  0.69
1 16  12.0 38.226 -85.709  38.231 -85.709  1.74
7 16  10.0 38.229 -85.709  38.231 -85.709  0.994
6 19  4.0 38.231 -85.709  38.231 -85.709  0.06
7 12  5.0 38.231 -85.709  38.231 -85.709  0.22
4 14  10.0 38.231 -85.711  38.231 -85.707  0.71
7 15  13.0 38.233 -85.711  38.229 -85.707  0.95
7 17  17.0 38.231 -85.709  38.231 -85.709  1.491
7 16  28.0 38.231 -85.709  38.231 -85.709  0.44
4 5  3.0 38.232 -85.709  38.231 -85.709  0.2
3 15  4.0 38.232 -85.709  38.231 -85.709  0.062
3 8  4.0 38.232 -85.709  38.231 -85.709  0.2
5 18  6.0 38.232 -85.709  38.231 -85.709  0.311
7 14  7.0 38.231 -85.709  38.232 -85.709  0.19
1 11  7.0 38.232 -85.709  38.231 -85.709  0.93
1 14  8.0 38.233 -85.711  38.23 -85.707  0.5
6 16  13.0 38.232 -85.709  38.231 -85.709  0.17
6 19  17.0 38.232 -85.714  38.231 -85.704  1.02
4 11  19.0 38.232 -85.709  38.231 -85.709  0.81
4 11  19.0 38.232 -85.709  38.231 -85.709  0.87
1 11  25.0 38.231 -85.709  38.232 -85.709  1.63
3 20  31.0 38.232 -85.709  38.231 -85.709  3.045
7 16  55.0 38.231 -85.709  38.232 -85.709  3.08
3 15  2.0 38.232 -85.709  38.232 -85.709  0.249
6 21  2.0 38.232 -85.709  38.232 -85.709  1.616
5 16  3.0 38.232 -85.709  38.232 -85.709  0.06
1 13  3.0 38.232 -85.709  38.232 -85.709  0.06
3 15  3.0 38.232 -85.709  38.232 -85.709  0.062
7 10  3.0 38.232 -85.709  38.232 -85.709  0.09
1 17  3.0 38.232 -85.71  38.232 -85.708  0.13
2 17  3.0 38.232 -85.709  38.232 -85.709  0.15
7 14  4.0 38.232 -85.709  38.232 -85.709  0.06
3 16  4.0 38.232 -85.709  38.232 -85.709  0.13
4 21  4.0 38.233 -85.712  38.231 -85.706  0.34
3 17  4.0 38.232 -85.709  38.232 -85.709  0.435
6 13  5.0 38.232 -85.709  38.232 -85.709  0.05
7 1  5.0 38.232 -85.709  38.232 -85.709  0.05
6 17  5.0 38.232 -85.709  38.232 -85.709  0.062
1 12  5.0 38.232 -85.709  38.232 -85.709  0.062
7 10  5.0 38.232 -85.709  38.232 -85.709  0.12
7 9  5.0 38.232 -85.709  38.232 -85.709  0.12
6 19  5.0 38.232 -85.709  38.232 -85.709  0.17
7 1  5.0 38.232 -85.709  38.232 -85.709  0.19
1 19  5.0 38.232 -85.71  38.232 -85.708  0.198
7 8  5.0 38.232 -85.709  38.232 -85.709  0.29
7 8  6.0 38.232 -85.709  38.232 -85.709  0.07
7 14  6.0 38.232 -85.709  38.232 -85.709  0.15
3 18  6.0 38.232 -85.71  38.232 -85.708  0.22
6 13  6.0 38.232 -85.709  38.232 -85.709  0.24
1 7  6.0 38.232 -85.709  38.232 -85.709  0.33
1 16  6.0 38.232 -85.709  38.232 -85.709  0.41
4 14  6.0 38.232 -85.709  38.232 -85.709  0.43
4 14  6.0 38.232 -85.709  38.232 -85.709  0.47
6 23  7.0 38.232 -85.709  38.232 -85.709  0.07
3 16  7.0 38.232 -85.709  38.232 -85.709  0.12
7 14  7.0 38.232 -85.709  38.232 -85.709  0.28
1 18  7.0 38.232 -85.71  38.232 -85.708  0.373
6 15  7.0 38.232 -85.709  38.232 -85.709  0.45
4 17  7.0 38.232 -85.709  38.232 -85.709  0.7
6 15  7.0 38.232 -85.709  38.232 -85.709  2.113
1 12  8.0 38.232 -85.709  38.232 -85.709  0.1
5 13  8.0 38.232 -85.709  38.232 -85.709  0.12
1 18  8.0 38.232 -85.71  38.232 -85.708  0.124
1 8  8.0 38.232 -85.709  38.232 -85.709  0.22
6 13  8.0 38.232 -85.709  38.232 -85.709  0.39
1 12  8.0 38.232 -85.709  38.232 -85.709  0.72
1 15  8.0 38.232 -85.709  38.232 -85.709  0.87
1 10  9.0 38.232 -85.709  38.232 -85.709  0.43
2 19  9.0 38.232 -85.709  38.232 -85.709  0.65
1 15  9.0 38.232 -85.709  38.232 -85.709  0.99
1 17  10.0 38.232 -85.709  38.232 -85.709  0.186
5 17  10.0 38.232 -85.709  38.232 -85.709  0.21
4 12  10.0 38.232 -85.709  38.232 -85.709  0.62
1 12  10.0 38.232 -85.709  38.232 -85.709  0.71
5 1  10.0 38.232 -85.709  38.232 -85.709  0.94
1 15  10.0 38.232 -85.709  38.232 -85.709  1.1
1 19  10.0 38.232 -85.709  38.232 -85.709  1.25
7 9  11.0 38.232 -85.709  38.232 -85.709  0.39
2 17  11.0 38.232 -85.71  38.232 -85.708  1.42
6 18  11.0 38.232 -85.709  38.232 -85.709  1.429
6 18  11.0 38.232 -85.709  38.232 -85.709  1.47
7 18  12.0 38.232 -85.709  38.232 -85.709  0.684
6 16  12.0 38.232 -85.709  38.232 -85.709  1.67
2 20  13.0 38.232 -85.709  38.232 -85.709  0.19
3 9  14.0 38.232 -85.709  38.232 -85.709  0.34
6 16  14.0 38.232 -85.709  38.232 -85.709  1.72
7 8  15.0 38.232 -85.709  38.232 -85.709  3.05
2 17  16.0 38.232 -85.709  38.232 -85.709  0.73
7 18  16.0 38.232 -85.709  38.232 -85.709  1.16
4 7  16.0 38.232 -85.709  38.232 -85.709  1.88
7 8  16.0 38.232 -85.709  38.232 -85.709  2.56
1 16  18.0 38.232 -85.709  38.232 -85.709  0.71
7 8  18.0 38.232 -85.709  38.232 -85.709  1.02
5 10  19.0 38.232 -85.709  38.232 -85.709  0.98
7 8  19.0 38.232 -85.709  38.232 -85.709  1.04
4 11  19.0 38.232 -85.709  38.232 -85.709  2.66
6 14  20.0 38.232 -85.709  38.232 -85.709  1.3
7 22  20.0 38.232 -85.709  38.232 -85.709  1.34
3 10  20.0 38.232 -85.709  38.232 -85.709  3.03
3 11  21.0 38.232 -85.709  38.232 -85.709  2.66
4 20  22.0 38.232 -85.709  38.232 -85.709  1.95
2 11  22.0 38.232 -85.71  38.232 -85.708  2.69
4 3  23.0 38.232 -85.709  38.232 -85.709  2.72
7 10  23.0 38.232 -85.709  38.232 -85.709  3.12
1 12  24.0 38.232 -85.709  38.232 -85.709  0.5
6 14  24.0 38.232 -85.709  38.232 -85.709  2.58
4 15  25.0 38.232 -85.709  38.232 -85.709  3.29
2 6  25.0 38.232 -85.709  38.232 -85.709  3.6
1 15  25.0 38.232 -85.709  38.232 -85.709  4.85
1 16  26.0 38.232 -85.709  38.232 -85.709  2.8
1 17  26.0 38.232 -85.709  38.232 -85.709  2.92
1 13  26.0 38.232 -85.709  38.232 -85.709  2.98
4 13  27.0 38.232 -85.71  38.232 -85.708  2.64
1 13  27.0 38.232 -85.709  38.232 -85.709  2.7
4 17  28.0 38.233 -85.711  38.231 -85.707  2.05
2 0  28.0 38.232 -85.709  38.232 -85.709  2.05
4 5  28.0 38.232 -85.709  38.232 -85.709  4.33
5 10  29.0 38.232 -85.709  38.232 -85.709  2.858
2 12  29.0 38.232 -85.709  38.232 -85.709  3.32
3 15  29.0 38.232 -85.709  38.232 -85.709  3.98
3 15  30.0 38.232 -85.709  38.232 -85.709  1.75
3 15  30.0 38.232 -85.709  38.232 -85.709  2.85
7 16  30.0 38.232 -85.709  38.232 -85.709  2.92
3 10  30.0 38.232 -85.709  38.232 -85.709  3.12
3 15  30.0 38.232 -85.709  38.232 -85.709  3.86
6 14  31.0 38.232 -85.709  38.232 -85.709  1.36
3 15  31.0 38.232 -85.709  38.232 -85.709  2.82
7 16  31.0 38.232 -85.709  38.232 -85.709  2.92
6 12  31.0 38.232 -85.71  38.232 -85.708  3.37
7 14  32.0 38.232 -85.709  38.232 -85.709  3.02
7 14  32.0 38.232 -85.709  38.232 -85.709  3.02
7 10  32.0 38.232 -85.709  38.232 -85.709  3.65
1 23  33.0 38.232 -85.709  38.232 -85.709  1.09
6 14  33.0 38.232 -85.709  38.232 -85.709  1.37
1 14  33.0 38.232 -85.709  38.232 -85.709  4.53
1 14  33.0 38.232 -85.709  38.232 -85.709  4.71
3 17  34.0 38.232 -85.709  38.232 -85.709  3.48
5 16  34.0 38.232 -85.709  38.232 -85.709  4.16
1 12  34.0 38.232 -85.709  38.232 -85.709  4.25
1 12  35.0 38.232 -85.709  38.232 -85.709  4.15
1 12  35.0 38.232 -85.709  38.232 -85.709  4.26
1 14  35.0 38.232 -85.709  38.232 -85.709  4.57
7 9  37.0 38.233 -85.711  38.231 -85.707  0.95
7 20  37.0 38.232 -85.709  38.232 -85.709  3.62
5 16  37.0 38.232 -85.709  38.232 -85.709  4.17
3 17  38.0 38.232 -85.709  38.232 -85.709  3.61
7 17  39.0 38.232 -85.709  38.232 -85.709  3.14
7 17  39.0 38.232 -85.709  38.232 -85.709  3.22
1 17  41.0 38.232 -85.709  38.232 -85.709  4.03
6 14  42.0 38.232 -85.709  38.232 -85.709  1.54
1 15  44.0 38.232 -85.709  38.232 -85.709  0.06
7 11  47.0 38.232 -85.709  38.232 -85.709  4.53
3 15  48.0 38.232 -85.709  38.232 -85.709  3.72
7 9  49.0 38.232 -85.709  38.232 -85.709  1.52
3 15  49.0 38.232 -85.709  38.232 -85.709  4.08
7 9  51.0 38.232 -85.709  38.232 -85.709  2.33
6 21  51.0 38.232 -85.709  38.232 -85.709  2.51
5 13  51.0 38.232 -85.709  38.232 -85.709  3.78
7 11  52.0 38.232 -85.709  38.232 -85.709  4.27
1 11  53.0 38.232 -85.709  38.232 -85.709  1.93
7 11  53.0 38.232 -85.709  38.232 -85.709  4.82
6 21  55.0 38.232 -85.709  38.232 -85.709  2.59
6 15  55.0 38.232 -85.709  38.232 -85.709  4.63
3 14  4.0 38.232 -85.71  38.233 -85.708  0.124
7 7  4.0 38.234 -85.713  38.231 -85.705  0.54
4 7  4.0 38.235 -85.714  38.23 -85.704  0.668
7 11  6.0 38.234 -85.713  38.231 -85.705  0.49
7 20  6.0 38.234 -85.713  38.231 -85.705  0.497
1 9  7.0 38.233 -85.711  38.232 -85.707  0.23
2 11  7.0 38.234 -85.713  38.231 -85.705  0.52
4 14  7.0 38.235 -85.714  38.23 -85.704  0.75
2 11  8.0 38.234 -85.713  38.231 -85.705  0.52
7 10  11.0 38.233 -85.71  38.232 -85.708  0.31
1 18  11.0 38.232 -85.71  38.233 -85.708  0.5
1 18  11.0 38.232 -85.71  38.233 -85.708  0.51
1 16  20.0 38.234 -85.713  38.231 -85.705  2.61
7 14  21.0 38.232 -85.709  38.233 -85.709  3.37
5 16  23.0 38.232 -85.71  38.233 -85.708  2.299
1 10  25.0 38.232 -85.71  38.233 -85.708  3.08
7 11  27.0 38.232 -85.71  38.233 -85.708  4.486
3 15  29.0 38.234 -85.709  38.231 -85.709  3.72
5 17  31.0 38.233 -85.709  38.232 -85.709  1.056
3 15  2.0 38.233 -85.711  38.233 -85.707  0.25
5 23  5.0 38.233 -85.709  38.233 -85.709  0.249
3 6  7.0 38.235 -85.713  38.231 -85.705  0.72
1 18  10.0 38.235 -85.714  38.231 -85.704  1.1
2 17  53.0 38.233 -85.71  38.233 -85.708  0.95
7 15  30.0 38.235 -85.71  38.232 -85.708  4.97
4 16  48.0 38.235 -85.712  38.232 -85.706  1.53
3 12  11.0 38.237 -85.713  38.231 -85.705  1.31
7 10  24.0 38.236 -85.709  38.232 -85.709  2.73
3 12  55.0 38.236 -85.714  38.232 -85.704  1.74
7 22  5.0 38.223 -85.71  38.231 -85.707  0.85
7 12  29.0 38.227 -85.713  38.23 -85.704  2.05
7 22  12.0 38.227 -85.708  38.231 -85.709  1.23
6 10  3.0 38.228 -85.708  38.231 -85.709  0.17
6 14  3.0 38.227 -85.708  38.232 -85.709  0.28
1 6  3.0 38.228 -85.71  38.231 -85.707  0.45
5 21  4.0 38.227 -85.708  38.232 -85.709  0.497
2 20  5.0 38.23 -85.708  38.229 -85.709  0.063
3 16  5.0 38.227 -85.708  38.232 -85.709  0.39
1 3  5.0 38.227 -85.708  38.232 -85.709  0.43
5 13  5.0 38.227 -85.708  38.232 -85.709  0.8
4 17  6.0 38.227 -85.708  38.232 -85.709  0.87
1 3  7.0 38.227 -85.708  38.232 -85.709  0.44
3 12  21.0 38.227 -85.708  38.232 -85.709  0.87
2 16  7.0 38.229 -85.708  38.231 -85.709  0.31
3 20  30.0 38.229 -85.71  38.231 -85.707  1.616
6 9  4.0 38.232 -85.713  38.229 -85.704  0.68
5 13  6.0 38.229 -85.709  38.232 -85.708  0.38
3 16  6.0 38.232 -85.71  38.23 -85.707  0.38
7 17  8.0 38.231 -85.709  38.231 -85.708  0.18
2 18  29.0 38.233 -85.711  38.229 -85.706  4.69
7 6  2.0 38.232 -85.709  38.231 -85.708  0.26
4 11  3.0 38.231 -85.708  38.232 -85.709  0.06
2 20  3.0 38.231 -85.708  38.232 -85.709  0.063
4 6  3.0 38.232 -85.709  38.231 -85.708  0.09
7 10  3.0 38.232 -85.71  38.231 -85.707  0.16
4 15  4.0 38.232 -85.709  38.231 -85.708  0.109
3 12  4.0 38.232 -85.71  38.231 -85.707  0.12
1 15  6.0 38.232 -85.709  38.231 -85.708  0.37
7 17  7.0 38.231 -85.708  38.232 -85.709  0.28
3 11  7.0 38.231 -85.708  38.232 -85.709  0.746
1 17  8.0 38.233 -85.708  38.23 -85.709  0.124
1 17  8.0 38.232 -85.712  38.231 -85.705  0.59
2 18  9.0 38.232 -85.709  38.231 -85.708  0.42
1 14  12.0 38.232 -85.71  38.231 -85.707  0.497
7 20  14.0 38.231 -85.71  38.232 -85.707  0.249
2 4  14.0 38.232 -85.71  38.231 -85.707  1.19
7 16  18.0 38.232 -85.71  38.231 -85.707  0.57
2 14  46.0 38.231 -85.708  38.232 -85.709  4.41
7 6  2.0 38.233 -85.711  38.231 -85.706  0.301
6 16  3.0 38.232 -85.708  38.232 -85.709  0.06
7 11  3.0 38.232 -85.709  38.232 -85.708  0.06
2 20  3.0 38.232 -85.708  38.232 -85.709  0.09
2 16  3.0 38.232 -85.71  38.232 -85.707  0.23
2 6  3.0 38.233 -85.711  38.231 -85.706  0.295
5 6  3.0 38.233 -85.711  38.231 -85.706  0.342
3 18  4.0 38.232 -85.709  38.232 -85.708  0.123
3 13  4.0 38.232 -85.709  38.232 -85.708  0.28
3 6  4.0 38.233 -85.711  38.231 -85.706  0.31
4 20  4.0 38.233 -85.711  38.231 -85.706  0.35
4 9  4.0 38.233 -85.711  38.231 -85.706  0.35
3 5  4.0 38.234 -85.713  38.23 -85.704  0.61
7 3  4.0 38.234 -85.713  38.23 -85.704  0.62
7 15  5.0 38.233 -85.709  38.231 -85.708  0.22
7 9  5.0 38.232 -85.708  38.232 -85.709  0.25
3 6  5.0 38.232 -85.709  38.232 -85.708  0.44
7 14  5.0 38.233 -85.712  38.231 -85.705  0.71
2 17  6.0 38.232 -85.708  38.232 -85.709  0.079
4 13  6.0 38.232 -85.709  38.232 -85.708  0.42
7 23  6.0 38.232 -85.709  38.232 -85.708  0.91
3 16  6.0 38.232 -85.709  38.232 -85.708  0.93
6 10  7.0 38.232 -85.709  38.232 -85.708  0.06
1 14  7.0 38.232 -85.709  38.232 -85.708  0.15
3 15  8.0 38.232 -85.708  38.232 -85.709  0.062
2 10  8.0 38.233 -85.712  38.231 -85.705  0.45
7 14  8.0 38.233 -85.712  38.231 -85.705  0.61
1 14  8.0 38.233 -85.711  38.231 -85.706  0.68
7 16  8.0 38.232 -85.71  38.232 -85.707  0.89
5 9  8.0 38.233 -85.711  38.231 -85.706  1.65
6 16  9.0 38.232 -85.708  38.232 -85.709  0.61
7 14  9.0 38.233 -85.711  38.231 -85.706  1.52
5 18  10.0 38.234 -85.713  38.23 -85.704  0.621
7 14  10.0 38.233 -85.711  38.231 -85.706  1.61
2 19  12.0 38.233 -85.711  38.231 -85.706  0.5
1 12  14.0 38.233 -85.712  38.231 -85.705  1.68
7 17  16.0 38.232 -85.708  38.232 -85.709  1.25
7 17  16.0 38.232 -85.708  38.232 -85.709  1.3
5 13  18.0 38.233 -85.712  38.231 -85.705  0.41
7 13  19.0 38.232 -85.711  38.232 -85.706  1.9
2 13  19.0 38.232 -85.713  38.232 -85.704  2.04
6 9  20.0 38.232 -85.71  38.232 -85.707  0.373
5 10  21.0 38.233 -85.711  38.231 -85.706  0.79
1 14  22.0 38.233 -85.711  38.231 -85.706  1.8
6 20  24.0 38.232 -85.709  38.232 -85.708  0.1
1 16  24.0 38.232 -85.708  38.232 -85.709  2.01
5 11  25.0 38.232 -85.708  38.232 -85.709  3.56
6 12  31.0 38.232 -85.709  38.232 -85.708  3.68
6 14  32.0 38.232 -85.709  38.232 -85.708  2.11
6 14  33.0 38.232 -85.709  38.232 -85.708  2.05
7 10  34.0 38.232 -85.708  38.232 -85.709  2.31
7 17  34.0 38.232 -85.708  38.232 -85.709  4.66
2 14  42.0 38.232 -85.708  38.232 -85.709  4.04
7 16  42.0 38.232 -85.71  38.232 -85.707  4.66
1 14  49.0 38.232 -85.708  38.232 -85.709  1.93
7 17  7.0 38.234 -85.712  38.231 -85.705  0.497
1 15  8.0 38.235 -85.71  38.23 -85.707  0.62
7 14  8.0 38.233 -85.711  38.232 -85.706  1.19
7 12  21.0 38.232 -85.709  38.233 -85.708  3.21
3 15  23.0 38.232 -85.709  38.233 -85.708  2.73
1 17  25.0 38.232 -85.709  38.233 -85.708  2.45
1 10  25.0 38.232 -85.709  38.233 -85.708  3.11
6 13  36.0 38.232 -85.709  38.233 -85.708  3.87
7 9  52.0 38.233 -85.713  38.232 -85.704  0.96
7 16  5.0 38.233 -85.71  38.233 -85.707  0.18
7 15  5.0 38.233 -85.708  38.233 -85.709  1.553
2 13  10.0 38.234 -85.708  38.232 -85.709  0.39
1 12  11.0 38.233 -85.709  38.233 -85.708  0.05
7 15  12.0 38.234 -85.708  38.232 -85.709  1.26
7 16  19.0 38.233 -85.708  38.233 -85.709  0.92
7 11  5.0 38.235 -85.708  38.232 -85.709  0.24
1 18  10.0 38.236 -85.71  38.232 -85.707  1.12
7 16  11.0 38.238 -85.712  38.232 -85.705  1.056
7 10  24.0 38.239 -85.708  38.232 -85.709  2.79
6 8  36.0 38.273 -85.708  38.232 -85.709  4.07
1 9  6.0 38.218 -85.707  38.232 -85.709  1.02
1 11  7.0 38.222 -85.709  38.23 -85.707  1.23
5 18  5.0 38.223 -85.711  38.231 -85.705  0.54
2 14  5.0 38.223 -85.711  38.231 -85.705  0.63
3 6  5.0 38.223 -85.711  38.231 -85.705  0.8
1 22  5.0 38.223 -85.711  38.231 -85.705  0.82
2 16  7.0 38.223 -85.711  38.231 -85.705  0.6
5 10  7.0 38.223 -85.711  38.231 -85.705  0.82
3 17  8.0 38.223 -85.711  38.231 -85.705  0.65
1 13  8.0 38.223 -85.711  38.231 -85.705  0.84
6 6  8.0 38.223 -85.711  38.231 -85.705  1.01
1 3  9.0 38.223 -85.711  38.231 -85.705  0.88
1 19  11.0 38.223 -85.711  38.231 -85.705  1.13
6 16  13.0 38.223 -85.711  38.231 -85.705  1.13
6 23  5.0 38.224 -85.711  38.231 -85.705  0.51
1 13  5.0 38.224 -85.711  38.231 -85.705  0.68
5 19  6.0 38.224 -85.711  38.231 -85.705  0.435
7 19  6.0 38.224 -85.711  38.231 -85.705  0.71
1 19  6.0 38.224 -85.711  38.231 -85.705  0.74
7 16  7.0 38.224 -85.711  38.231 -85.705  0.59
7 13  54.0 38.227 -85.711  38.23 -85.705  4.22
3 16  5.0 38.228 -85.709  38.23 -85.707  0.41
7 20  7.0 38.226 -85.708  38.232 -85.708  0.497
3 20  4.0 38.229 -85.712  38.23 -85.704  0.5
7 7  8.0 38.227 -85.708  38.232 -85.708  0.24
1 16  18.0 38.228 -85.708  38.232 -85.708  2.06
2 11  2.0 38.232 -85.709  38.229 -85.707  0.25
2 12  3.0 38.229 -85.707  38.232 -85.709  0.22
6 10  6.0 38.232 -85.711  38.229 -85.705  0.75
1 12  15.0 38.232 -85.709  38.229 -85.707  0.68
3 17  17.0 38.231 -85.71  38.23 -85.706  1.864
1 13  3.0 38.231 -85.709  38.231 -85.707  0.09
7 13  3.0 38.231 -85.708  38.231 -85.708  0.31
7 20  4.0 38.231 -85.708  38.231 -85.708  0.28
6 15  6.0 38.232 -85.709  38.23 -85.707  0.62
6 17  10.0 38.23 -85.708  38.232 -85.708  1.06
2 20  11.0 38.231 -85.708  38.231 -85.708  0.63
6 12  13.0 38.231 -85.711  38.231 -85.705  1.6
7 14  21.0 38.23 -85.71  38.232 -85.706  3.48
2 15  36.0 38.231 -85.707  38.231 -85.709  3.73
7 17  3.0 38.231 -85.707  38.232 -85.709  0.15
3 12  3.0 38.232 -85.709  38.231 -85.707  0.16
1 9  3.0 38.232 -85.71  38.231 -85.706  0.19
1 17  3.0 38.231 -85.707  38.232 -85.709  0.23
7 12  3.0 38.231 -85.709  38.232 -85.707  0.24
2 19  3.0 38.232 -85.71  38.231 -85.706  0.255
7 17  3.0 38.231 -85.707  38.232 -85.709  0.31
2 4  3.0 38.233 -85.712  38.23 -85.704  0.48
1 6  3.0 38.233 -85.712  38.23 -85.704  0.51
1 14  4.0 38.233 -85.712  38.23 -85.704  0.5
7 7  4.0 38.233 -85.712  38.23 -85.704  0.684
7 14  5.0 38.232 -85.71  38.231 -85.706  0.23
5 20  5.0 38.232 -85.71  38.231 -85.706  0.25
3 10  5.0 38.232 -85.71  38.231 -85.706  0.28
5 9  5.0 38.233 -85.711  38.23 -85.705  0.68
7 17  6.0 38.231 -85.707  38.232 -85.709  0.28
7 13  6.0 38.232 -85.709  38.231 -85.707  0.32
6 15  7.0 38.231 -85.707  38.232 -85.709  0.21
4 14  7.0 38.233 -85.712  38.23 -85.704  0.489
1 15  8.0 38.232 -85.709  38.231 -85.707  0.26
1 18  10.0 38.232 -85.71  38.231 -85.706  1.4
7 17  12.0 38.231 -85.707  38.232 -85.709  0.89
6 12  13.0 38.232 -85.709  38.231 -85.707  0.39
1 13  17.0 38.232 -85.71  38.231 -85.706  1.88
2 14  21.0 38.232 -85.71  38.231 -85.706  0.85
5 16  22.0 38.23 -85.708  38.233 -85.708  3.169
5 21  24.0 38.231 -85.707  38.232 -85.709  3.169
6 12  29.0 38.232 -85.709  38.231 -85.707  0.27
7 23  30.0 38.231 -85.709  38.232 -85.707  0.24
3 10  31.0 38.233 -85.711  38.23 -85.705  2.796
5 15  34.0 38.232 -85.71  38.231 -85.706  1.37
2 18  39.0 38.231 -85.707  38.232 -85.709  1.926
1 12  45.0 38.232 -85.712  38.231 -85.704  2.31
4 8  2.0 38.232 -85.708  38.232 -85.708  0.621
7 7  3.0 38.233 -85.711  38.231 -85.705  0.37
7 20  4.0 38.232 -85.708  38.232 -85.708  0.05
6 9  4.0 38.233 -85.712  38.231 -85.704  0.062
7 16  4.0 38.232 -85.708  38.232 -85.708  0.07
6 16  4.0 38.232 -85.707  38.232 -85.709  0.16
3 14  4.0 38.232 -85.708  38.232 -85.708  0.25
6 12  4.0 38.232 -85.71  38.232 -85.706  0.25
1 2  4.0 38.234 -85.712  38.23 -85.704  0.5
6 22  5.0 38.232 -85.708  38.232 -85.708  0.062
1 9  5.0 38.233 -85.711  38.231 -85.705  0.35
1 13  5.0 38.233 -85.711  38.231 -85.705  0.373
1 2  5.0 38.234 -85.712  38.23 -85.704  0.5
6 20  6.0 38.232 -85.708  38.232 -85.708  0.186
2 10  6.0 38.233 -85.711  38.231 -85.705  0.31
7 17  7.0 38.232 -85.708  38.232 -85.708  0.79
1 14  8.0 38.232 -85.708  38.232 -85.708  0.79
6 20  11.0 38.232 -85.708  38.232 -85.708  0.65
1 15  11.0 38.234 -85.712  38.23 -85.704  1.21
2 13  13.0 38.232 -85.709  38.232 -85.707  0.29
7 10  13.0 38.233 -85.711  38.231 -85.705  0.63
7 10  13.0 38.233 -85.711  38.231 -85.705  0.8
6 14  17.0 38.232 -85.708  38.232 -85.708  1.71
3 17  20.0 38.232 -85.71  38.232 -85.706  1.926
7 14  20.0 38.232 -85.71  38.232 -85.706  3.83
2 18  21.0 38.234 -85.71  38.23 -85.706  1.6
3 15  24.0 38.233 -85.711  38.231 -85.705  2.5
7 19  25.0 38.232 -85.708  38.232 -85.708  3.79
5 17  30.0 38.232 -85.707  38.232 -85.709  0.58
7 10  33.0 38.232 -85.708  38.232 -85.708  2.45
6 21  38.0 38.232 -85.708  38.232 -85.708  1.491
7 12  47.0 38.232 -85.708  38.232 -85.708  1.62
7 12  50.0 38.232 -85.708  38.232 -85.708  1.89
5 22  54.0 38.232 -85.707  38.232 -85.709  0.249
2 15  54.0 38.232 -85.709  38.232 -85.707  4.42
1 12  2.0 38.233 -85.707  38.232 -85.709  0.4
7 7  4.0 38.233 -85.711  38.232 -85.705  0.28
1 16  18.0 38.232 -85.709  38.233 -85.707  2.11
1 16  24.0 38.233 -85.708  38.232 -85.708  1.46
6 18  3.0 38.235 -85.709  38.231 -85.707  0.43
1 15  4.0 38.233 -85.708  38.233 -85.708  0.12
1 20  7.0 38.233 -85.708  38.233 -85.708  0.124
1 20  42.0 38.233 -85.711  38.233 -85.705  4.36
6 18  12.0 38.234 -85.708  38.233 -85.708  0.17
1 11  43.0 38.236 -85.712  38.231 -85.704  3.34
1 21  8.0 38.238 -85.711  38.233 -85.705  0.72
1 19  10.0 38.244 -85.711  38.231 -85.705  0.86
6 11  32.0 38.256 -85.707  38.232 -85.709  3.26
3 16  5.0 38.221 -85.709  38.231 -85.706  0.84
4 11  4.0 38.223 -85.71  38.23 -85.705  0.74
4 17  7.0 38.223 -85.71  38.23 -85.705  0.87
1 5  13.0 38.222 -85.706  38.232 -85.709  1.32
3 18  5.0 38.225 -85.708  38.23 -85.707  0.48
2 14  10.0 38.227 -85.709  38.229 -85.706  0.31
7 7  3.0 38.226 -85.71  38.231 -85.705  0.56
7 14  5.0 38.229 -85.707  38.229 -85.708  0.15
7 14  9.0 38.229 -85.707  38.229 -85.708  0.23
7 15  5.0 38.226 -85.707  38.233 -85.708  0.497
3 21  8.0 38.228 -85.706  38.231 -85.709  0.435
3 14  24.0 38.229 -85.709  38.23 -85.706  2.35
6 20  13.0 38.231 -85.708  38.229 -85.707  0.81
6 19  17.0 38.229 -85.711  38.231 -85.704  0.93
7 17  3.0 38.23 -85.71  38.231 -85.705  0.44
2 15  4.0 38.231 -85.707  38.23 -85.708  0.12
1 11  4.0 38.229 -85.706  38.232 -85.709  0.5
7 7  5.0 38.232 -85.711  38.229 -85.704  0.45
2 15  14.0 38.23 -85.707  38.231 -85.708  0.94
3 14  28.0 38.23 -85.708  38.231 -85.707  3.32
7 14  29.0 38.232 -85.708  38.229 -85.707  3.7
1 17  3.0 38.231 -85.707  38.231 -85.708  0.19
5 17  3.0 38.231 -85.708  38.231 -85.707  0.25
2 18  6.0 38.231 -85.707  38.231 -85.708  0.31
1 17  7.0 38.231 -85.711  38.231 -85.704  0.94
7 16  8.0 38.231 -85.706  38.231 -85.709  0.3
5 23  9.0 38.232 -85.711  38.23 -85.704  0.468
3 11  27.0 38.23 -85.706  38.232 -85.709  0.98
7 13  2.0 38.232 -85.709  38.231 -85.706  0.22
3 15  3.0 38.232 -85.709  38.231 -85.706  0.11
7 16  3.0 38.232 -85.709  38.231 -85.706  0.13
1 16  3.0 38.232 -85.709  38.231 -85.706  0.19
1 16  3.0 38.232 -85.709  38.231 -85.706  0.19
1 20  3.0 38.231 -85.706  38.232 -85.709  0.23
2 18  3.0 38.232 -85.709  38.231 -85.706  0.24
1 20  3.0 38.231 -85.706  38.232 -85.709  0.24
3 11  3.0 38.233 -85.711  38.23 -85.704  0.43
5 6  3.0 38.233 -85.711  38.23 -85.704  0.44
1 14  3.0 38.233 -85.711  38.23 -85.704  0.46
1 6  3.0 38.233 -85.711  38.23 -85.704  0.46
5 16  4.0 38.231 -85.706  38.232 -85.709  0.124
3 20  4.0 38.231 -85.706  38.232 -85.709  0.14
4 19  4.0 38.232 -85.709  38.231 -85.706  0.18
1 15  4.0 38.232 -85.709  38.231 -85.706  0.19
1 17  4.0 38.231 -85.706  38.232 -85.709  0.205
5 13  4.0 38.232 -85.71  38.231 -85.705  0.319
7 13  4.0 38.232 -85.71  38.231 -85.705  0.32
5 11  4.0 38.233 -85.711  38.23 -85.704  0.46
7 16  5.0 38.232 -85.708  38.231 -85.707  0.21
5 17  5.0 38.231 -85.706  38.232 -85.709  0.25
3 17  5.0 38.232 -85.709  38.231 -85.706  0.257
7 11  5.0 38.232 -85.709  38.231 -85.706  0.27
7 12  5.0 38.232 -85.71  38.231 -85.705  0.296
7 13  5.0 38.232 -85.71  38.231 -85.705  0.3
1 18  5.0 38.233 -85.709  38.23 -85.706  0.497
7 12  5.0 38.232 -85.709  38.231 -85.706  0.62
7 20  6.0 38.231 -85.707  38.232 -85.708  0.16
1 14  6.0 38.233 -85.711  38.23 -85.704  0.36
1 14  6.0 38.233 -85.711  38.23 -85.704  0.43
1 14  7.0 38.231 -85.707  38.232 -85.708  0.06
7 23  7.0 38.231 -85.707  38.232 -85.708  0.19
4 19  7.0 38.232 -85.71  38.231 -85.705  0.27
5 19  8.0 38.231 -85.706  38.232 -85.709  0.186
5 13  8.0 38.232 -85.709  38.231 -85.706  0.249
1 15  8.0 38.232 -85.708  38.231 -85.707  0.249
7 14  8.0 38.231 -85.706  38.232 -85.709  0.79
6 20  8.0 38.232 -85.71  38.231 -85.705  0.89
5 12  9.0 38.232 -85.71  38.231 -85.705  0.435
7 14  9.0 38.232 -85.71  38.231 -85.705  1.21
6 19  11.0 38.231 -85.707  38.232 -85.708  0.19
1 16  12.0 38.231 -85.707  38.232 -85.708  1.609
6 15  13.0 38.232 -85.709  38.231 -85.706  0.25
5 13  13.0 38.232 -85.71  38.231 -85.705  0.29
7 11  13.0 38.232 -85.71  38.231 -85.705  0.435
5 8  13.0 38.232 -85.709  38.231 -85.706  0.72
3 13  15.0 38.232 -85.709  38.231 -85.706  0.746
1 19  16.0 38.232 -85.71  38.231 -85.705  0.62
3 19  16.0 38.232 -85.71  38.231 -85.705  2.92
7 5  18.0 38.232 -85.71  38.231 -85.705  0.1
1 12  18.0 38.233 -85.711  38.23 -85.704  1.33
2 20  18.0 38.232 -85.708  38.231 -85.707  1.988
1 10  19.0 38.232 -85.708  38.231 -85.707  0.09
1 19  19.0 38.232 -85.71  38.231 -85.705  0.82
7 13  19.0 38.232 -85.709  38.231 -85.706  1.67
7 13  19.0 38.232 -85.709  38.231 -85.706  2.24
2 17  20.0 38.232 -85.709  38.231 -85.706  1.43
7 13  20.0 38.232 -85.709  38.231 -85.706  2.35
7 19  20.0 38.232 -85.709  38.231 -85.706  2.82
6 14  21.0 38.232 -85.71  38.231 -85.705  0.5
4 19  21.0 38.231 -85.706  38.232 -85.709  0.59
5 10  21.0 38.232 -85.71  38.231 -85.705  0.78
7 12  22.0 38.231 -85.706  38.232 -85.709  2.17
4 12  25.0 38.232 -85.709  38.231 -85.706  0.97
7 5  26.0 38.232 -85.709  38.231 -85.706  1.31
6 13  27.0 38.231 -85.707  38.232 -85.708  1.17
3 17  28.0 38.232 -85.708  38.231 -85.707  0.68
3 10  32.0 38.233 -85.711  38.23 -85.704  2.858
7 12  37.0 38.231 -85.706  38.232 -85.709  3.68
1 17  44.0 38.231 -85.706  38.232 -85.709  0.746
3 16  55.0 38.231 -85.706  38.232 -85.709  3.67
4 17  4.0 38.233 -85.71  38.231 -85.705  0.39
7 13  4.0 38.233 -85.711  38.231 -85.704  0.49
7 13  4.0 38.233 -85.711  38.231 -85.704  0.5
6 15  5.0 38.233 -85.708  38.231 -85.707  0.422
7 17  5.0 38.233 -85.711  38.231 -85.704  0.43
7 13  6.0 38.232 -85.707  38.232 -85.708  0.13
7 22  8.0 38.233 -85.71  38.231 -85.705  0.497
3 11  13.0 38.233 -85.711  38.231 -85.704  2.51
4 13  15.0 38.232 -85.709  38.232 -85.706  1.0
1 12  18.0 38.233 -85.711  38.231 -85.704  1.36
7 10  21.0 38.234 -85.707  38.23 -85.708  2.6
6 17  27.0 38.232 -85.709  38.232 -85.706  0.35
7 18  35.0 38.232 -85.708  38.232 -85.707  3.23
7 13  43.0 38.231 -85.706  38.233 -85.709  1.176
4 14  6.0 38.233 -85.706  38.232 -85.709  0.53
7 12  9.0 38.234 -85.706  38.231 -85.709  0.29
6 17  15.0 38.233 -85.707  38.232 -85.708  0.435
7 2  15.0 38.234 -85.71  38.231 -85.705  1.29
3 12  32.0 38.235 -85.71  38.231 -85.705  1.41
7 14  25.0 38.236 -85.711  38.231 -85.704  1.05
6 4  47.0 38.235 -85.706  38.232 -85.709  4.06
4 17  20.0 38.239 -85.706  38.233 -85.709  0.684
2 17  12.0 38.221 -85.705  38.23 -85.709  1.83
5 14  14.0 38.222 -85.71  38.229 -85.704  1.3
2 20  39.0 38.22 -85.705  38.232 -85.709  4.66
1 16  6.0 38.223 -85.71  38.23 -85.704  0.684
6 9  4.0 38.227 -85.706  38.229 -85.708  0.23
6 23  5.0 38.226 -85.709  38.231 -85.705  0.57
3 19  13.0 38.227 -85.706  38.23 -85.708  1.33
7 8  30.0 38.227 -85.709  38.231 -85.705  2.2
7 8  30.0 38.227 -85.709  38.231 -85.705  2.22
6 21  6.0 38.229 -85.709  38.231 -85.705  0.45
7 16  14.0 38.23 -85.708  38.23 -85.706  0.55
2 15  21.0 38.23 -85.707  38.23 -85.707  2.82
3 20  41.0 38.23 -85.706  38.23 -85.708  4.85
6 12  42.0 38.229 -85.709  38.231 -85.705  0.72
5 10  3.0 38.232 -85.709  38.229 -85.705  0.31
3 13  3.0 38.232 -85.709  38.229 -85.705  0.48
7 18  4.0 38.23 -85.709  38.231 -85.705  0.38
7 14  6.0 38.232 -85.706  38.229 -85.708  0.28
6 15  2.0 38.231 -85.707  38.231 -85.707  0.186
4 15  2.0 38.232 -85.71  38.23 -85.704  0.2
1 11  2.0 38.232 -85.71  38.23 -85.704  0.31
4 13  3.0 38.231 -85.707  38.231 -85.707  0.05
2 13  3.0 38.231 -85.707  38.231 -85.707  0.062
6 13  3.0 38.231 -85.707  38.231 -85.707  0.14
7 12  3.0 38.232 -85.71  38.23 -85.704  0.19
1 6  3.0 38.232 -85.71  38.23 -85.704  0.37
7 14  4.0 38.231 -85.707  38.231 -85.707  0.12
6 15  4.0 38.232 -85.71  38.23 -85.704  0.34
4 12  4.0 38.232 -85.71  38.23 -85.704  0.93
1 12  6.0 38.231 -85.707  38.231 -85.707  0.17
7 18  6.0 38.231 -85.705  38.231 -85.709  0.19
2 19  6.0 38.231 -85.706  38.231 -85.708  0.25
5 13  6.0 38.231 -85.707  38.231 -85.707  0.31
4 20  6.0 38.233 -85.708  38.229 -85.706  0.497
7 12  6.0 38.229 -85.705  38.233 -85.709  0.559
3 17  7.0 38.232 -85.709  38.23 -85.705  0.22
3 20  7.0 38.231 -85.707  38.231 -85.707  0.3
4 17  7.0 38.231 -85.707  38.231 -85.707  0.64
6 15  8.0 38.232 -85.71  38.23 -85.704  0.35
5 12  9.0 38.231 -85.708  38.231 -85.706  0.062
7 11  12.0 38.232 -85.71  38.23 -85.704  0.249
1 19  12.0 38.232 -85.71  38.23 -85.704  0.746
1 17  13.0 38.231 -85.707  38.231 -85.707  1.3
4 20  15.0 38.232 -85.71  38.23 -85.704  0.44
7 10  16.0 38.232 -85.71  38.23 -85.704  0.81
7 10  17.0 38.232 -85.71  38.23 -85.704  1.01
1 9  17.0 38.232 -85.71  38.23 -85.704  1.14
5 12  17.0 38.231 -85.708  38.231 -85.706  1.36
1 0  19.0 38.232 -85.71  38.23 -85.704  1.88
4 16  20.0 38.232 -85.708  38.23 -85.706  1.98
5 18  21.0 38.231 -85.705  38.231 -85.709  1.49
5 23  2.0 38.231 -85.706  38.232 -85.708  0.19
4 18  2.0 38.232 -85.709  38.231 -85.705  0.23
3 18  2.0 38.232 -85.709  38.231 -85.705  0.25
7 17  3.0 38.232 -85.709  38.231 -85.705  0.15
3 13  3.0 38.231 -85.706  38.232 -85.708  0.15
7 13  3.0 38.231 -85.706  38.232 -85.708  0.18
5 6  3.0 38.232 -85.709  38.231 -85.705  0.19
5 6  3.0 38.232 -85.709  38.231 -85.705  0.19
4 15  3.0 38.231 -85.705  38.232 -85.709  0.234
6 16  3.0 38.232 -85.709  38.231 -85.705  0.27
3 18  3.0 38.232 -85.709  38.231 -85.705  0.28
7 4  3.0 38.231 -85.705  38.232 -85.709  0.285
6 19  4.0 38.232 -85.708  38.231 -85.706  0.098
6 20  4.0 38.231 -85.706  38.232 -85.708  0.154
6 20  4.0 38.231 -85.705  38.232 -85.709  0.186
2 19  4.0 38.232 -85.71  38.231 -85.704  0.39
6 9  5.0 38.231 -85.706  38.232 -85.708  0.08
4 12  5.0 38.231 -85.706  38.232 -85.708  0.12
4 0  5.0 38.232 -85.709  38.231 -85.705  0.2
7 9  6.0 38.231 -85.706  38.232 -85.708  0.09
7 15  6.0 38.231 -85.706  38.232 -85.708  0.12
6 15  6.0 38.231 -85.705  38.232 -85.709  0.3
4 21  6.0 38.232 -85.709  38.231 -85.705  0.311
3 17  7.0 38.232 -85.709  38.231 -85.705  0.25
7 12  7.0 38.232 -85.705  38.231 -85.709  0.497
5 13  7.0 38.232 -85.709  38.231 -85.705  0.559
3 12  8.0 38.232 -85.709  38.231 -85.705  0.61
7 14  8.0 38.231 -85.706  38.232 -85.708  0.62
5 12  9.0 38.232 -85.71  38.231 -85.704  0.062
6 19  9.0 38.231 -85.705  38.232 -85.709  0.186
2 21  9.0 38.232 -85.71  38.231 -85.704  0.36
1 14  9.0 38.232 -85.708  38.231 -85.706  0.6
1 8  10.0 38.232 -85.709  38.231 -85.705  0.45
5 15  10.0 38.232 -85.71  38.231 -85.704  0.98
7 9  10.0 38.232 -85.708  38.231 -85.706  0.99
5 15  10.0 38.232 -85.71  38.231 -85.704  1.0
7 4  11.0 38.231 -85.705  38.232 -85.709  0.124
1 8  11.0 38.232 -85.709  38.231 -85.705  0.52
3 13  12.0 38.231 -85.705  38.232 -85.709  0.15
5 8  12.0 38.232 -85.709  38.231 -85.705  0.68
4 18  13.0 38.232 -85.709  38.231 -85.705  0.73
2 14  14.0 38.232 -85.71  38.231 -85.704  0.87
1 16  17.0 38.232 -85.709  38.231 -85.705  0.69
3 8  17.0 38.231 -85.706  38.232 -85.708  3.107
7 9  18.0 38.231 -85.706  38.232 -85.708  0.2
6 15  18.0 38.231 -85.706  38.232 -85.708  0.497
2 13  19.0 38.232 -85.709  38.231 -85.705  0.34
7 17  19.0 38.231 -85.705  38.232 -85.709  1.22
4 16  21.0 38.232 -85.708  38.231 -85.706  2.16
7 15  22.0 38.232 -85.709  38.231 -85.705  0.36
1 7  22.0 38.232 -85.709  38.231 -85.705  1.81
7 19  24.0 38.232 -85.709  38.231 -85.705  2.81
7 19  24.0 38.232 -85.709  38.231 -85.705  2.84
2 18  24.0 38.232 -85.71  38.231 -85.704  4.66
6 14  34.0 38.232 -85.709  38.231 -85.705  0.55
3 8  34.0 38.232 -85.709  38.231 -85.705  3.86
7 16  36.0 38.231 -85.708  38.232 -85.706  0.36
1 18  37.0 38.231 -85.705  38.232 -85.709  4.23
7 12  41.0 38.232 -85.709  38.231 -85.705  1.33
3 12  44.0 38.232 -85.709  38.231 -85.705  4.02
7 12  45.0 38.232 -85.709  38.231 -85.705  0.21
1 17  45.0 38.232 -85.709  38.231 -85.705  4.23
3 18  2.0 38.232 -85.709  38.232 -85.705  0.28
4 15  4.0 38.232 -85.707  38.232 -85.707  0.1
5 20  5.0 38.232 -85.707  38.232 -85.707  0.31
2 10  5.0 38.235 -85.708  38.229 -85.706  0.56
6 19  7.0 38.232 -85.707  38.232 -85.707  0.87
6 15  8.0 38.232 -85.707  38.232 -85.707  0.92
2 18  9.0 38.232 -85.708  38.232 -85.706  0.15
4 20  9.0 38.232 -85.707  38.232 -85.707  0.497
7 7  17.0 38.232 -85.709  38.232 -85.705  0.29
7 22  19.0 38.232 -85.709  38.232 -85.705  1.2
7 22  26.0 38.232 -85.709  38.232 -85.705  1.59
6 16  32.0 38.232 -85.709  38.232 -85.705  0.2
6 12  36.0 38.232 -85.707  38.232 -85.707  4.9
3 16  40.0 38.232 -85.709  38.232 -85.705  1.52
7 10  5.0 38.233 -85.708  38.232 -85.706  0.11
1 17  7.0 38.232 -85.708  38.233 -85.706  0.186
7 4  3.0 38.233 -85.707  38.233 -85.707  0.062
6 15  5.0 38.234 -85.705  38.232 -85.709  0.311
7 19  31.0 38.235 -85.705  38.231 -85.709  2.672
5 21  3.0 38.234 -85.706  38.233 -85.708  0.162
4 11  4.0 38.234 -85.707  38.233 -85.707  0.621
7 17  22.0 38.235 -85.705  38.232 -85.709  1.95
1 20  42.0 38.234 -85.709  38.233 -85.705  4.29
4 15  14.0 38.235 -85.705  38.233 -85.709  0.19
1 20  10.0 38.236 -85.707  38.233 -85.707  0.44
7 15  13.0 38.236 -85.705  38.233 -85.709  1.18
7 18  34.0 38.25 -85.705  38.23 -85.709  2.42
3 16  41.0 38.256 -85.705  38.232 -85.709  3.73
1 10  34.0 38.258 -85.708  38.231 -85.706  3.74
2 12  8.0 38.217 -85.704  38.231 -85.709  0.85
2 15  12.0 38.22 -85.708  38.231 -85.705  1.04
2 17  8.0 38.222 -85.709  38.231 -85.704  0.932
6 19  8.0 38.227 -85.707  38.229 -85.706  0.562
5 16  7.0 38.227 -85.709  38.23 -85.704  0.43
1 7  7.0 38.225 -85.709  38.232 -85.704  0.94
4 9  3.0 38.229 -85.707  38.229 -85.706  0.34
5 15  4.0 38.227 -85.705  38.231 -85.708  0.298
6 15  6.0 38.227 -85.709  38.231 -85.704  0.24
7 8  8.0 38.227 -85.709  38.231 -85.704  0.68
7 8  12.0 38.227 -85.709  38.231 -85.704  0.71
3 18  4.0 38.229 -85.707  38.23 -85.706  0.06
5 20  5.0 38.23 -85.707  38.229 -85.706  0.151
2 16  21.0 38.228 -85.708  38.231 -85.705  0.95
7 21  5.0 38.23 -85.708  38.23 -85.705  0.062
1 17  5.0 38.23 -85.706  38.23 -85.707  0.19
3 22  2.0 38.229 -85.707  38.232 -85.706  0.27
6 20  3.0 38.231 -85.707  38.23 -85.706  0.27
6 15  4.0 38.23 -85.704  38.231 -85.709  0.4
3 16  10.0 38.23 -85.707  38.231 -85.706  0.82
7 14  14.0 38.23 -85.704  38.231 -85.709  1.51
7 20  18.0 38.228 -85.704  38.233 -85.709  1.199
7 14  21.0 38.23 -85.704  38.231 -85.709  1.42
4 6  2.0 38.232 -85.709  38.23 -85.704  0.28
5 8  2.0 38.232 -85.709  38.23 -85.704  0.29
7 23  2.0 38.23 -85.704  38.232 -85.709  0.3
6 11  2.0 38.23 -85.704  38.232 -85.709  0.303
4 15  2.0 38.23 -85.704  38.232 -85.709  0.32
7 15  2.0 38.23 -85.704  38.232 -85.709  0.6
4 15  3.0 38.231 -85.707  38.231 -85.706  0.1
4 11  3.0 38.23 -85.706  38.232 -85.707  0.238
3 17  3.0 38.232 -85.709  38.23 -85.704  0.288
4 13  3.0 38.232 -85.709  38.23 -85.704  0.31
7 11  3.0 38.232 -85.709  38.23 -85.704  0.31
1 10  3.0 38.232 -85.709  38.23 -85.704  0.31
3 14  3.0 38.232 -85.709  38.23 -85.704  0.31
1 12  3.0 38.232 -85.709  38.23 -85.704  0.33
4 18  3.0 38.232 -85.709  38.23 -85.704  0.34
7 7  3.0 38.232 -85.709  38.23 -85.704  0.36
3 16  3.0 38.232 -85.709  38.23 -85.704  0.42
1 14  4.0 38.23 -85.704  38.232 -85.709  0.07
6 13  4.0 38.232 -85.709  38.23 -85.704  0.34
6 15  4.0 38.232 -85.709  38.23 -85.704  0.37
2 23  5.0 38.231 -85.706  38.231 -85.707  0.05
2 15  5.0 38.231 -85.707  38.231 -85.706  0.1
6 15  5.0 38.232 -85.709  38.23 -85.704  0.32
1 10  5.0 38.232 -85.709  38.23 -85.704  0.41
6 17  5.0 38.231 -85.705  38.231 -85.708  0.5
3 10  6.0 38.23 -85.704  38.232 -85.709  0.25
7 11  6.0 38.23 -85.704  38.232 -85.709  0.31
7 19  6.0 38.23 -85.704  38.232 -85.709  0.34
1 7  6.0 38.232 -85.709  38.23 -85.704  0.35
5 17  6.0 38.231 -85.706  38.231 -85.707  0.53
6 11  6.0 38.231 -85.707  38.231 -85.706  0.62
5 13  7.0 38.23 -85.704  38.232 -85.709  0.311
4 20  7.0 38.231 -85.706  38.231 -85.707  0.337
7 19  7.0 38.23 -85.704  38.232 -85.709  0.34
3 15  7.0 38.23 -85.704  38.232 -85.709  0.373
1 10  7.0 38.232 -85.709  38.23 -85.704  0.41
7 12  7.0 38.232 -85.709  38.23 -85.704  0.497
3 16  7.0 38.23 -85.704  38.232 -85.709  0.56
5 16  7.0 38.231 -85.705  38.231 -85.708  0.62
5 13  7.0 38.23 -85.704  38.232 -85.709  0.746
6 12  8.0 38.231 -85.708  38.231 -85.705  0.15
1 13  8.0 38.232 -85.709  38.23 -85.704  0.31
7 14  8.0 38.23 -85.704  38.232 -85.709  0.41
7 15  8.0 38.23 -85.704  38.232 -85.709  0.932
3 15  9.0 38.23 -85.704  38.232 -85.709  0.44
3 18  10.0 38.23 -85.704  38.232 -85.709  0.31
1 7  10.0 38.232 -85.709  38.23 -85.704  0.38
1 15  10.0 38.231 -85.706  38.231 -85.707  0.53
1 14  10.0 38.232 -85.709  38.23 -85.704  1.18
7 14  11.0 38.23 -85.704  38.232 -85.709  0.49
7 10  11.0 38.232 -85.709  38.23 -85.704  1.25
7 10  11.0 38.232 -85.709  38.23 -85.704  1.28
5 13  12.0 38.231 -85.706  38.231 -85.707  0.31
6 20  12.0 38.232 -85.707  38.23 -85.706  0.83
6 20  12.0 38.231 -85.706  38.231 -85.707  0.9
1 15  13.0 38.23 -85.704  38.232 -85.709  0.32
7 16  14.0 38.231 -85.707  38.231 -85.706  0.09
2 8  14.0 38.23 -85.704  38.232 -85.709  1.04
7 11  15.0 38.23 -85.704  38.232 -85.709  0.45
7 9  16.0 38.232 -85.709  38.23 -85.704  1.2
3 16  20.0 38.232 -85.709  38.23 -85.704  0.58
7 9  20.0 38.232 -85.709  38.23 -85.704  1.3
1 7  22.0 38.232 -85.709  38.23 -85.704  1.99
6 16  23.0 38.231 -85.707  38.231 -85.706  0.46
6 16  23.0 38.231 -85.707  38.231 -85.706  0.53
5 14  24.0 38.232 -85.709  38.23 -85.704  0.31
6 22  25.0 38.232 -85.709  38.23 -85.704  1.118
6 12  25.0 38.231 -85.706  38.231 -85.707  1.47
2 16  28.0 38.23 -85.704  38.232 -85.709  2.75
3 14  32.0 38.23 -85.704  38.232 -85.709  3.37
6 21  35.0 38.232 -85.709  38.23 -85.704  1.6
4 14  41.0 38.231 -85.