1 19  27.0 38.267 -85.787  38.251 -85.743  3.977
3 7  13.0 38.246 -85.781  38.249 -85.744  1.76
3 14  14.0 38.25 -85.782  38.251 -85.743  2.92
3 17  7.0 38.264 -85.781  38.25 -85.744  0.43
3 15  41.0 38.208 -85.777  38.251 -85.745  4.42
7 12  13.0 38.248 -85.776  38.251 -85.745  1.86
4 2  10.0 38.253 -85.771  38.249 -85.745  1.53
5 9  24.0 38.25 -85.771  38.25 -85.744  1.88
5 9  17.0 38.225 -85.769  38.248 -85.745  2.56
5 6  17.0 38.242 -85.771  38.247 -85.743  2.2
7 16  12.0 38.245 -85.771  38.25 -85.743  2.16
7 6  9.0 38.254 -85.769  38.249 -85.745  1.45
5 14  24.0 38.256 -85.771  38.251 -85.743  1.54
2 9  21.0 38.225 -85.768  38.247 -85.745  2.87
6 8  23.0 38.226 -85.77  38.251 -85.743  4.43
2 15  18.0 38.24 -85.768  38.248 -85.745  2.23
7 6  9.0 38.253 -85.768  38.248 -85.745  1.45
1 2  10.0 38.255 -85.768  38.249 -85.745  1.61
3 3  8.0 38.256 -85.768  38.249 -85.745  1.64
4 13  23.0 38.245 -85.767  38.25 -85.745  2.67
7 17  10.0 38.245 -85.767  38.251 -85.745  1.49
5 2  9.0 38.252 -85.769  38.248 -85.743  1.54
7 18  11.0 38.247 -85.767  38.25 -85.744  1.49
5 8  14.0 38.25 -85.766  38.25 -85.745  1.491
1 13  8.0 38.254 -85.766  38.251 -85.745  1.0
7 16  17.0 38.23 -85.765  38.248 -85.745  1.367
7 18  11.0 38.247 -85.765  38.251 -85.745  1.44
7 19  22.0 38.247 -85.765  38.251 -85.745  2.45
7 12  13.0 38.254 -85.766  38.25 -85.744  1.17
2 17  17.0 38.255 -85.767  38.251 -85.743  1.49
5 14  13.0 38.247 -85.766  38.25 -85.743  1.64
6 16  14.0 38.247 -85.764  38.25 -85.745  1.367
6 2  11.0 38.249 -85.767  38.249 -85.742  1.52
7 18  11.0 38.255 -85.765  38.248 -85.744  1.6
1 14  18.0 38.252 -85.766  38.251 -85.743  1.68
7 17  11.0 38.254 -85.764  38.25 -85.745  1.429
6 10  20.0 38.255 -85.768  38.25 -85.741  1.6
6 10  15.0 38.227 -85.763  38.248 -85.745  2.5
1 12  13.0 38.226 -85.764  38.251 -85.744  2.49
5 11  18.0 38.234 -85.764  38.248 -85.744  2.58
2 3  12.0 38.235 -85.763  38.248 -85.745  1.58
3 4  10.0 38.248 -85.766  38.25 -85.742  1.43
1 14  16.0 38.254 -85.766  38.251 -85.742  1.76
7 13  15.0 38.255 -85.766  38.251 -85.742  1.465
7 0  25.0 38.204 -85.764  38.249 -85.743  4.12
6 18  50.0 38.208 -85.763  38.251 -85.744  4.45
4 6  14.0 38.225 -85.762  38.248 -85.745  2.27
4 7  24.0 38.225 -85.762  38.248 -85.745  2.2
4 10  11.0 38.232 -85.762  38.248 -85.745  1.864
7 21  25.0 38.232 -85.762  38.251 -85.745  2.423
5 11  8.0 38.236 -85.762  38.248 -85.745  1.67
6 11  7.0 38.245 -85.762  38.251 -85.745  1.37
3 12  8.0 38.253 -85.762  38.251 -85.745  1.118
2 15  12.0 38.253 -85.763  38.251 -85.744  0.99
7 8  12.0 38.253 -85.765  38.251 -85.742  1.39
3 12  19.0 38.254 -85.762  38.251 -85.745  0.932
1 13  13.0 38.258 -85.762  38.248 -85.745  2.18
1 10  23.0 38.256 -85.763  38.25 -85.744  2.05
1 23  22.0 38.204 -85.763  38.251 -85.743  3.97
1 1  22.0 38.21 -85.763  38.25 -85.743  3.62
7 10  19.0 38.22 -85.764  38.251 -85.742  2.99
4 7  28.0 38.223 -85.761  38.248 -85.745  2.27
4 9  14.0 38.225 -85.761  38.248 -85.745  2.27
5 11  10.0 38.232 -85.762  38.248 -85.744  1.81
4 3  11.0 38.233 -85.762  38.248 -85.744  2.1
4 2  12.0 38.235 -85.762  38.248 -85.744  1.54
6 4  12.0 38.237 -85.761  38.248 -85.745  1.82
3 10  9.0 38.255 -85.761  38.248 -85.745  0.83
1 12  12.0 38.255 -85.764  38.25 -85.742  1.44
7 12  10.0 38.257 -85.763  38.249 -85.743  1.29
3 8  19.0 38.257 -85.762  38.249 -85.744  1.98
7 15  21.0 38.255 -85.762  38.251 -85.744  0.684
3 12  31.0 38.257 -85.763  38.251 -85.743  2.71
3 14  31.0 38.203 -85.762  38.25 -85.743  3.728
6 16  37.0 38.203 -85.762  38.25 -85.743  4.0
3 14  29.0 38.217 -85.762  38.25 -85.743  2.77
3 18  17.0 38.22 -85.762  38.251 -85.743  3.0
3 6  13.0 38.226 -85.76  38.248 -85.745  2.17
5 11  12.0 38.233 -85.761  38.248 -85.744  2.08
4 6  12.0 38.235 -85.76  38.248 -85.745  1.58
6 9  13.0 38.235 -85.76  38.248 -85.745  1.8
6 18  23.0 38.234 -85.762  38.251 -85.743  1.491
7 18  7.0 38.246 -85.76  38.248 -85.745  1.05
5 15  12.0 38.246 -85.762  38.25 -85.743  1.4
1 17  8.0 38.246 -85.761  38.251 -85.744  0.311
5 9  9.0 38.249 -85.76  38.248 -85.745  0.8
7 14  9.0 38.248 -85.761  38.25 -85.744  1.02
5 8  27.0 38.249 -85.76  38.249 -85.745  0.88
1 22  11.0 38.251 -85.76  38.248 -85.745  0.311
7 10  6.0 38.251 -85.763  38.249 -85.742  1.12
1 23  9.0 38.252 -85.763  38.249 -85.742  1.36
7 15  28.0 38.254 -85.762  38.249 -85.743  3.5
1 16  13.0 38.257 -85.76  38.248 -85.745  1.34
1 9  27.0 38.206 -85.76  38.251 -85.744  3.94
2 8  18.0 38.217 -85.762  38.247 -85.742  2.78
6 18  23.0 38.223 -85.759  38.251 -85.745  2.52
3 13  28.0 38.224 -85.762  38.251 -85.742  3.21
5 18  8.0 38.246 -85.759  38.248 -85.745  0.95
4 8  12.0 38.246 -85.759  38.248 -85.745  0.88
5 14  12.0 38.244 -85.76  38.25 -85.744  1.61
4 18  34.0 38.246 -85.759  38.248 -85.745  4.26
4 16  7.0 38.249 -85.759  38.248 -85.745  0.93
2 14  22.0 38.247 -85.759  38.25 -85.745  1.17
4 15  7.0 38.251 -85.759  38.248 -85.745  0.87
4 6  10.0 38.25 -85.759  38.249 -85.745  1.08
5 10  20.0 38.249 -85.759  38.25 -85.745  1.33
5 14  7.0 38.251 -85.759  38.249 -85.745  0.808
5 11  17.0 38.252 -85.759  38.248 -85.745  1.53
5 15  7.0 38.251 -85.76  38.251 -85.744  0.94
5 14  10.0 38.253 -85.76  38.249 -85.744  0.373
4 17  15.0 38.253 -85.76  38.249 -85.744  1.1
3 11  21.0 38.251 -85.763  38.251 -85.741  1.429
7 12  9.0 38.253 -85.762  38.251 -85.742  1.02
1 16  12.0 38.256 -85.759  38.248 -85.745  1.32
2 16  6.0 38.254 -85.759  38.251 -85.745  0.83
6 14  6.0 38.254 -85.759  38.251 -85.745  1.03
6 16  7.0 38.254 -85.759  38.251 -85.745  0.81
2 14  17.0 38.254 -85.759  38.251 -85.745  0.87
2 16  14.0 38.257 -85.759  38.249 -85.745  1.243
6 15  11.0 38.256 -85.759  38.251 -85.745  1.15
4 12  10.0 38.259 -85.76  38.25 -85.744  1.22
2 6  11.0 38.26 -85.761  38.25 -85.743  1.33
7 13  34.0 38.202 -85.76  38.25 -85.743  3.85
2 9  17.0 38.224 -85.76  38.249 -85.743  2.55
4 6  14.0 38.225 -85.762  38.249 -85.741  2.61
4 15  23.0 38.223 -85.76  38.251 -85.743  2.67
6 7  11.0 38.229 -85.758  38.248 -85.745  2.21
7 16  17.0 38.23 -85.762  38.247 -85.741  0.497
7 11  12.0 38.234 -85.759  38.248 -85.744  1.48
6 12  12.0 38.234 -85.758  38.249 -85.745  2.113
5 13  7.0 38.238 -85.758  38.248 -85.745  0.91
3 20  11.0 38.241 -85.758  38.247 -85.745  1.0
6 18  7.0 38.245 -85.758  38.248 -85.745  0.9
6 17  7.0 38.243 -85.758  38.25 -85.745  0.96
3 14  6.0 38.246 -85.758  38.248 -85.745  0.95
1 13  6.0 38.246 -85.758  38.248 -85.745  0.97
7 17  7.0 38.246 -85.758  38.248 -85.745  0.82
6 14  13.0 38.246 -85.758  38.248 -85.745  1.36
6 16  19.0 38.246 -85.758  38.248 -85.745  0.89
7 20  7.0 38.247 -85.758  38.248 -85.745  0.94
7 10  8.0 38.245 -85.758  38.25 -85.745  0.75
4 17  7.0 38.248 -85.758  38.248 -85.745  0.83
4 17  8.0 38.247 -85.758  38.249 -85.745  1.12
7 4  9.0 38.246 -85.758  38.25 -85.745  0.98
6 14  30.0 38.245 -85.758  38.251 -85.745  1.118
1 12  35.0 38.246 -85.758  38.25 -85.745  2.237
5 14  7.0 38.248 -85.758  38.249 -85.745  1.17
5 11  7.0 38.251 -85.758  38.248 -85.745  0.86
5 14  8.0 38.251 -85.758  38.248 -85.745  0.87
6 12  9.0 38.248 -85.758  38.251 -85.745  0.99
6 14  10.0 38.251 -85.758  38.248 -85.745  0.82
2 22  11.0 38.251 -85.758  38.248 -85.745  0.932
2 11  11.0 38.251 -85.758  38.248 -85.745  0.94
4 9  11.0 38.251 -85.758  38.248 -85.745  0.97
4 13  7.0 38.251 -85.758  38.25 -85.745  0.694
2 12  19.0 38.253 -85.759  38.248 -85.744  1.07
3 12  13.0 38.251 -85.758  38.251 -85.745  1.5
5 5  24.0 38.254 -85.759  38.249 -85.744  3.91
4 15  7.0 38.253 -85.758  38.251 -85.745  0.75
6 10  18.0 38.256 -85.759  38.248 -85.744  1.79
2 6  14.0 38.254 -85.761  38.251 -85.742  1.59
3 11  11.0 38.256 -85.762  38.251 -85.741  1.13
1 17  28.0 38.256 -85.758  38.251 -85.745  2.61
7 13  12.0 38.257 -85.759  38.251 -85.744  1.181
6 18  13.0 38.257 -85.76  38.251 -85.743  1.27
3 17  16.0 38.259 -85.761  38.249 -85.742  2.07
5 14  24.0 38.216 -85.759  38.247 -85.743  3.169
7 21  29.0 38.222 -85.76  38.25 -85.742  0.05
6 9  10.0 38.227 -85.757  38.248 -85.745  2.28
1 18  25.0 38.228 -85.761  38.251 -85.741  4.438
6 11  10.0 38.232 -85.759  38.248 -85.743  1.83
5 11  12.0 38.235 -85.759  38.248 -85.743  1.97
5 14  11.0 38.237 -85.759  38.248 -85.743  1.429
7 3  11.0 38.237 -85.757  38.248 -85.745  1.63
2 7  19.0 38.238 -85.758  38.247 -85.744  1.56
4 15  36.0 38.235 -85.761  38.25 -85.741  2.45
5 9  10.0 38.238 -85.757  38.248 -85.745  1.63
4 18  17.0 38.245 -85.757  38.247 -85.745  0.69
1 10  5.0 38.242 -85.757  38.251 -85.745  0.9
1 2  6.0 38.246 -85.758  38.248 -85.744  0.88
1 23  8.0 38.247 -85.757  38.248 -85.745  0.932
6 10  11.0 38.249 -85.757  38.247 -85.745  0.7
5 18  8.0 38.249 -85.758  38.248 -85.744  0.774
1 16  8.0 38.25 -85.759  38.247 -85.743  1.056
6 15  9.0 38.248 -85.757  38.25 -85.745  0.93
6 16  10.0 38.247 -85.761  38.251 -85.741  1.34
6 14  11.0 38.251 -85.757  38.248 -85.745  0.86
4 9  20.0 38.252 -85.76  38.247 -85.742  1.48
2 12  8.0 38.249 -85.757  38.251 -85.745  0.932
4 17  7.0 38.251 -85.758  38.25 -85.744  0.746
4 13  10.0 38.253 -85.757  38.248 -85.745  1.1
6 18  15.0 38.253 -85.757  38.248 -85.745  0.497
6 18  16.0 38.253 -85.757  38.248 -85.745  0.87
2 16  23.0 38.253 -85.757  38.248 -85.745  0.746
3 16  7.0 38.251 -85.757  38.251 -85.745  0.79
4 14  10.0 38.251 -85.757  38.251 -85.745  0.99
6 14  11.0 38.254 -85.757  38.248 -85.745  1.056
2 15  13.0 38.254 -85.757  38.248 -85.745  1.429
3 7  5.0 38.252 -85.758  38.251 -85.744  0.91
3 15  7.0 38.254 -85.757  38.249 -85.745  1.12
4 18  5.0 38.253 -85.757  38.251 -85.745  0.7
5 16  5.0 38.253 -85.757  38.251 -85.745  0.74
6 16  5.0 38.253 -85.757  38.251 -85.745  0.78
6 13  5.0 38.253 -85.758  38.251 -85.744  0.79
4 11  5.0 38.253 -85.757  38.251 -85.745  0.8
2 13  5.0 38.253 -85.757  38.251 -85.745  0.88
5 17  6.0 38.253 -85.757  38.251 -85.745  0.73
7 14  6.0 38.253 -85.757  38.251 -85.745  0.746
5 16  6.0 38.253 -85.757  38.251 -85.745  0.79
5 16  6.0 38.253 -85.757  38.251 -85.745  0.86
6 15  7.0 38.253 -85.757  38.251 -85.745  0.684
7 9  8.0 38.254 -85.757  38.25 -85.745  0.92
1 14  11.0 38.253 -85.757  38.251 -85.745  0.65
6 18  12.0 38.255 -85.757  38.249 -85.745  1.02
2 10  14.0 38.257 -85.757  38.247 -85.745  1.87
6 14  22.0 38.253 -85.757  38.251 -85.745  2.175
5 17  6.0 38.254 -85.757  38.251 -85.745  0.75
3 17  6.0 38.254 -85.757  38.251 -85.745  0.76
5 16  6.0 38.254 -85.757  38.251 -85.745  0.91
1 5  10.0 38.256 -85.757  38.25 -85.745  1.52
1 12  14.0 38.255 -85.76  38.251 -85.742  1.181
6 18  14.0 38.257 -85.759  38.251 -85.743  1.31
6 14  14.0 38.22 -85.759  38.249 -85.742  2.62
4 20  14.0 38.223 -85.76  38.25 -85.741  2.49
6 12  10.0 38.228 -85.756  38.248 -85.745  1.78
6 18  20.0 38.229 -85.76  38.25 -85.741  3.08
5 11  11.0 38.234 -85.757  38.248 -85.744  1.81
1 13  16.0 38.24 -85.76  38.251 -85.741  1.616
7 6  5.0 38.243 -85.756  38.249 -85.745  0.746
3 18  19.0 38.244 -85.757  38.248 -85.744  1.429
1 2  25.0 38.246 -85.758  38.247 -85.743  3.02
2 10  7.0 38.246 -85.756  38.248 -85.745  0.77
7 16  9.0 38.246 -85.756  38.248 -85.745  0.87
2 18  10.0 38.245 -85.757  38.249 -85.744  1.02
7 12  5.0 38.248 -85.758  38.247 -85.743  0.87
2 14  8.0 38.247 -85.758  38.248 -85.743  0.932
1 8  4.0 38.248 -85.758  38.248 -85.743  0.65
1 13  8.0 38.245 -85.758  38.251 -85.743  0.98
3 18  11.0 38.246 -85.758  38.25 -85.743  1.18
6 20  28.0 38.248 -85.757  38.248 -85.744  1.99
3 17  8.0 38.249 -85.756  38.248 -85.745  0.621
4 18  8.0 38.247 -85.757  38.25 -85.744  0.88
6 17  8.0 38.25 -85.759  38.247 -85.742  1.138
3 11  10.0 38.247 -85.756  38.25 -85.745  1.07
3 10  7.0 38.248 -85.756  38.25 -85.745  1.0
3 16  7.0 38.249 -85.757  38.249 -85.744  1.12
2 16  9.0 38.249 -85.757  38.249 -85.744  1.18
5 7  10.0 38.248 -85.759  38.25 -85.742  0.124
6 17  12.0 38.247 -85.758  38.251 -85.743  1.23
7 18  43.0 38.25 -85.757  38.248 -85.744  1.93
7 16  7.0 38.251 -85.756  38.248 -85.745  0.84
3 15  12.0 38.25 -85.756  38.249 -85.745  0.99
2 13  8.0 38.251 -85.757  38.249 -85.744  0.249
2 12  8.0 38.249 -85.756  38.251 -85.745  0.87
1 7  10.0 38.253 -85.757  38.247 -85.744  1.08
6 11  16.0 38.253 -85.757  38.247 -85.744  1.09
5 16  18.0 38.253 -85.757  38.247 -85.744  1.24
6 16  30.0 38.253 -85.757  38.247 -85.744  1.491
6 16  38.0 38.253 -85.757  38.247 -85.744  1.429
6 9  45.0 38.251 -85.758  38.249 -85.743  1.52
6 16  55.0 38.253 -85.757  38.247 -85.744  1.181
4 16  10.0 38.253 -85.756  38.248 -85.745  0.92
4 14  10.0 38.25 -85.758  38.251 -85.743  1.12
6 21  12.0 38.251 -85.76  38.25 -85.741  1.181
6 15  32.0 38.253 -85.756  38.248 -85.745  1.616
6 16  53.0 38.253 -85.757  38.248 -85.744  1.181
5 6  5.0 38.251 -85.756  38.251 -85.745  0.73
2 14  6.0 38.252 -85.757  38.25 -85.744  0.87
2 17  14.0 38.254 -85.756  38.248 -85.745  1.86
4 5  16.0 38.251 -85.757  38.251 -85.744  1.92
3 16  6.0 38.253 -85.757  38.25 -85.744  0.8
2 16  6.0 38.253 -85.756  38.251 -85.745  0.64
6 17  8.0 38.253 -85.756  38.251 -85.745  0.93
7 16  19.0 38.253 -85.757  38.251 -85.744  1.305
7 11  12.0 38.224 -85.757  38.247 -85.743  2.0
3 19  13.0 38.224 -85.757  38.251 -85.743  2.31
5 16  10.0 38.231 -85.755  38.248 -85.745  1.53
3 9  10.0 38.235 -85.756  38.247 -85.744  1.43
4 17  5.0 38.238 -85.755  38.249 -85.745  0.87
7 4  7.0 38.244 -85.755  38.247 -85.745  0.85
5 16  16.0 38.244 -85.756  38.247 -85.744  1.05
6 6  47.0 38.244 -85.755  38.248 -85.745  3.05
5 13  7.0 38.245 -85.756  38.248 -85.744  0.82
3 19  6.0 38.246 -85.755  38.248 -85.745  0.74
4 14  7.0 38.246 -85.755  38.248 -85.745  0.74
6 16  17.0 38.247 -85.756  38.247 -85.744  0.88
7 2  6.0 38.248 -85.757  38.247 -85.743  0.83
3 16  8.0 38.248 -85.757  38.247 -85.743  1.24
1 18  13.0 38.246 -85.759  38.25 -85.741  1.41
6 13  13.0 38.246 -85.759  38.25 -85.741  1.42
5 13  18.0 38.245 -85.759  38.251 -85.741  1.57
2 15  33.0 38.246 -85.759  38.25 -85.741  2.8
4 12  5.0 38.249 -85.755  38.248 -85.745  0.32
5 14  6.0 38.25 -85.755  38.247 -85.745  0.72
7 14  6.0 38.249 -85.756  38.248 -85.744  0.75
5 16  7.0 38.247 -85.757  38.25 -85.743  1.07
6 11  19.0 38.247 -85.755  38.25 -85.745  1.01
2 16  6.0 38.247 -85.755  38.251 -85.745  1.06
6 10  7.0 38.248 -85.757  38.25 -85.743  0.93
6 13  17.0 38.25 -85.755  38.249 -85.745  1.57
6 14  6.0 38.249 -85.755  38.251 -85.745  0.695
5 10  8.0 38.253 -85.759  38.247 -85.741  0.986
3 15  9.0 38.252 -85.759  38.248 -85.741  1.6
2 13  14.0 38.249 -85.755  38.251 -85.745  0.746
7 18  20.0 38.25 -85.757  38.25 -85.743  2.24
5 10  8.0 38.251 -85.757  38.25 -85.743  1.03
3 16  9.0 38.253 -85.755  38.248 -85.745  0.85
6 15  9.0 38.252 -85.757  38.249 -85.743  0.87
5 20  6.0 38.251 -85.757  38.251 -85.743  1.09
7 16  12.0 38.251 -85.757  38.251 -85.743  1.367
3 17  17.0 38.251 -85.757  38.251 -85.743  1.616
2 17  6.0 38.252 -85.757  38.251 -85.743  0.8
2 21  7.0 38.252 -85.755  38.251 -85.745  0.559
5 12  7.0 38.253 -85.757  38.25 -85.743  0.97
6 21  9.0 38.254 -85.759  38.249 -85.741  1.568
5 18  10.0 38.252 -85.757  38.251 -85.743  1.14
3 20  11.0 38.252 -85.757  38.251 -85.743  1.15
3 15  17.0 38.254 -85.759  38.249 -85.741  1.009
6 20  4.0 38.253 -85.757  38.251 -85.743  0.84
2 16  5.0 38.253 -85.757  38.251 -85.743  0.86
7 18  7.0 38.253 -85.757  38.251 -85.743  0.798
3 16  7.0 38.253 -85.757  38.251 -85.743  0.8
7 21  8.0 38.253 -85.757  38.251 -85.743  0.87
5 13  8.0 38.253 -85.757  38.251 -85.743  1.16
2 20  10.0 38.253 -85.757  38.251 -85.743  1.32
5 12  11.0 38.253 -85.757  38.251 -85.743  1.27
3 15  18.0 38.253 -85.757  38.251 -85.743  2.9
1 15  37.0 38.253 -85.757  38.251 -85.743  0.22
4 17  7.0 38.254 -85.757  38.251 -85.743  0.87
6 8  13.0 38.254 -85.758  38.251 -85.742  1.87
2 17  22.0 38.254 -85.757  38.251 -85.743  3.66
4 20  5.0 38.256 -85.758  38.25 -85.742  1.243
6 13  7.0 38.255 -85.755  38.251 -85.745  0.652
1 19  8.0 38.256 -85.757  38.25 -85.743  0.98
7 10  9.0 38.257 -85.758  38.249 -85.742  1.07
2 15  6.0 38.256 -85.755  38.251 -85.745  0.58
6 14  19.0 38.26 -85.755  38.249 -85.745  1.72
4 13  19.0 38.213 -85.756  38.247 -85.743  3.1
1 8  10.0 38.227 -85.757  38.247 -85.742  1.89
4 18  10.0 38.228 -85.757  38.251 -85.742  1.3
7 12  9.0 38.234 -85.754  38.25 -85.745  1.491
3 19  13.0 38.245 -85.756  38.248 -85.743  1.24
2 7  5.0 38.246 -85.754  38.248 -85.745  0.44
1 5  13.0 38.245 -85.755  38.249 -85.744  1.802
6 17  5.0 38.247 -85.758  38.248 -85.741  0.81
5 10  8.0 38.248 -85.758  38.247 -85.741  0.124
6 8  36.0 38.248 -85.756  38.247 -85.743  2.52
7 17  5.0 38.249 -85.755  38.247 -85.744  0.63
3 12  6.0 38.248 -85.754  38.248 -85.745  0.71
3 17  8.0 38.248 -85.757  38.248 -85.742  0.98
7 22  11.0 38.249 -85.756  38.247 -85.743  0.35
6 14  15.0 38.246 -85.758  38.25 -85.741  1.51
6 6  4.0 38.249 -85.754  38.248 -85.745  0.249
5 11  8.0 38.248 -85.757  38.249 -85.742  0.82
1 19  10.0 38.247 -85.758  38.25 -85.741  1.06
7 11  12.0 38.247 -85.757  38.25 -85.742  1.12
6 19  7.0 38.251 -85.757  38.247 -85.742  1.06
6 15  10.0 38.251 -85.757  38.247 -85.742  0.85
3 18  12.0 38.247 -85.757  38.251 -85.742  1.181
4 18  14.0 38.247 -85.757  38.251 -85.742  1.12
1 23  17.0 38.25 -85.755  38.248 -85.744  2.175
7 17  9.0 38.248 -85.757  38.251 -85.742  0.89
7 19  7.0 38.251 -85.756  38.249 -85.743  1.04
7 12  11.0 38.25 -85.756  38.25 -85.743  0.932
3 20  13.0 38.249 -85.757  38.251 -85.742  0.062
1 20  41.0 38.249 -85.758  38.251 -85.741  2.858
3 14  5.0 38.252 -85.754  38.249 -85.745  0.61
3 17  6.0 38.251 -85.756  38.25 -85.743  0.749
1 14  7.0 38.25 -85.754  38.251 -85.745  1.11
2 7  10.0 38.25 -85.756  38.251 -85.743  1.02
6 18  12.0 38.253 -85.755  38.248 -85.744  1.243
5 15  15.0 38.253 -85.754  38.248 -85.745  0.87
7 15  16.0 38.253 -85.754  38.248 -85.745  0.81
3 12  10.0 38.251 -85.756  38.251 -85.743  1.05
4 14  11.0 38.251 -85.756  38.251 -85.743  1.06
2 18  11.0 38.253 -85.756  38.249 -85.743  1.49
1 11  6.0 38.252 -85.756  38.251 -85.743  0.68
1 12  8.0 38.252 -85.754  38.251 -85.745  0.559
6 18  10.0 38.254 -85.756  38.249 -85.743  1.18
2 11  5.0 38.253 -85.755  38.251 -85.744  0.52
6 11  11.0 38.254 -85.754  38.25 -85.745  1.616
5 19  21.0 38.253 -85.757  38.251 -85.742  0.85
1 12  23.0 38.254 -85.754  38.25 -85.745  1.18
5 12  6.0 38.255 -85.755  38.25 -85.744  0.76
5 16  8.0 38.254 -85.756  38.251 -85.743  0.81
6 18  13.0 38.255 -85.756  38.251 -85.743  1.32
4 19  14.0 38.255 -85.756  38.251 -85.743  2.83
3 17  7.0 38.256 -85.755  38.251 -85.744  0.73
6 20  27.0 38.257 -85.756  38.251 -85.743  0.97
5 11  23.0 38.217 -85.755  38.251 -85.743  3.06
2 11  16.0 38.225 -85.757  38.249 -85.741  2.27
7 6  12.0 38.231 -85.753  38.25 -85.745  1.616
6 12  8.0 38.238 -85.753  38.251 -85.745  1.0
1 17  7.0 38.243 -85.753  38.248 -85.745  0.85
2 10  6.0 38.244 -85.753  38.248 -85.745  0.56
2 18  25.0 38.246 -85.755  38.247 -85.743  1.08
7 6  28.0 38.243 -85.753  38.251 -85.745  1.32
7 15  4.0 38.248 -85.753  38.247 -85.745  0.63
5 18  8.0 38.247 -85.755  38.248 -85.743  0.68
6 21  18.0 38.245 -85.753  38.25 -85.745  1.66
5 11  3.0 38.246 -85.754  38.25 -85.744  0.48
3 16  4.0 38.247 -85.753  38.249 -85.745  0.18
4 14  8.0 38.246 -85.755  38.25 -85.743  1.01
7 18  20.0 38.25 -85.755  38.247 -85.743  1.41
2 20  4.0 38.247 -85.753  38.251 -85.745  0.69
4 20  4.0 38.247 -85.753  38.251 -85.745  0.69
2 14  12.0 38.247 -85.755  38.251 -85.743  0.77
4 19  10.0 38.248 -85.757  38.251 -85.741  1.227
5 6  10.0 38.252 -85.756  38.247 -85.742  1.256
7 12  6.0 38.251 -85.755  38.249 -85.743  0.684
6 17  6.0 38.25 -85.754  38.251 -85.744  0.56
6 15  13.0 38.251 -85.754  38.25 -85.744  1.8
7 11  27.0 38.253 -85.756  38.248 -85.742  0.99
1 9  12.0 38.252 -85.755  38.25 -85.743  0.76
6 6  14.0 38.255 -85.757  38.247 -85.741  2.175
7 21  3.0 38.253 -85.753  38.25 -85.745  0.59
7 14  13.0 38.254 -85.754  38.249 -85.744  2.362
7 10  14.0 38.252 -85.753  38.251 -85.745  0.87
7 15  7.0 38.253 -85.755  38.251 -85.743  0.73
4 16  10.0 38.253 -85.755  38.251 -85.743  1.06
1 5  13.0 38.253 -85.757  38.251 -85.741  1.45
3 16  16.0 38.253 -85.755  38.251 -85.743  0.932
4 17  18.0 38.257 -85.757  38.247 -85.741  1.39
7 11  19.0 38.254 -85.755  38.251 -85.743  0.85
1 5  21.0 38.256 -85.756  38.249 -85.742  2.237
2 12  10.0 38.256 -85.753  38.25 -85.745  1.18
7 14  12.0 38.256 -85.753  38.25 -85.745  0.83
2 9  15.0 38.259 -85.757  38.247 -85.741  1.85
6 22  9.0 38.257 -85.756  38.25 -85.742  1.243
4 15  12.0 38.26 -85.753  38.247 -85.745  1.864
3 17  11.0 38.257 -85.755  38.251 -85.743  1.04
4 12  17.0 38.257 -85.753  38.251 -85.745  1.47
6 14  23.0 38.216 -85.754  38.247 -85.743  3.045
1 9  35.0 38.213 -85.752  38.25 -85.745  3.56
4 9  19.0 38.219 -85.754  38.249 -85.743  2.42
4 12  34.0 38.224 -85.754  38.248 -85.743  3.24
1 8  15.0 38.227 -85.756  38.248 -85.741  2.08
5 12  12.0 38.228 -85.752  38.248 -85.745  1.4
5 17  16.0 38.226 -85.756  38.251 -85.741  2.423
4 20  13.0 38.242 -85.755  38.249 -85.742  1.17
6 11  22.0 38.244 -85.755  38.248 -85.742  1.02
2 12  4.0 38.245 -85.752  38.248 -85.745  0.51
7 13  11.0 38.246 -85.756  38.247 -85.741  1.017
6 16  19.0 38.244 -85.752  38.249 -85.745  0.13
1 1  6.0 38.247 -85.756  38.247 -85.741  0.71
4 14  4.0 38.247 -85.752  38.248 -85.745  0.56
3 18  6.0 38.244 -85.752  38.251 -85.745  1.06
3 18  9.0 38.246 -85.756  38.25 -85.741  1.24
7 16  11.0 38.249 -85.756  38.247 -85.741  0.929
2 3  5.0 38.249 -85.753  38.248 -85.744  0.45
7 10  11.0 38.25 -85.755  38.247 -85.742  1.553
6 15  21.0 38.246 -85.753  38.251 -85.744  2.45
3 17  6.0 38.249 -85.754  38.249 -85.743  0.81
6 11  9.0 38.25 -85.753  38.248 -85.744  0.994
7 21  15.0 38.251 -85.753  38.247 -85.744  0.87
3 17  8.0 38.248 -85.756  38.251 -85.741  1.16
3 15  9.0 38.249 -85.756  38.25 -85.741  1.12
6 15  14.0 38.251 -85.756  38.248 -85.741  1.49
6 6  10.0 38.252 -85.756  38.248 -85.741  0.97
6 8  4.0 38.251 -85.752  38.25 -85.745  0.373
4 9  11.0 38.25 -85.754  38.251 -85.743  0.97
6 13  6.0 38.251 -85.753  38.251 -85.744  0.54
3 11  10.0 38.255 -85.753  38.247 -85.744  1.24
1 11  4.0 38.252 -85.754  38.251 -85.743  0.51
2 11  6.0 38.252 -85.754  38.251 -85.743  0.65
6 8  7.0 38.255 -85.752  38.248 -85.745  0.82
5 9  7.0 38.253 -85.754  38.25 -85.743  1.0
2 21  8.0 38.252 -85.753  38.251 -85.744  0.559
5 8  9.0 38.252 -85.755  38.251 -85.742  1.24
6 18  16.0 38.252 -85.756  38.251 -85.741  1.07
4 18  5.0 38.253 -85.754  38.251 -85.743  0.7
6 12  6.0 38.253 -85.752  38.251 -85.745  0.56
5 12  6.0 38.253 -85.754  38.251 -85.743  0.58
5 13  9.0 38.254 -85.752  38.25 -85.745  0.69
6 19  25.0 38.258 -85.752  38.247 -85.745  3.293
7 22  30.0 38.255 -85.754  38.251 -85.743  2.858
1 11  53.0 38.257 -85.754  38.25 -85.743  3.3
3 19  13.0 38.211 -85.754  38.247 -85.742  3.08
7 19  26.0 38.239 -85.751  38.25 -85.745  1.741
4 18  7.0 38.243 -85.751  38.248 -85.745  0.67
2 9  5.0 38.245 -85.752  38.247 -85.744  0.65
7 18  5.0 38.245 -85.751  38.248 -85.745  0.52
1 18  7.0 38.245 -85.751  38.248 -85.745  0.51
2 7  3.0 38.246 -85.751  38.248 -85.745  0.27
7 18  4.0 38.246 -85.751  38.248 -85.745  0.52
4 18  4.0 38.246 -85.751  38.248 -85.745  0.52
4 18  4.0 38.246 -85.751  38.248 -85.745  0.53
2 14  4.0 38.246 -85.751  38.248 -85.745  0.58
5 11  4.0 38.246 -85.751  38.248 -85.745  0.64
4 18  5.0 38.246 -85.751  38.248 -85.745  0.53
6 18  5.0 38.246 -85.751  38.248 -85.745  0.54
2 16  6.0 38.246 -85.751  38.248 -85.745  0.373
5 18  6.0 38.246 -85.751  38.248 -85.745  0.53
3 11  7.0 38.243 -85.754  38.251 -85.742  0.77
6 13  8.0 38.248 -85.751  38.247 -85.745  0.67
6 15  9.0 38.246 -85.754  38.249 -85.742  0.84
6 6  12.0 38.248 -85.755  38.248 -85.741  1.35
1 22  13.0 38.247 -85.755  38.249 -85.741  1.74
3 12  4.0 38.248 -85.751  38.249 -85.745  0.435
5 8  5.0 38.248 -85.753  38.25 -85.743  0.71
3 10  7.0 38.247 -85.754  38.251 -85.742  0.68
6 18  7.0 38.248 -85.753  38.25 -85.743  0.95
5 14  7.0 38.247 -85.754  38.251 -85.742  0.96
3 8  9.0 38.249 -85.753  38.249 -85.743  0.87
4 9  12.0 38.249 -85.751  38.249 -85.745  0.351
3 11  27.0 38.251 -85.753  38.248 -85.743  1.18
5 19  7.0 38.249 -85.754  38.251 -85.742  1.1
5 18  15.0 38.249 -85.754  38.251 -85.742  1.056
5 19  5.0 38.252 -85.753  38.25 -85.743  0.72
4 17  5.0 38.253 -85.751  38.25 -85.745  0.52
5 13  6.0 38.253 -85.753  38.25 -85.743  0.435
6 8  6.0 38.253 -85.751  38.25 -85.745  0.55
5 11  6.0 38.256 -85.751  38.247 -85.745  0.92
7 9  23.0 38.253 -85.751  38.25 -85.745  2.21
6 22  4.0 38.253 -85.751  38.251 -85.745  0.497
3 9  6.0 38.253 -85.754  38.251 -85.742  0.621
3 16  6.0 38.253 -85.755  38.251 -85.741  0.81
7 13  15.0 38.253 -85.751  38.251 -85.745  1.305
4 14  5.0 38.255 -85.752  38.25 -85.744  0.62
6 15  11.0 38.255 -85.751  38.25 -85.745  0.62
7 18  8.0 38.255 -85.753  38.251 -85.743  0.77
7 14  10.0 38.256 -85.752  38.25 -85.744  0.81
4 11  5.0 38.256 -85.753  38.251 -85.743  0.91
5 22  8.0 38.256 -85.755  38.251 -85.741  0.311
3 17  8.0 38.256 -85.753  38.251 -85.743  0.9
7 10  11.0 38.256 -85.753  38.251 -85.743  1.13
1 18  12.0 38.259 -85.753  38.249 -85.743  1.25
6 19  19.0 38.26 -85.751  38.249 -85.745  1.18
3 3  16.0 38.21 -85.753  38.249 -85.742  2.82
3 13  16.0 38.213 -85.752  38.248 -85.743  1.76
1 20  18.0 38.23 -85.75  38.251 -85.745  2.04
1 15  12.0 38.233 -85.75  38.25 -85.745  1.616
7 16  19.0 38.237 -85.752  38.251 -85.743  2.23
2 12  8.0 38.243 -85.751  38.247 -85.744  0.746
7 18  20.0 38.241 -85.754  38.25 -85.741  2.27
7 17  5.0 38.244 -85.75  38.248 -85.745  0.51
5 10  5.0 38.244 -85.751  38.248 -85.744  0.52
6 15  6.0 38.245 -85.754  38.247 -85.741  0.932
5 22  4.0 38.246 -85.754  38.247 -85.741  0.87
5 10  5.0 38.247 -85.752  38.247 -85.743  0.531
2 10  5.0 38.246 -85.752  38.248 -85.743  0.54
2 14  5.0 38.245 -85.75  38.249 -85.745  0.58
6 15  5.0 38.247 -85.75  38.247 -85.745  0.932
3 14  6.0 38.245 -85.752  38.249 -85.743  0.84
7 19  12.0 38.245 -85.754  38.249 -85.741  1.056
1 11  6.0 38.245 -85.75  38.25 -85.745  0.62
4 9  6.0 38.246 -85.752  38.249 -85.743  0.67
6 15  10.0 38.246 -85.754  38.249 -85.741  1.06
6 11  5.0 38.246 -85.752  38.25 -85.743  0.74
2 12  34.0 38.246 -85.752  38.25 -85.743  2.76
4 9  3.0 38.247 -85.75  38.25 -85.745  0.249
3 15  4.0 38.248 -85.751  38.249 -85.744  0.36
2 14  5.0 38.248 -85.75  38.249 -85.745  1.27
2 19  7.0 38.249 -85.752  38.248 -85.743  0.684
6 14  11.0 38.25 -85.753  38.247 -85.742  0.81
2 10  4.0 38.248 -85.751  38.25 -85.744  0.5
4 17  6.0 38.25 -85.754  38.248 -85.741  0.81
4 17  14.0 38.25 -85.753  38.248 -85.742  1.12
5 16  16.0 38.248 -85.754  38.251 -85.741  0.932
1 12  4.0 38.25 -85.75  38.25 -85.745  0.311
2 23  6.0 38.249 -85.751  38.251 -85.744  1.056
1 23  13.0 38.251 -85.753  38.249 -85.742  0.808
3 11  5.0 38.25 -85.75  38.251 -85.745  0.37
3 6  8.0 38.253 -85.754  38.248 -85.741  0.699
3 11  10.0 38.254 -85.751  38.247 -85.744  1.25
1 18  13.0 38.253 -85.754  38.248 -85.741  1.24
3 10  14.0 38.25 -85.751  38.251 -85.744  0.559
1 8  6.0 38.253 -85.754  38.249 -85.741  0.808
4 17  8.0 38.254 -85.753  38.248 -85.742  0.86
3 14  10.0 38.254 -85.751  38.248 -85.744  1.08
2 22  13.0 38.253 -85.754  38.249 -85.741  0.932
4 15  5.0 38.252 -85.751  38.251 -85.744  0.59
6 17  36.0 38.252 -85.752  38.251 -85.743  3.231
5 23  8.0 38.256 -85.751  38.248 -85.744  0.932
2 13  15.0 38.256 -85.754  38.248 -85.741  1.26
2 19  7.0 38.254 -85.751  38.251 -85.744  0.504
4 12  10.0 38.256 -85.75  38.249 -85.745  0.78
7 13  14.0 38.254 -85.75  38.251 -85.745  1.243
7 11  18.0 38.255 -85.753  38.25 -85.742  1.429
6 19  45.0 38.255 -85.754  38.25 -85.741  1.69
4 7  7.0 38.257 -85.75  38.249 -85.745  0.81
4 12  8.0 38.257 -85.75  38.25 -85.745  0.788
7 9  17.0 38.212 -85.751  38.248 -85.743  2.83
4 14  15.0 38.221 -85.751  38.248 -85.743  2.734
7 18  14.0 38.228 -85.752  38.25 -85.742  1.926
3 6  9.0 38.229 -85.749  38.251 -85.745  1.556
7 16  6.0 38.244 -85.751  38.247 -85.743  0.464
2 17  11.0 38.241 -85.752  38.25 -85.742  1.62
7 14  21.0 38.244 -85.749  38.247 -85.745  0.97
4 10  7.0 38.244 -85.75  38.25 -85.744  0.86
4 13  3.0 38.248 -85.749  38.248 -85.745  0.22
3 19  12.0 38.246 -85.753  38.25 -85.741  1.181
7 15  4.0 38.247 -85.75  38.25 -85.744  0.54
6 13  5.0 38.246 -85.751  38.251 -85.743  0.75
6 20  23.0 38.246 -85.75  38.251 -85.744  0.67
7 19  6.0 38.248 -85.753  38.25 -85.741  0.9
4 17  24.0 38.249 -85.749  38.249 -85.745  1.7
7 4  28.0 38.249 -85.751  38.249 -85.743  2.42
4 15  6.0 38.249 -85.752  38.25 -85.742  0.54
5 13  7.0 38.25 -85.749  38.25 -85.745  0.249
6 13  3.0 38.25 -85.749  38.251 -85.745  0.06
4 7  6.0 38.251 -85.753  38.25 -85.741  0.58
2 8  10.0 38.252 -85.749  38.25 -85.745  1.65
3 12  12.0 38.251 -85.752  38.251 -85.742  1.42
7 12  15.0 38.254 -85.749  38.248 -85.745  1.96
6 22  22.0 38.254 -85.749  38.248 -85.745  1.367
4 19  3.0 38.253 -85.751  38.25 -85.743  0.56
3 16  3.0 38.253 -85.751  38.25 -85.743  0.698
3 6  9.0 38.254 -85.75  38.249 -85.744  0.71
2 9  10.0 38.255 -85.75  38.248 -85.744  1.16
6 20  5.0 38.253 -85.751  38.251 -85.743  0.51
6 18  7.0 38.253 -85.752  38.251 -85.742  0.72
5 13  13.0 38.257 -85.751  38.247 -85.743  1.06
1 11  4.0 38.254 -85.751  38.251 -85.743  0.38
7 23  5.0 38.255 -85.752  38.25 -85.742  0.53
6 14  7.0 38.255 -85.751  38.25 -85.743  0.74
1 10  12.0 38.257 -85.752  38.25 -85.742  0.96
1 6  11.0 38.26 -85.752  38.249 -85.742  1.18
3 10  20.0 38.216 -85.75  38.249 -85.743  2.35
4 6  19.0 38.232 -85.751  38.251 -85.742  2.0
4 22  8.0 38.235 -85.75  38.25 -85.743  1.14
6 15  8.0 38.237 -85.752  38.251 -85.741  1.16
6 16  3.0 38.245 -85.748  38.248 -85.745  0.214
2 12  3.0 38.246 -85.749  38.247 -85.744  0.37
6 18  3.0 38.246 -85.75  38.247 -85.743  0.373
2 10  10.0 38.245 -85.749  38.248 -85.744  0.48
3 12  8.0 38.244 -85.75  38.25 -85.743  0.78
4 17  3.0 38.245 -85.748  38.25 -85.745  0.373
1 14  5.0 38.244 -85.749  38.251 -85.744  0.49
3 14  7.0 38.245 -85.752  38.25 -85.741  0.8
3 18  3.0 38.248 -85.751  38.248 -85.742  0.28
2 6  5.0 38.249 -85.752  38.247 -85.741  0.687
3 15  17.0 38.248 -85.748  38.248 -85.745  0.72
5 13  4.0 38.249 -85.748  38.248 -85.745  0.28
4 14  4.0 38.249 -85.75  38.249 -85.743  0.62
3 13  7.0 38.247 -85.752  38.251 -85.741  0.82
6 13  19.0 38.248 -85.75  38.25 -85.743  2.21
4 12  3.0 38.25 -85.748  38.249 -85.745  0.121
4 6  7.0 38.253 -85.752  38.247 -85.741  0.715
5 14  8.0 38.251 -85.752  38.249 -85.741  0.311
2 13  3.0 38.252 -85.749  38.25 -85.744  0.274
2 17  4.0 38.254 -85.748  38.248 -85.745  0.61
2 17  7.0 38.255 -85.75  38.247 -85.743  0.87
3 6  7.0 38.254 -85.752  38.248 -85.741  0.976
5 6  8.0 38.255 -85.751  38.247 -85.742  0.657
6 15  9.0 38.254 -85.749  38.248 -85.744  0.62
7 17  9.0 38.253 -85.752  38.249 -85.741  0.621
6 11  9.0 38.253 -85.751  38.251 -85.742  0.58
6 11  10.0 38.253 -85.751  38.251 -85.742  0.57
4 22  13.0 38.254 -85.748  38.25 -85.745  0.559
2 11  16.0 38.254 -85.75  38.25 -85.743  1.181
2 12  33.0 38.255 -85.748  38.25 -85.745  1.2
2 13  9.0 38.257 -85.751  38.249 -85.742  1.45
2 12  47.0 38.256 -85.748  38.25 -85.745  1.06
2 12  10.0 38.256 -85.75  38.251 -85.743  0.8
5 14  6.0 38.257 -85.752  38.251 -85.741  0.99
5 20  8.0 38.257 -85.748  38.251 -85.745  0.7
7 21  21.0 38.258 -85.748  38.25 -85.745  3.27
3 17  5.0 38.258 -85.75  38.251 -85.743  1.11
5 16  14.0 38.233 -85.747  38.247 -85.745  1.04
5 12  15.0 38.234 -85.747  38.248 -85.745  1.429
6 21  14.0 38.238 -85.749  38.249 -85.743  2.113
2 13  2.0 38.244 -85.747  38.248 -85.745  0.23
7 7  3.0 38.244 -85.747  38.248 -85.745  0.279
2 14  5.0 38.244 -85.747  38.248 -85.745  0.41
6 6  8.0 38.243 -85.751  38.249 -85.741  0.94
1 21  11.0 38.245 -85.747  38.247 -85.745  0.186
6 7  7.0 38.246 -85.747  38.247 -85.745  0.53
5 16  11.0 38.246 -85.751  38.247 -85.741  0.932
3 10  6.0 38.244 -85.748  38.25 -85.744  0.75
3 7  44.0 38.245 -85.747  38.249 -85.745  0.42
1 10  5.0 38.246 -85.749  38.249 -85.743  0.497
5 11  5.0 38.246 -85.749  38.249 -85.743  0.5
6 20  5.0 38.244 -85.749  38.251 -85.743  0.667
3 12  6.0 38.244 -85.75  38.251 -85.742  0.64
6 13  3.0 38.248 -85.747  38.248 -85.745  0.16
6 8  6.0 38.248 -85.747  38.248 -85.745  0.15
5 20  9.0 38.248 -85.747  38.248 -85.745  0.186
5 19  13.0 38.248 -85.748  38.248 -85.744  0.98
3 6  16.0 38.248 -85.748  38.248 -85.744  2.27
4 12  2.0 38.249 -85.747  38.248 -85.745  0.27
4 20  8.0 38.246 -85.75  38.251 -85.742  0.808
4 8  12.0 38.249 -85.748  38.248 -85.744  0.68
4 12  3.0 38.249 -85.747  38.249 -85.745  0.14
5 15  3.0 38.249 -85.747  38.249 -85.745  0.14
4 17  4.0 38.249 -85.747  38.249 -85.745  0.1
5 18  5.0 38.249 -85.75  38.249 -85.742  0.124
5 15  6.0 38.248 -85.749  38.25 -85.743  0.329
4 14  6.0 38.25 -85.747  38.248 -85.745  0.43
2 17  8.0 38.25 -85.747  38.248 -85.745  0.249
3 15  16.0 38.249 -85.747  38.249 -85.745  1.45
6 13  4.0 38.249 -85.747  38.25 -85.745  0.186
4 17  4.0 38.25 -85.748  38.249 -85.744  0.42
6 16  6.0 38.249 -85.747  38.25 -85.745  0.186
2 11  8.0 38.249 -85.747  38.25 -85.745  0.56
5 16  2.0 38.249 -85.747  38.251 -85.745  0.23
2 10  3.0 38.249 -85.747  38.251 -85.745  0.311
6 18  6.0 38.249 -85.747  38.251 -85.745  0.239
7 15  8.0 38.249 -85.747  38.251 -85.745  0.5
6 17  21.0 38.249 -85.747  38.251 -85.745  1.988
4 19  21.0 38.254 -85.749  38.247 -85.743  1.43
7 10  4.0 38.252 -85.75  38.25 -85.742  0.56
6 14  8.0 38.255 -85.751  38.247 -85.741  0.85
3 18  9.0 38.254 -85.749  38.248 -85.743  0.81
2 15  9.0 38.253 -85.751  38.25 -85.741  0.621
6 12  50.0 38.253 -85.748  38.25 -85.744  2.83
2 3  5.0 38.254 -85.75  38.25 -85.742  0.73
4 12  8.0 38.254 -85.747  38.25 -85.745  0.68
4 16  4.0 38.254 -85.748  38.251 -85.744  0.28
6 15  23.0 38.254 -85.748  38.251 -85.744  0.56
5 12  6.0 38.257 -85.749  38.249 -85.743  0.93
7 14  25.0 38.257 -85.75  38.251 -85.742  3.23
6 14  21.0 38.213 -85.746  38.251 -85.745  3.15
2 18  3.0 38.244 -85.746  38.247 -85.745  0.32
6 5  15.0 38.244 -85.75  38.247 -85.741  0.75
5 7  18.0 38.242 -85.746  38.249 -85.745  0.44
5 8  6.0 38.244 -85.746  38.248 -85.745  0.062
4 15  35.0 38.243 -85.748  38.249 -85.743  3.26
1 16  6.0 38.243 -85.747  38.251 -85.744  0.621
5 16  6.0 38.248 -85.749  38.247 -85.742  0.08
3 16  7.0 38.244 -85.75  38.251 -85.741  0.932
5 13  4.0 38.248 -85.746  38.248 -85.745  0.18
3 11  33.0 38.248 -85.746  38.248 -85.745  2.9
3 17  38.0 38.247 -85.747  38.249 -85.744  3.01
4 17  45.0 38.246 -85.749  38.25 -85.742  4.87
4 12  7.0 38.249 -85.747  38.248 -85.744  0.34
3 12  3.0 38.249 -85.748  38.249 -85.743  0.254
3 16  4.0 38.248 -85.746  38.25 -85.745  0.186
4 12  4.0 38.249 -85.748  38.249 -85.743  0.41
3 11  9.0 38.249 -85.748  38.249 -85.743  0.32
4 17  10.0 38.249 -85.747  38.249 -85.744  0.77
4 12  10.0 38.249 -85.746  38.249 -85.745  1.19
7 8  3.0 38.249 -85.747  38.25 -85.744  0.082
7 8  3.0 38.249 -85.746  38.25 -85.745  0.099
7 15  11.0 38.25 -85.746  38.249 -85.745  0.95
3 10  15.0 38.25 -85.748  38.249 -85.743  2.06
5 11  36.0 38.248 -85.746  38.251 -85.745  1.74
7 17  3.0 38.25 -85.746  38.25 -85.745  0.05
5 13  3.0 38.25 -85.746  38.25 -85.745  0.22
4 12  3.0 38.25 -85.746  38.25 -85.745  0.26
6 16  3.0 38.25 -85.748  38.25 -85.743  0.3
2 14  5.0 38.252 -85.747  38.249 -85.744  0.311
4 12  6.0 38.253 -85.747  38.248 -85.744  0.4
5 15  9.0 38.25 -85.746  38.251 -85.745  0.3
2 12  39.0 38.25 -85.746  38.251 -85.745  1.77
6 9  5.0 38.251 -85.75  38.251 -85.741  0.62
5 19  7.0 38.253 -85.75  38.249 -85.741  0.684
1 13  29.0 38.251 -85.746  38.251 -85.745  1.41
5 12  39.0 38.251 -85.746  38.251 -85.745  1.52
7 14  6.0 38.252 -85.748  38.251 -85.743  0.186
2 17  7.0 38.253 -85.748  38.25 -85.743  0.918
7 10  55.0 38.253 -85.75  38.25 -85.741  4.38
7 15  3.0 38.253 -85.746  38.251 -85.745  0.31
4 1  3.0 38.255 -85.746  38.249 -85.745  0.46
7 18  8.0 38.254 -85.75  38.25 -85.741  0.76
2 8  5.0 38.254 -85.748  38.251 -85.743  0.56
4 13  13.0 38.254 -85.746  38.251 -85.745  0.43
1 13  13.0 38.254 -85.746  38.251 -85.745  1.19
4 17  40.0 38.258 -85.747  38.248 -85.744  1.02
7 17  9.0 38.257 -85.748  38.25 -85.743  0.994
5 17  25.0 38.259 -85.748  38.251 -85.743  3.24
6 12  20.0 38.21 -85.745  38.25 -85.745  2.73
5 15  9.0 38.239 -85.749  38.247 -85.741  0.92
3 20  6.0 38.246 -85.747  38.247 -85.743  0.808
7 9  10.0 38.245 -85.747  38.249 -85.743  0.497
3 14  3.0 38.248 -85.747  38.247 -85.743  0.04
3 11  3.0 38.248 -85.747  38.247 -85.743  0.213
4 10  12.0 38.245 -85.746  38.25 -85.744  0.37
4 13  13.0 38.247 -85.745  38.248 -85.745  0.35
3 17  2.0 38.247 -85.747  38.249 -85.743  0.32
3 11  2.0 38.247 -85.747  38.249 -85.743  0.35
4 10  3.0 38.249 -85.747  38.247 -85.743  0.35
2 4  4.0 38.248 -85.745  38.248 -85.745  0.24
6 12  4.0 38.249 -85.747  38.247 -85.743  0.36
5 16  4.0 38.248 -85.745  38.248 -85.745  0.71
2 20  5.0 38.248 -85.745  38.248 -85.745  0.11
5 20  5.0 38.248 -85.745  38.248 -85.745  0.49
5 20  8.0 38.248 -85.745  38.248 -85.745  0.373
1 19  11.0 38.248 -85.745  38.248 -85.745  0.15
2 12  13.0 38.248 -85.745  38.248 -85.745  0.06
2 15  24.0 38.248 -85.745  38.248 -85.745  0.8
2 13  2.0 38.249 -85.745  38.248 -85.745  0.24
4 13  2.0 38.249 -85.746  38.248 -85.744  0.39
6 15  3.0 38.249 -85.747  38.248 -85.743  0.25
3 11  3.0 38.248 -85.747  38.249 -85.743  0.31
3 14  4.0 38.249 -85.747  38.248 -85.743  0.249
2 15  6.0 38.248 -85.748  38.249 -85.742  0.621
1 20  8.0 38.248 -85.745  38.249 -85.745  0.69
4 15  20.0 38.249 -85.745  38.248 -85.745  0.77
4 15  20.0 38.248 -85.745  38.249 -85.745  1.35
5 14  22.0 38.249 -85.745  38.248 -85.745  0.75
4 3  23.0 38.249 -85.745  38.248 -85.745  1.18
2 14  4.0 38.249 -85.747  38.249 -85.743  0.186
3 16  4.0 38.249 -85.748  38.249 -85.742  0.305
5 16  5.0 38.247 -85.745  38.251 -85.745  0.07
2 12  5.0 38.249 -85.745  38.249 -85.745  0.22
2 11  5.0 38.249 -85.748  38.249 -85.742  0.33
5 15  6.0 38.25 -85.746  38.248 -85.744  0.283
4 13  8.0 38.249 -85.747  38.249 -85.743  0.49
4 13  9.0 38.249 -85.747  38.249 -85.743  0.51
3 13  10.0 38.249 -85.745  38.249 -85.745  1.5
3 15  11.0 38.249 -85.745  38.249 -85.745  0.18
3 1  26.0 38.249 -85.745  38.249 -85.745  1.31
6 9  4.0 38.248 -85.748  38.251 -85.742  0.595
2 16  6.0 38.248 -85.747  38.251 -85.743  0.497
7 15  13.0 38.25 -85.745  38.249 -85.745  1.03
2 20  29.0 38.249 -85.745  38.25 -85.745  2.548
6 18  2.0 38.25 -85.745  38.25 -85.745  0.31
2 13  4.0 38.249 -85.747  38.251 -85.743  0.32
5 16  5.0 38.251 -85.746  38.249 -85.744  0.186
4 23  20.0 38.25 -85.747  38.25 -85.743  2.361
7 14  30.0 38.251 -85.745  38.249 -85.745  1.13
5 16  3.0 38.252 -85.748  38.249 -85.742  0.44
3 9  4.0 38.25 -85.747  38.251 -85.743  0.221
3 18  5.0 38.25 -85.747  38.251 -85.743  0.373
1 19  12.0 38.25 -85.745  38.251 -85.745  0.373
6 13  23.0 38.251 -85.747  38.25 -85.743  3.48
6 22  26.0 38.253 -85.748  38.248 -85.742  2.361
3 18  51.0 38.25 -85.745  38.251 -85.745  4.85
7 14  3.0 38.251 -85.746  38.251 -85.744  0.11
1 13  3.0 38.251 -85.745  38.251 -85.745  0.13
2 18  4.0 38.251 -85.745  38.251 -85.745  0.684
3 21  5.0 38.251 -85.745  38.251 -85.745  0.124
3 13  6.0 38.251 -85.745  38.251 -85.745  0.8
3 8  7.0 38.251 -85.745  38.251 -85.745  0.32
2 16  7.0 38.251 -85.745  38.251 -85.745  1.06
4 11  9.0 38.251 -85.745  38.251 -85.745  0.19
5 16  9.0 38.254 -85.747  38.248 -85.743  0.87
4 11  10.0 38.251 -85.745  38.251 -85.745  0.32
6 13  15.0 38.251 -85.745  38.251 -85.745  1.07
5 11  18.0 38.251 -85.745  38.251 -85.745  0.93
2 13  20.0 38.251 -85.745  38.251 -85.745  1.35
4 11  32.0 38.251 -85.745  38.251 -85.745  1.39
6 17  38.0 38.251 -85.745  38.251 -85.745  3.604
2 15  44.0 38.251 -85.745  38.251 -85.745  1.06
4 20  5.0 38.253 -85.749  38.25 -85.741  0.536
3 14  6.0 38.253 -85.747  38.25 -85.743  0.62
7 10  9.0 38.254 -85.748  38.249 -85.742  0.497
1 18  15.0 38.253 -85.747  38.25 -85.743  0.373
6 21  34.0 38.253 -85.748  38.251 -85.742  4.78
2 19  16.0 38.254 -85.745  38.251 -85.745  1.429
7 15  18.0 38.254 -85.745  38.251 -85.745  1.64
4 16  5.0 38.255 -85.746  38.251 -85.744  0.411
4 10  5.0 38.256 -85.748  38.251 -85.742  0.412
4 13  40.0 38.256 -85.746  38.251 -85.744  4.94
5 6  7.0 38.258 -85.745  38.251 -85.745  0.5
7 5  4.0 38.241 -85.745  38.247 -85.744  0.47
6 21  7.0 38.242 -85.744  38.247 -85.745  0.79
4 15  10.0 38.242 -85.748  38.247 -85.741  1.27
5 16  18.0 38.239 -85.744  38.25 -85.745  1.67
7 21  8.0 38.242 -85.746  38.249 -85.743  0.559
4 16  3.0 38.244 -85.744  38.248 -85.745  0.31
7 11  8.0 38.243 -85.746  38.25 -85.743  0.9
3 14  15.0 38.244 -85.747  38.25 -85.742  2.19
5 16  24.0 38.246 -85.745  38.248 -85.744  2.113
3 14  3.0 38.248 -85.747  38.247 -85.742  0.23
4 14  4.0 38.245 -85.744  38.25 -85.745  0.36
4 17  23.0 38.248 -85.745  38.247 -85.744  0.13
6 22  3.0 38.248 -85.748  38.248 -85.741  0.435
2 14  4.0 38.245 -85.747  38.251 -85.742  0.43
6 12  5.0 38.245 -85.748  38.251 -85.741  0.49
5 21  20.0 38.248 -85.745  38.248 -85.744  1.491
2 14  3.0 38.249 -85.747  38.248 -85.742  0.28
6 15  6.0 38.246 -85.746  38.251 -85.743  0.61
7 11  14.0 38.25 -85.745  38.247 -85.744  0.373
2 12  23.0 38.249 -85.748  38.248 -85.741  1.93
6 9  3.0 38.25 -85.746  38.248 -85.743  0.14
4 12  4.0 38.249 -85.747  38.249 -85.742  0.21
5 14  7.0 38.249 -85.747  38.249 -85.742  0.41
3 15  7.0 38.248 -85.747  38.25 -85.742  0.7
7 15  25.0 38.251 -85.746  38.247 -85.743  3.11
6 15  4.0 38.25 -85.747  38.249 -85.742  0.31
5 16  3.0 38.25 -85.746  38.25 -85.743  0.19
4 8  8.0 38.252 -85.748  38.248 -85.741  0.53
4 20  2.0 38.25 -85.746  38.251 -85.743  0.352
6 12  3.0 38.25 -85.746  38.251 -85.743  0.25
3 19  7.0 38.25 -85.746  38.251 -85.743  0.13
6 15  10.0 38.254 -85.745  38.247 -85.744  0.932
2 10  13.0 38.25 -85.746  38.251 -85.743  2.04
3 14  35.0 38.253 -85.744  38.248 -85.745  3.16
2 11  49.0 38.25 -85.745  38.251 -85.744  4.65
2 12  6.0 38.253 -85.744  38.249 -85.745  0.42
6 17  6.0 38.252 -85.744  38.25 -85.745  0.746
5 15  3.0 38.255 -85.745  38.248 -85.744  0.27
2 10  25.0 38.252 -85.744  38.251 -85.745  4.16
5 12  2.0 38.253 -85.746  38.251 -85.743  0.21
7 12  18.0 38.254 -85.746  38.25 -85.743  0.4
1 11  4.0 38.255 -85.744  38.25 -85.745  0.68
7 19  26.0 38.255 -85.744  38.25 -85.745  0.91
5 19  34.0 38.254 -85.745  38.251 -85.744  2.485
7 9  12.0 38.256 -85.745  38.251 -85.744  0.68
7 8  20.0 38.256 -85.748  38.251 -85.741  1.39
6 13  18.0 38.26 -85.747  38.248 -85.742  1.27
3 11  3.0 38.244 -85.745  38.247 -85.743  0.31
6 17  5.0 38.242 -85.745  38.249 -85.743  0.5
1 1  5.0 38.242 -85.743  38.25 -85.745  0.6
4 13  5.0 38.242 -85.745  38.251 -85.743  0.55
7 14  13.0 38.244 -85.747  38.249 -85.741  1.118
5 19  3.0 38.247 -85.743  38.247 -85.745  0.068
7 24  10.0 38.243 -85.745  38.251 -85.743  0.684
5 18  15.0 38.243 -85.747  38.251 -85.741  0.71
4 12  3.0 38.248 -85.745  38.247 -85.743  0.33
6 19  5.0 38.247 -85.747  38.248 -85.741  0.548
2 10  10.0 38.247 -85.744  38.248 -85.744  0.87
6 16  2.0 38.248 -85.746  38.248 -85.742  0.31
1 4  2.0 38.247 -85.747  38.249 -85.741  0.49
5 23  3.0 38.248 -85.744  38.248 -85.744  0.07
6 10  3.0 38.248 -85.743  38.248 -85.745  0.186
5 17  3.0 38.248 -85.745  38.248 -85.743  0.37
4 14  5.0 38.248 -85.744  38.248 -85.744  0.22
5 21  6.0 38.248 -85.744  38.248 -85.744  0.06
4 6  7.0 38.248 -85.744  38.248 -85.744  0.84
4 12  8.0 38.248 -85.745  38.248 -85.743  0.5
5 0  8.0 38.248 -85.744  38.248 -85.744  0.87
5 21  9.0 38.248 -85.744  38.248 -85.744  0.39
6 15  9.0 38.248 -85.744  38.248 -85.744  0.76
6 16  10.0 38.248 -85.747  38.248 -85.741  0.81
4 2  13.0 38.248 -85.743  38.248 -85.745  0.17
4 17  23.0 38.248 -85.743  38.248 -85.745  0.64
5 14  24.0 38.248 -85.746  38.248 -85.742  0.186
1 10  2.0 38.25 -85.743  38.247 -85.745  0.26
4 17  3.0 38.248 -85.746  38.249 -85.742  0.29
3 20  3.0 38.249 -85.747  38.248 -85.741  0.33
5 8  3.0 38.249 -85.747  38.248 -85.741  0.4
7 14  4.0 38.246 -85.744  38.251 -85.744  0.36
6 8  5.0 38.246 -85.745  38.251 -85.743  0.497
5 18  8.0 38.249 -85.747  38.248 -85.741  0.311
4 18  9.0 38.249 -85.743  38.248 -85.745  0.64
2 12  9.0 38.249 -85.747  38.248 -85.741  1.07
3 12  40.0 38.249 -85.745  38.248 -85.743  4.15
3 12  41.0 38.249 -85.745  38.248 -85.743  3.68
2 19  2.0 38.249 -85.744  38.249 -85.744  0.621
4 14  3.0 38.248 -85.743  38.25 -85.745  0.12
4 16  3.0 38.249 -85.745  38.249 -85.743  0.121
6 14  3.0 38.25 -85.743  38.248 -85.745  0.186
3 10  3.0 38.25 -85.745  38.248 -85.743  0.22
4 19  6.0 38.249 -85.745  38.249 -85.743  0.12
4 14  16.0 38.249 -85.745  38.249 -85.743  1.41
3 21  20.0 38.249 -85.743  38.249 -85.745  1.08
6 15  3.0 38.25 -85.746  38.249 -85.742  0.38
6 20  19.0 38.249 -85.744  38.25 -85.744  0.87
2 12  2.0 38.25 -85.743  38.25 -85.745  0.36
6 15  3.0 38.249 -85.744  38.251 -85.744  0.1
6 13  3.0 38.249 -85.747  38.251 -85.741  0.46
5 17  4.0 38.249 -85.747  38.251 -85.741  0.326
6 10  4.0 38.249 -85.746  38.251 -85.742  0.37
1 10  23.0 38.25 -85.744  38.25 -85.744  2.364
4 9  2.0 38.253 -85.744  38.248 -85.744  0.33
3 12  3.0 38.25 -85.745  38.251 -85.743  0.43
5 12  4.0 38.252 -85.746  38.249 -85.742  0.27
5 10  4.0 38.25 -85.746  38.251 -85.742  0.35
6 12  5.0 38.252 -85.747  38.249 -85.741  0.5
4 4  5.0 38.253 -85.744  38.248 -85.744  0.79
1 11  7.0 38.251 -85.745  38.25 -85.743  0.42
4 6  10.0 38.251 -85.745  38.25 -85.743  0.59
3 14  2.0 38.251 -85.745  38.251 -85.743  0.25
2 15  3.0 38.251 -85.745  38.251 -85.743  0.06
5 18  3.0 38.251 -85.745  38.251 -85.743  0.14
3 8  3.0 38.252 -85.743  38.25 -85.745  0.242
5 12  4.0 38.252 -85.743  38.25 -85.745  0.286
3 18  11.0 38.251 -85.744  38.251 -85.744  0.51
6 19  16.0 38.251 -85.745  38.251 -85.743  1.17
2 19  23.0 38.251 -85.744  38.251 -85.744  1.429
5 14  27.0 38.251 -85.743  38.251 -85.745  2.548
7 10  3.0 38.252 -85.745  38.251 -85.743  0.186
6 22  5.0 38.252 -85.743  38.251 -85.745  0.13
6 3  5.0 38.252 -85.745  38.251 -85.743  0.5
6 12  10.0 38.254 -85.747  38.249 -85.741  0.808
5 8  45.0 38.252 -85.744  38.251 -85.744  4.69
7 18  3.0 38.253 -85.745  38.251 -85.743  0.37
7 11  26.0 38.253 -85.744  38.251 -85.744  0.64
5 8  36.0 38.253 -85.744  38.251 -85.744  2.7
1 18  8.0 38.254 -85.744  38.251 -85.744  0.6
3 16  10.0 38.255 -85.747  38.251 -85.741  0.82
7 23  40.0 38.257 -85.743  38.249 -85.745  3.03
5 11  4.0 38.257 -85.743  38.251 -85.745  0.285
5 21  8.0 38.257 -85.745  38.251 -85.743  0.8
1 15  10.0 38.257 -85.745  38.251 -85.743  0.58
7 9  18.0 38.214 -85.745  38.251 -85.742  2.97
4 15  9.0 38.235 -85.743  38.247 -85.744  1.12
5 15  15.0 38.239 -85.742  38.25 -85.745  1.88
2 7  4.0 38.245 -85.745  38.248 -85.742  0.24
5 16  22.0 38.243 -85.745  38.251 -85.742  0.859
2 17  3.0 38.247 -85.744  38.248 -85.743  0.32
2 16  3.0 38.246 -85.746  38.249 -85.741  0.497
4 13  2.0 38.248 -85.742  38.248 -85.745  0.19
4 14  2.0 38.247 -85.742  38.249 -85.745  0.28
4 6  5.0 38.248 -85.743  38.248 -85.744  0.08
5 17  5.0 38.248 -85.745  38.248 -85.742  0.22
2 13  5.0 38.247 -85.742  38.249 -85.745  0.38
5 0  9.0 38.248 -85.743  38.248 -85.744  0.55
7 9  4.0 38.246 -85.744  38.251 -85.743  0.73
4 7  8.0 38.248 -85.745  38.249 -85.742  0.186
6 9  3.0 38.249 -85.744  38.249 -85.743  0.21
1 10  3.0 38.249 -85.746  38.249 -85.741  0.32
1 10  10.0 38.249 -85.743  38.249 -85.744  0.994
3 11  2.0 38.25 -85.745  38.249 -85.742  0.37
5 12  6.0 38.25 -85.744  38.249 -85.743  0.249
7 23  22.0 38.249 -85.742  38.25 -85.745  2.734
2 12  7.0 38.25 -85.744  38.25 -85.743  0.27
6 16  20.0 38.249 -85.744  38.251 -85.743  1.23
2 8  3.0 38.25 -85.746  38.251 -85.741  0.39
6 17  19.0 38.25 -85.743  38.251 -85.744  1.16
3 15  2.0 38.251 -85.745  38.251 -85.742  0.28
7 11  3.0 38.252 -85.745  38.25 -85.742  0.21
3 19  4.0 38.251 -85.744  38.251 -85.743  0.06
2 15  4.0 38.251 -85.742  38.251 -85.745  0.19
6 19  8.0 38.251 -85.742  38.251 -85.745  1.39
3 13  9.0 38.252 -85.746  38.25 -85.741  0.29
6 20  13.0 38.251 -85.742  38.251 -85.745  0.559
4 17  23.0 38.252 -85.745  38.25 -85.742  1.243
6 15  14.0 38.252 -85.742  38.251 -85.745  0.59
3 11  14.0 38.257 -85.744  38.247 -85.743  0.71
7 8  20.0 38.253 -85.742  38.251 -85.745  1.33
5 9  5.0 38.254 -85.742  38.251 -85.745  0.38
5 17  8.0 38.255 -85.744  38.251 -85.743  0.621
4 20  10.0 38.255 -85.744  38.251 -85.743  0.54
7 19  10.0 38.255 -85.744  38.251 -85.743  1.31
5 15  13.0 38.255 -85.744  38.251 -85.743  1.79
7 21  8.0 38.256 -85.746  38.251 -85.741  0.808
2 20  8.0 38.257 -85.744  38.251 -85.743  0.46
1 15  14.0 38.258 -85.745  38.251 -85.742  0.81
7 3  6.0 38.236 -85.744  38.248 -85.742  0.89
1 9  3.0 38.244 -85.743  38.247 -85.743  0.18
3 9  5.0 38.244 -85.742  38.247 -85.744  0.37
6 12  4.0 38.245 -85.745  38.247 -85.741  0.09
5 14  2.0 38.247 -85.745  38.247 -85.741  0.2
5 17  2.0 38.247 -85.745  38.247 -85.741  0.262
2 13  3.0 38.246 -85.742  38.248 -85.744  0.19
6 13  4.0 38.246 -85.743  38.249 -85.743  0.43
5 16  40.0 38.245 -85.744  38.25 -85.742  3.42
1 4  54.0 38.246 -85.743  38.249 -85.743  1.85
5 14  3.0 38.248 -85.741  38.248 -85.745  0.26
1 13  13.0 38.249 -85.743  38.247 -85.743  0.559
4 16  17.0 38.248 -85.743  38.248 -85.743  0.3
5 21  17.0 38.248 -85.743  38.248 -85.743  1.802
4 18  18.0 38.247 -85.741  38.249 -85.745  0.157
3 21  21.0 38.248 -85.743  38.248 -85.743  1.35
6 13  2.0 38.248 -85.744  38.249 -85.742  0.186
5 9  5.0 38.249 -85.744  38.248 -85.742  0.14
3 12  8.0 38.248 -85.745  38.249 -85.741  0.373
6 11  9.0 38.248 -85.743  38.249 -85.743  0.684
4 11  27.0 38.249 -85.744  38.248 -85.742  1.616
2 15  4.0 38.249 -85.745  38.249 -85.741  0.18
3 11  4.0 38.249 -85.743  38.249 -85.743  0.186
7 11  8.0 38.251 -85.743  38.247 -85.743  0.621
7 16  9.0 38.249 -85.743  38.249 -85.743  1.64
4 8  2.0 38.249 -85.745  38.251 -85.741  0.3
5 13  3.0 38.25 -85.741  38.25 -85.745  0.23
3 9  3.0 38.249 -85.743  38.251 -85.743  0.23
7 7  3.0 38.249 -85.745  38.251 -85.741  0.28
3 9  4.0 38.252 -85.744  38.248 -85.742  0.3
3 21  5.0 38.25 -85.743  38.25 -85.743  0.066
7 8  5.0 38.249 -85.741  38.251 -85.745  0.41
7 20  5.0 38.25 -85.743  38.25 -85.743  0.684
7 11  7.0 38.25 -85.743  38.25 -85.743  0.92
1 19  12.0 38.25 -85.743  38.25 -85.743  0.67
7 12  13.0 38.251 -85.743  38.249 -85.743  0.6
4 18  19.0 38.253 -85.743  38.247 -85.743  1.59
6 12  48.0 38.251 -85.745  38.249 -85.741  2.84
6 10  2.0 38.25 -85.745  38.251 -85.741  0.33
6 13  4.0 38.25 -85.745  38.251 -85.741  0.5
1 6  6.0 38.254 -85.744  38.247 -85.742  0.62
6 20  8.0 38.25 -85.745  38.251 -85.741  0.95
1 12  12.0 38.251 -85.743  38.25 -85.743  0.124
6 15  13.0 38.251 -85.745  38.25 -85.741  0.36
2 12  17.0 38.252 -85.741  38.249 -85.745  0.88
2 16  20.0 38.25 -85.743  38.251 -85.743  1.9
7 15  33.0 38.252 -85.743  38.249 -85.743  3.83
1 17  2.0 38.251 -85.743  38.251 -85.743  0.621
2 7  2.0 38.251 -85.743  38.251 -85.743  1.056
3 14  3.0 38.251 -85.743  38.251 -85.743  0.3
5 19  3.0 38.251 -85.743  38.251 -85.743  1.305
3 22  4.0 38.251 -85.743  38.251 -85.743  0.746
1 21  4.0 38.251 -85.743  38.251 -85.743  1.118
7 6  5.0 38.254 -85.742  38.248 -85.744  0.63
6 0  5.0 38.251 -85.743  38.251 -85.743  0.82
2 22  6.0 38.251 -85.743  38.251 -85.743  0.621
7 10  7.0 38.251 -85.743  38.251 -85.743  1.74
5 20  9.0 38.251 -85.743  38.251 -85.743  1.28
3 12  25.0 38.251 -85.743  38.251 -85.743  1.43
7 21  51.0 38.251 -85.743  38.251 -85.743  4.11
7 21  54.0 38.251 -85.743  38.251 -85.743  3.853
2 10  3.0 38.253 -85.741  38.25 -85.745  0.45
5 12  21.0 38.252 -85.743  38.251 -85.743  1.57
3 12  28.0 38.252 -85.741  38.251 -85.745  0.49
1 13  45.0 38.252 -85.743  38.251 -85.743  0.27
6 16  23.0 38.253 -85.741  38.251 -85.745  3.82
2 9  6.0 38.254 -85.742  38.251 -85.744  0.186
2 21  6.0 38.254 -85.744  38.251 -85.742  0.311
7 5  11.0 38.255 -85.742  38.25 -85.744  1.49
5 16  17.0 38.257 -85.741  38.248 -85.745  1.094
1 19  44.0 38.256 -85.742  38.251 -85.744  2.734
6 14  10.0 38.257 -85.745  38.251 -85.741  0.621
7 9  5.0 38.26 -85.743  38.251 -85.743  0.58
6 13  6.0 38.24 -85.74  38.248 -85.745  0.621
7 7  3.0 38.242 -85.744  38.247 -85.741  0.366
3 10  16.0 38.244 -85.742  38.249 -85.743  2.33
3 16  5.0 38.245 -85.742  38.25 -85.743  0.373
3 15  7.0 38.244 -85.742  38.251 -85.743  0.63
7 18  3.0 38.245 -85.743  38.251 -85.742  0.43
4 13  4.0 38.245 -85.742  38.251 -85.743  0.55
7 17  6.0 38.248 -85.742  38.248 -85.743  0.22
6 20  16.0 38.248 -85.742  38.248 -85.743  1.926
5 22  4.0 38.248 -85.743  38.249 -85.742  0.621
2 18  5.0 38.248 -85.743  38.249 -85.742  0.24
4 13  18.0 38.249 -85.741  38.248 -85.744  1.48
6 7  3.0 38.249 -85.741  38.249 -85.744  0.24
1 18  3.0 38.252 -85.742  38.247 -85.743  0.373
4 13  33.0 38.252 -85.743  38.247 -85.742  0.435
2 17  3.0 38.251 -85.743  38.249 -85.742  0.19
7 3  4.0 38.252 -85.74  38.248 -85.745  0.28
1 10  4.0 38.252 -85.743  38.248 -85.742  0.39
2 12  5.0 38.251 -85.74  38.249 -85.745  0.44
7 13  9.0 38.249 -85.74  38.251 -85.745  0.59
7 13  12.0 38.25 -85.742  38.25 -85.743  0.66
7 14  16.0 38.252 -85.74  38.248 -85.745  1.09
4 17  21.0 38.252 -85.74  38.248 -85.745  2.02
5 8  3.0 38.251 -85.744  38.25 -85.741  0.235
6 12  4.0 38.251 -85.74  38.25 -85.745  0.311
3 19  4.0 38.253 -85.74  38.248 -85.745  0.61
6 14  3.0 38.254 -85.742  38.248 -85.743  0.26
1 14  4.0 38.252 -85.74  38.25 -85.745  0.42
7 16  5.0 38.251 -85.741  38.251 -85.744  0.28
1 13  7.0 38.253 -85.741  38.249 -85.744  0.46
2 12  21.0 38.251 -85.744  38.251 -85.741  1.17
3 18  22.0 38.252 -85.74  38.25 -85.745  2.56
3 14  2.0 38.253 -85.742  38.25 -85.743  0.19
7 15  2.0 38.252 -85.742  38.251 -85.743  0.32
4 7  6.0 38.253 -85.74  38.25 -85.745  0.54
6 19  6.0 38.255 -85.744  38.248 -85.741  0.66
1 18  7.0 38.255 -85.744  38.248 -85.741  0.74
6 19  14.0 38.252 -85.742  38.251 -85.743  2.03
7 9  16.0 38.252 -85.742  38.251 -85.743  1.89
7 14  17.0 38.253 -85.74  38.25 -85.745  0.85
3 16  20.0 38.254 -85.743  38.249 -85.742  0.96
1 15  20.0 38.254 -85.74  38.249 -85.745  1.1
5 12  31.0 38.253 -85.74  38.25 -85.745  2.61
5 12  42.0 38.252 -85.743  38.251 -85.742  2.423
7 12  47.0 38.253 -85.742  38.25 -85.743  1.34
4 9  3.0 38.253 -85.742  38.251 -85.743  0.124
3 19  4.0 38.253 -85.742  38.251 -85.743  0.124
4 11  5.0 38.253 -85.74  38.251 -85.745  0.05
4 20  5.0 38.253 -85.743  38.251 -85.742  0.229
3 10  5.0 38.253 -85.744  38.251 -85.741  0.559
7 21  6.0 38.255 -85.743  38.249 -85.742  0.166
7 13  7.0 38.255 -85.74  38.249 -85.745  0.6
5 20  9.0 38.253 -85.742  38.251 -85.743  0.249
6 20  10.0 38.256 -85.744  38.248 -85.741  1.05
7 19  36.0 38.256 -85.742  38.248 -85.743  2.9
6 9  3.0 38.255 -85.742  38.25 -85.743  0.35
5 9  5.0 38.255 -85.74  38.25 -85.745  0.559
2 8  5.0 38.255 -85.74  38.25 -85.745  0.65
2 6  5.0 38.255 -85.74  38.25 -85.745  0.808
3 7  12.0 38.255 -85.74  38.25 -85.745  0.68
1 7  23.0 38.257 -85.743  38.248 -85.742  2.44
7 17  10.0 38.256 -85.744  38.251 -85.741  0.78
6 11  4.0 38.257 -85.74  38.251 -85.745  0.6
6 14  11.0 38.26 -85.742  38.25 -85.743  1.5
5 10  44.0 38.26 -85.743  38.25 -85.742  0.99
7 10  8.0 38.263 -85.742  38.248 -85.743  1.49
3 10  5.0 38.24 -85.743  38.249 -85.741  0.51
4 16  3.0 38.245 -85.742  38.248 -85.742  0.27
5 6  8.0 38.246 -85.741  38.247 -85.743  0.88
6 16  8.0 38.244 -85.741  38.249 -85.743  0.9
3 11  4.0 38.247 -85.741  38.247 -85.743  0.12
3 15  13.0 38.247 -85.743  38.248 -85.741  0.3
2 17  2.0 38.246 -85.743  38.25 -85.741  0.25
4 10  3.0 38.247 -85.742  38.249 -85.742  0.062
6 12  53.0 38.248 -85.741  38.248 -85.743  2.97
3 18  3.0 38.247 -85.74  38.25 -85.744  0.29
3 15  4.0 38.248 -85.739  38.25 -85.745  0.3
6 20  11.0 38.248 -85.741  38.25 -85.743  1.26
4 1  14.0 38.249 -85.739  38.249 -85.745  1.87
1 13  23.0 38.248 -85.742  38.25 -85.742  1.37
6 3  2.0 38.248 -85.743  38.251 -85.741  0.25
1 11  6.0 38.25 -85.742  38.249 -85.742  1.429
7 11  3.0 38.25 -85.742  38.25 -85.742  0.3
6 15  4.0 38.252 -85.739  38.248 -85.745  0.77
1 12  11.0 38.249 -85.739  38.251 -85.745  0.43
1 15  22.0 38.249 -85.739  38.251 -85.745  1.84
4 18  2.0 38.25 -85.742  38.251 -85.742  0.25
1 5  3.0 38.251 -85.742  38.25 -85.742  0.062
3 12  3.0 38.25 -85.743  38.251 -85.741  0.17
6 14  4.0 38.253 -85.739  38.248 -85.745  0.37
5 19  4.0 38.251 -85.742  38.25 -85.742  0.75
6 9  5.0 38.252 -85.739  38.249 -85.745  0.41
5 19  5.0 38.25 -85.742  38.251 -85.742  0.75
1 13  13.0 38.252 -85.743  38.249 -85.741  0.92
6 8  14.0 38.252 -85.742  38.249 -85.742  1.37
6 13  23.0 38.251 -85.742  38.25 -85.742  3.85
5 17  2.0 38.251 -85.74  38.251 -85.744  0.28
6 9  4.0 38.252 -85.739  38.25 -85.745  0.497
6 12  5.0 38.252 -85.739  38.25 -85.745  0.51
2 21  5.0 38.251 -85.742  38.251 -85.742  1.181
7 9  10.0 38.253 -85.739  38.249 -85.745  1.06
3 18  16.0 38.251 -85.742  38.251 -85.742  1.76
3 20  18.0 38.251 -85.742  38.251 -85.742  3.915
5 16  5.0 38.253 -85.741  38.25 -85.743  0.53
7 10  7.0 38.252 -85.74  38.251 -85.744  0.84
2 14  9.0 38.255 -85.741  38.248 -85.743  0.621
1 12  19.0 38.252 -85.742  38.251 -85.742  0.63
4 13  4.0 38.253 -85.741  38.251 -85.743  0.186
4 14  4.0 38.253 -85.741  38.251 -85.743  0.269
4 21  5.0 38.254 -85.74  38.25 -85.744  0.66
5 15  9.0 38.253 -85.741  38.251 -85.743  0.33
1 13  18.0 38.253 -85.741  38.251 -85.743  0.213
7 12  19.0 38.253 -85.741  38.251 -85.743  1.99
2 7  4.0 38.255 -85.74  38.25 -85.744  0.61
4 14  11.0 38.255 -85.739  38.25 -85.745  0.062
7 10  15.0 38.254 -85.741  38.251 -85.743  0.43
7 10  16.0 38.254 -85.741  38.251 -85.743  0.45
1 15  20.0 38.255 -85.741  38.25 -85.743  0.98
5 12  31.0 38.254 -85.74  38.251 -85.744  2.92
4 9  6.0 38.255 -85.741  38.251 -85.743  0.373
1 18  37.0 38.259 -85.739  38.247 -85.745  2.23
3 15  50.0 38.255 -85.739  38.251 -85.745  4.91
4 19  5.0 38.258 -85.743  38.25 -85.741  0.84
4 22  20.0 38.258 -85.741  38.25 -85.743  1.22
4 17  4.0 38.259 -85.741  38.251 -85.743  0.52
4 15  19.0 38.269 -85.742  38.25 -85.742  1.86
6 15  3.0 38.246 -85.741  38.249 -85.742  0.3
6 14  4.0 38.244 -85.741  38.251 -85.742  0.39
6 21  12.0 38.247 -85.739  38.248 -85.744  0.559
5 12  16.0 38.248 -85.739  38.247 -85.744  0.62
3 16  5.0 38.249 -85.742  38.247 -85.741  0.311
7 21  7.0 38.248 -85.741  38.248 -85.742  0.046
7 18  10.0 38.247 -85.74  38.249 -85.743  0.86
5 17  3.0 38.248 -85.738  38.249 -85.745  0.11
2 15  11.0 38.249 -85.741  38.248 -85.742  1.056
4 8  3.0 38.249 -85.739  38.249 -85.744  0.31
1 15  18.0 38.251 -85.74  38.248 -85.743  0.47
7 19  44.0 38.252 -85.74  38.247 -85.743  4.42
5 6  4.0 38.252 -85.74  38.248 -85.743  0.41
7 14  5.0 38.251 -85.741  38.249 -85.742  0.2
2 20  9.0 38.25 -85.741  38.25 -85.742  0.808
7 14  14.0 38.252 -85.739  38.248 -85.744  1.12
7 19  16.0 38.251 -85.739  38.249 -85.744  1.118
1 19  51.0 38.25 -85.742  38.25 -85.741  0.54
1 20  3.0 38.252 -85.741  38.249 -85.742  0.23
1 15  8.0 38.253 -85.739  38.248 -85.744  0.94
1 10  16.0 38.253 -85.739  38.248 -85.744  1.77
5 16  3.0 38.252 -85.741  38.25 -85.742  0.143
7 8  4.0 38.251 -85.741  38.251 -85.742  0.05
6 12  4.0 38.252 -85.74  38.25 -85.743  0.311
6 12  5.0 38.253 -85.74  38.249 -85.743  0.373
6 9  5.0 38.253 -85.74  38.249 -85.743  0.47
2 13  7.0 38.253 -85.738  38.249 -85.745  0.66
6 21  8.0 38.253 -85.74  38.249 -85.743  0.559
4 11  12.0 38.251 -85.741  38.251 -85.742  0.43
6 19  13.0 38.251 -85.74  38.251 -85.743  1.74
2 16  3.0 38.252 -85.742  38.251 -85.741  0.18
6 12  4.0 38.252 -85.739  38.251 -85.744  0.35
5 13  6.0 38.253 -85.738  38.25 -85.745  0.532
4 15  7.0 38.252 -85.742  38.251 -85.741  0.51
7 13  3.0 38.253 -85.741  38.251 -85.742  0.186
4 14  4.0 38.253 -85.74  38.251 -85.743  0.244
5 7  5.0 38.254 -85.74  38.25 -85.743  0.373
1 16  5.0 38.253 -85.74  38.251 -85.743  0.47
6 17  6.0 38.253 -85.74  38.251 -85.743  0.26
7 16  8.0 38.253 -85.74  38.251 -85.743  0.621
7 20  12.0 38.253 -85.74  38.251 -85.743  0.994
2 3  23.0 38.253 -85.74  38.251 -85.743  2.56
5 19  26.0 38.253 -85.74  38.251 -85.743  2.918
4 17  32.0 38.254 -85.741  38.25 -85.742  2.06
3 8  5.0 38.255 -85.74  38.25 -85.743  0.435
5 11  5.0 38.256 -85.738  38.249 -85.745  0.67
4 12  6.0 38.255 -85.74  38.25 -85.743  0.37
6 17  15.0 38.256 -85.74  38.249 -85.743  1.54
7 18  21.0 38.255 -85.739  38.25 -85.744  2.983
7 10  25.0 38.255 -85.74  38.25 -85.743  2.175
4 7  3.0 38.255 -85.74  38.251 -85.743  0.274
4 9  4.0 38.255 -85.74  38.251 -85.743  0.358
2 7  4.0 38.255 -85.74  38.251 -85.743  0.373
4 16  4.0 38.255 -85.74  38.251 -85.743  0.74
2 9  5.0 38.255 -85.74  38.251 -85.743  0.373
5 16  9.0 38.255 -85.74  38.251 -85.743  0.35
2 18  3.0 38.257 -85.74  38.25 -85.743  0.39
6 19  5.0 38.256 -85.741  38.251 -85.742  1.03
1 20  4.0 38.257 -85.74  38.251 -85.743  0.46
2 10  4.0 38.258 -85.741  38.25 -85.742  0.51
7 23  7.0 38.257 -85.74  38.251 -85.743  0.808
6 20  47.0 38.257 -85.74  38.251 -85.743  2.32
4 12  5.0 38.26 -85.74  38.251 -85.743  1.11
7 20  38.0 38.269 -85.738  38.251 -85.745  3.045
3 15  8.0 38.235 -85.739  38.25 -85.743  1.0
2 15  4.0 38.245 -85.74  38.247 -85.742  0.31
5 15  4.0 38.243 -85.74  38.249 -85.742  0.79
4 8  24.0 38.245 -85.739  38.247 -85.743  1.54
3 15  30.0 38.247 -85.739  38.247 -85.743  2.5
5 20  3.0 38.246 -85.741  38.249 -85.741  0.32
6 20  7.0 38.244 -85.737  38.251 -85.745  1.056
3 13  5.0 38.247 -85.737  38.249 -85.745  0.373
5 18  8.0 38.248 -85.741  38.248 -85.741  0.435
2 19  37.0 38.248 -85.741  38.25 -85.741  4.101
3 10  3.0 38.25 -85.741  38.249 -85.741  0.435
7 15  8.0 38.252 -85.741  38.247 -85.741  0.5
6 8  9.0 38.25 -85.741  38.249 -85.741  1.367
5 6  10.0 38.251 -85.738  38.248 -85.744  0.31
6 16  29.0 38.25 -85.738  38.249 -85.744  1.864
1 11  3.0 38.253 -85.74  38.247 -85.742  0.37
5 12  4.0 38.25 -85.737  38.25 -85.745  0.39
7 12  4.0 38.25 -85.737  38.25 -85.745  0.41
2 16  6.0 38.25 -85.741  38.25 -85.741  0.24
7 21  8.0 38.25 -85.741  38.25 -85.741  0.59
2 13  11.0 38.25 -85.741  38.25 -85.741  0.77
6 8  11.0 38.25 -85.741  38.25 -85.741  0.8
6 13  13.0 38.25 -85.741  38.25 -85.741  0.97
6 4  2.0 38.251 -85.739  38.25 -85.743  0.32
6 15  13.0 38.251 -85.741  38.25 -85.741  1.3
2 8  4.0 38.251 -85.737  38.251 -85.745  0.571
2 20  5.0 38.252 -85.741  38.25 -85.741  0.311
4 23  11.0 38.254 -85.74  38.248 -85.742  0.621
5 15  14.0 38.251 -85.741  38.251 -85.741  0.52
4 11  14.0 38.253 -85.739  38.249 -85.743  0.81
6 12  3.0 38.253 -85.74  38.25 -85.742  0.37
4 4  4.0 38.253 -85.738  38.25 -85.744  0.28
5 9  7.0 38.252 -85.741  38.251 -85.741  0.25
7 10  16.0 38.253 -85.74  38.25 -85.742  2.05
1 13  2.0 38.253 -85.739  38.251 -85.743  0.35
7 9  2.0 38.253 -85.739  38.251 -85.743  0.389
4 11  3.0 38.253 -85.739  38.251 -85.743  0.37
3 23  5.0 38.253 -85.739  38.251 -85.743  0.373
4 22  6.0 38.253 -85.739  38.251 -85.743  0.373
3 14  6.0 38.253 -85.739  38.251 -85.743  0.435
6 18  8.0 38.253 -85.739  38.251 -85.743  0.373
7 17  8.0 38.253 -85.739  38.251 -85.743  0.435
6 23  8.0 38.253 -85.74  38.251 -85.742  0.621
4 17  27.0 38.254 -85.74  38.25 -85.742  1.61
1 19  46.0 38.253 -85.739  38.251 -85.743  2.686
6 19  4.0 38.255 -85.74  38.251 -85.742  0.51
7 10  17.0 38.256 -85.74  38.25 -85.742  2.08
6 20  4.0 38.258 -85.738  38.25 -85.744  0.64
2 20  8.0 38.261 -85.737  38.25 -85.745  0.808
4 17  40.0 38.261 -85.739  38.25 -85.743  0.84
4 6  13.0 38.223 -85.739  38.249 -85.742  2.09
2 5  10.0 38.239 -85.736  38.248 -85.745  1.32
7 11  4.0 38.242 -85.738  38.25 -85.743  0.69
3 12  4.0 38.242 -85.74  38.25 -85.741  0.695
3 17  4.0 38.243 -85.74  38.251 -85.741  0.249
4 15  6.0 38.247 -85.736  38.247 -85.745  0.54
7 15  6.0 38.247 -85.738  38.247 -85.743  0.65
6 17  3.0 38.248 -85.74  38.247 -85.741  0.096
4 16  32.0 38.248 -85.739  38.247 -85.742  1.62
7 11  7.0 38.248 -85.737  38.248 -85.744  0.54
3 17  13.0 38.249 -85.738  38.247 -85.743  0.62
3 12  4.0 38.249 -85.737  38.248 -85.744  0.62
5 7  11.0 38.248 -85.74  38.249 -85.741  0.47
7 11  27.0 38.248 -85.739  38.25 -85.742  2.76
5 19  3.0 38.251 -85.739  38.248 -85.742  0.31
5 6  8.0 38.251 -85.738  38.248 -85.743  0.497
7 15  3.0 38.249 -85.738  38.251 -85.743  0.364
6 17  9.0 38.253 -85.74  38.247 -85.741  0.53
1 17  3.0 38.251 -85.738  38.25 -85.743  0.226
5 5  26.0 38.253 -85.74  38.248 -85.741  2.44
2 13  3.0 38.253 -85.739  38.249 -85.742  0.5
3 11  5.0 38.253 -85.739  38.249 -85.742  0.56
5 9  6.0 38.253 -85.738  38.249 -85.743  0.43
4 18  8.0 38.255 -85.74  38.247 -85.741  0.746
4 15  20.0 38.251 -85.74  38.251 -85.741  0.56
2 19  3.0 38.252 -85.739  38.251 -85.742  0.24
7 11  7.0 38.252 -85.738  38.251 -85.743  0.8
1 18  13.0 38.253 -85.739  38.25 -85.742  0.18
4 10  4.0 38.253 -85.74  38.251 -85.741  0.26
7 17  5.0 38.253 -85.74  38.251 -85.741  0.3
4 18  5.0 38.255 -85.736  38.249 -85.745  0.53
7 14  5.0 38.253 -85.738  38.251 -85.743  0.56
6 16  6.0 38.253 -85.738  38.251 -85.743  0.373
2 20  6.0 38.253 -85.738  38.251 -85.743  0.4
4 18  9.0 38.253 -85.738  38.251 -85.743  0.435
7 14  9.0 38.253 -85.74  38.251 -85.741  0.68
2 20  14.0 38.253 -85.738  38.251 -85.743  0.43
6 18  14.0 38.253 -85.74  38.251 -85.741  0.497
7 21  4.0 38.255 -85.74  38.25 -85.741  0.42
7 8  3.0 38.255 -85.74  38.251 -85.741  0.12
2 16  20.0 38.255 -85.74  38.251 -85.741  1.616
6 20  50.0 38.257 -85.738  38.251 -85.743  2.29
7 10  7.0 38.261 -85.738  38.248 -85.743  1.48
7 3  13.0 38.22 -85.738  38.25 -85.742  2.16
6 11  8.0 38.233 -85.737  38.247 -85.743  1.08
3 12  29.0 38.245 -85.737  38.247 -85.743  1.61
6 19  14.0 38.247 -85.737  38.248 -85.743  2.423
6 6  3.0 38.248 -85.738  38.249 -85.742  0.24
3 14  5.0 38.248 -85.738  38.249 -85.742  0.54
4 15  30.0 38.249 -85.735  38.248 -85.745  3.57
7 11  4.0 38.252 -85.739  38.247 -85.741  0.52
7 17  13.0 38.252 -85.737  38.247 -85.743  1.13
5 16  3.0 38.253 -85.739  38.247 -85.741  0.45
5 10  3.0 38.251 -85.737  38.25 -85.743  0.52
6 22  11.0 38.25 -85.739  38.251 -85.741  0.14
6 7  5.0 38.252 -85.735  38.25 -85.745  0.6
3 15  11.0 38.251 -85.735  38.251 -85.745  0.6
4 15  5.0 38.256 -