1 11  32.0 38.26 -85.782  38.236 -85.72  1.43
3 15  30.0 38.23 -85.767  38.236 -85.721  3.92
4 21  21.0 38.207 -85.765  38.237 -85.722  3.73
1 3  16.0 38.232 -85.764  38.235 -85.723  2.83
2 8  31.0 38.198 -85.763  38.237 -85.723  4.32
2 11  30.0 38.223 -85.76  38.235 -85.724  2.96
7 13  18.0 38.225 -85.764  38.237 -85.72  3.03
4 12  14.0 38.236 -85.763  38.237 -85.721  2.22
2 4  22.0 38.212 -85.763  38.237 -85.72  3.49
3 15  16.0 38.221 -85.76  38.237 -85.723  2.78
6 18  14.0 38.236 -85.762  38.237 -85.721  2.55
7 17  32.0 38.255 -85.763  38.234 -85.72  3.41
7 16  27.0 38.256 -85.76  38.237 -85.723  2.983
7 17  34.0 38.258 -85.762  38.237 -85.721  0.4
7 16  18.0 38.214 -85.761  38.237 -85.721  3.24
5 16  38.0 38.224 -85.762  38.236 -85.72  3.666
6 11  14.0 38.231 -85.758  38.237 -85.724  1.834
2 21  11.0 38.232 -85.76  38.237 -85.722  1.76
3 8  18.0 38.242 -85.758  38.236 -85.724  1.98
6 13  42.0 38.244 -85.758  38.237 -85.724  2.82
3 12  29.0 38.219 -85.761  38.237 -85.72  4.48
7 10  23.0 38.254 -85.76  38.235 -85.721  3.04
6 17  20.0 38.255 -85.76  38.235 -85.721  2.56
6 17  30.0 38.254 -85.759  38.237 -85.722  3.48
7 11  21.0 38.219 -85.76  38.237 -85.72  3.69
1 9  13.0 38.226 -85.757  38.237 -85.723  2.47
4 10  14.0 38.238 -85.756  38.236 -85.724  2.3
6 15  14.0 38.238 -85.758  38.236 -85.722  2.34
7 21  18.0 38.245 -85.758  38.237 -85.722  2.45
6 19  39.0 38.25 -85.76  38.234 -85.72  2.548
7 16  44.0 38.257 -85.759  38.235 -85.721  3.35
3 5  14.0 38.225 -85.757  38.237 -85.722  2.66
1 17  17.0 38.228 -85.756  38.236 -85.723  4.225
4 16  14.0 38.229 -85.757  38.237 -85.722  2.615
5 18  28.0 38.232 -85.759  38.237 -85.72  3.14
2 19  15.0 38.236 -85.758  38.236 -85.721  2.7
5 12  33.0 38.244 -85.758  38.237 -85.721  4.04
7 17  27.0 38.253 -85.756  38.236 -85.723  2.47
7 20  19.0 38.23 -85.758  38.237 -85.72  2.41
6 14  10.0 38.233 -85.757  38.236 -85.721  2.04
2 18  23.0 38.233 -85.755  38.237 -85.723  1.553
7 19  15.0 38.245 -85.756  38.237 -85.722  2.26
7 17  18.0 38.249 -85.754  38.236 -85.724  1.553
2 12  20.0 38.254 -85.756  38.237 -85.722  3.32
1 12  34.0 38.255 -85.758  38.236 -85.72  2.755
5 18  19.0 38.224 -85.757  38.234 -85.72  2.56
1 9  54.0 38.231 -85.756  38.236 -85.721  2.18
2 22  12.0 38.232 -85.755  38.237 -85.722  2.022
4 20  11.0 38.242 -85.757  38.234 -85.72  2.25
4 14  39.0 38.245 -85.757  38.237 -85.72  2.3
1 14  15.0 38.25 -85.755  38.237 -85.722  2.423
7 6  16.0 38.253 -85.754  38.235 -85.723  2.25
1 12  22.0 38.254 -85.754  38.236 -85.723  2.61
7 14  16.0 38.223 -85.756  38.236 -85.72  2.858
6 18  12.0 38.227 -85.755  38.237 -85.721  2.33
3 14  14.0 38.227 -85.753  38.237 -85.723  2.38
5 20  11.0 38.231 -85.754  38.236 -85.722  1.74
5 18  13.0 38.25 -85.752  38.237 -85.724  2.299
4 15  26.0 38.251 -85.752  38.236 -85.724  2.06
6 5  25.0 38.252 -85.754  38.237 -85.722  4.909
7 20  37.0 38.254 -85.755  38.237 -85.721  3.977
6 8  19.0 38.257 -85.754  38.237 -85.722  3.03
7 17  20.0 38.221 -85.753  38.237 -85.722  2.858
7 19  10.0 38.233 -85.755  38.237 -85.72  1.76
7 10  17.0 38.233 -85.754  38.237 -85.721  2.801
2 11  13.0 38.235 -85.751  38.237 -85.724  1.616
5 13  28.0 38.249 -85.755  38.235 -85.72  3.666
1 23  14.0 38.252 -85.755  38.237 -85.72  3.169
5 21  17.0 38.254 -85.751  38.235 -85.724  2.796
5 15  17.0 38.256 -85.755  38.236 -85.72  2.42
3 12  21.0 38.256 -85.755  38.237 -85.72  3.36
7 20  19.0 38.229 -85.754  38.237 -85.72  2.42
3 14  15.0 38.234 -85.753  38.237 -85.721  2.61
1 19  13.0 38.249 -85.752  38.235 -85.722  2.24
7 16  17.0 38.253 -85.754  38.236 -85.72  2.2
3 12  20.0 38.256 -85.754  38.237 -85.72  3.1
6 18  29.0 38.198 -85.75  38.237 -85.723  4.84
5 16  19.0 38.213 -85.751  38.237 -85.721  2.45
5 16  19.0 38.214 -85.751  38.237 -85.721  2.53
4 16  17.0 38.238 -85.75  38.236 -85.722  2.58
5 17  22.0 38.248 -85.752  38.235 -85.72  2.871
7 18  37.0 38.256 -85.752  38.237 -85.72  3.231
4 12  11.0 38.231 -85.748  38.236 -85.723  2.93
7 15  23.0 38.253 -85.749  38.237 -85.722  2.49
7 22  24.0 38.257 -85.747  38.236 -85.724  2.672
6 12  17.0 38.22 -85.746  38.236 -85.724  0.124
6 11  12.0 38.244 -85.746  38.237 -85.724  1.18
7 16  13.0 38.251 -85.747  38.237 -85.723  1.95
5 20  25.0 38.252 -85.75  38.236 -85.72  2.08
7 18  15.0 38.249 -85.745  38.235 -85.724  1.82
5 15  19.0 38.254 -85.749  38.237 -85.72  3.05
6 22  24.0 38.259 -85.745  38.237 -85.724  2.858
4 10  38.0 38.216 -85.746  38.237 -85.722  3.41
6 15  21.0 38.231 -85.747  38.237 -85.72  1.74
4 14  14.0 38.244 -85.744  38.236 -85.723  0.435
7 14  12.0 38.252 -85.746  38.236 -85.721  1.73
6 15  11.0 38.254 -85.743  38.235 -85.724  1.76
4 19  30.0 38.257 -85.747  38.235 -85.72  2.66
7 22  35.0 38.258 -85.745  38.237 -85.722  2.237
4 19  9.0 38.226 -85.742  38.234 -85.724  1.6
3 13  16.0 38.24 -85.744  38.235 -85.722  1.85
2 18  11.0 38.241 -85.745  38.236 -85.721  2.06
7 14  17.0 38.246 -85.743  38.236 -85.723  1.802
6 13  10.0 38.248 -85.745  38.236 -85.721  2.08
7 17  48.0 38.262 -85.744  38.237 -85.722  3.56
1 15  23.0 38.255 -85.745  38.236 -85.72  0.186
7 22  35.0 38.259 -85.743  38.237 -85.722  2.983
5 14  23.0 38.226 -85.742  38.237 -85.722  1.92
3 12  13.0 38.249 -85.744  38.237 -85.72  2.05
5 20  16.0 38.252 -85.742  38.237 -85.722  1.72
3 15  11.0 38.245 -85.739  38.234 -85.724  1.553
5 16  20.0 38.248 -85.742  38.236 -85.721  2.27
2 15  16.0 38.248 -85.742  38.237 -85.721  2.11
4 21  20.0 38.251 -85.739  38.237 -85.724  2.175
6 17  43.0 38.251 -85.741  38.237 -85.722  1.64
4 18  11.0 38.253 -85.74  38.236 -85.723  2.051
7 21  26.0 38.253 -85.739  38.235 -85.723  3.169
1 20  16.0 38.253 -85.742  38.236 -85.72  1.988
6 16  21.0 38.253 -85.738  38.236 -85.724  2.61
6 12  12.0 38.211 -85.739  38.236 -85.722  2.11
7 17  7.0 38.235 -85.739  38.237 -85.722  1.07
7 16  8.0 38.244 -85.738  38.234 -85.723  1.37
1 13  12.0 38.246 -85.738  38.237 -85.723  1.28
3 16  14.0 38.249 -85.741  38.236 -85.72  1.48
7 22  16.0 38.249 -85.738  38.237 -85.723  2.61
7 13  16.0 38.254 -85.739  38.237 -85.722  2.45
4 17  14.0 38.257 -85.738  38.237 -85.723  2.73
3 20  20.0 38.231 -85.739  38.234 -85.721  2.61
4 19  8.0 38.229 -85.739  38.237 -85.721  1.55
3 12  7.0 38.235 -85.738  38.235 -85.722  1.02
6 18  11.0 38.24 -85.737  38.235 -85.723  0.994
6 11  10.0 38.241 -85.74  38.235 -85.72  2.5
1 16  25.0 38.248 -85.74  38.237 -85.72  2.361
6 11  52.0 38.252 -85.736  38.237 -85.724  1.43
6 18  31.0 38.253 -85.738  38.237 -85.722  2.05
2 5  9.0 38.235 -85.735  38.236 -85.724  1.18
4 8  8.0 38.241 -85.737  38.235 -85.722  0.83
7 21  18.0 38.23 -85.734  38.236 -85.724  1.616
1 11  23.0 38.233 -85.738  38.236 -85.72  1.86
7 18  9.0 38.243 -85.735  38.234 -85.723  1.04
6 18  5.0 38.246 -85.734  38.237 -85.724  0.932
6 16  12.0 38.251 -85.738  38.234 -85.72  2.42
3 20  10.0 38.252 -85.734  38.236 -85.724  1.55
7 16  20.0 38.251 -85.738  38.237 -85.72  1.864
5 8  11.0 38.254 -85.737  38.236 -85.721  1.74
4 21  27.0 38.262 -85.737  38.237 -85.721  0.497
2 14  10.0 38.22 -85.736  38.237 -85.721  1.678
7 17  16.0 38.224 -85.735  38.236 -85.722  1.78
1 6  8.0 38.23 -85.736  38.234 -85.721  0.94
5 18  12.0 38.227 -85.736  38.237 -85.721  1.68
7 14  13.0 38.227 -85.735  38.237 -85.722  1.76
4 10  8.0 38.232 -85.737  38.234 -85.72  0.86
3 10  7.0 38.23 -85.733  38.237 -85.724  0.74
1 16  7.0 38.232 -85.737  38.235 -85.72  1.305
7 14  8.0 38.232 -85.736  38.237 -85.721  0.88
7 17  7.0 38.234 -85.735  38.237 -85.722  1.07
1 7  11.0 38.236 -85.737  38.237 -85.72  0.96
6 17  15.0 38.242 -85.733  38.237 -85.724  2.03
3 16  12.0 38.251 -85.733  38.236 -85.724  1.199
3 8  8.0 38.251 -85.736  38.237 -85.721  1.14
4 16  30.0 38.252 -85.736  38.236 -85.721  1.55
6 14  37.0 38.252 -85.733  38.236 -85.724  2.13
3 14  11.0 38.253 -85.733  38.237 -85.724  1.616
7 12  10.0 38.214 -85.735  38.235 -85.721  1.6
7 14  8.0 38.229 -85.733  38.235 -85.723  0.75
3 18  6.0 38.232 -85.735  38.237 -85.721  0.932
1 13  6.0 38.234 -85.734  38.237 -85.722  0.89
6 18  24.0 38.236 -85.736  38.236 -85.72  2.16
7 12  7.0 38.244 -85.732  38.237 -85.724  0.64
6 11  8.0 38.252 -85.735  38.237 -85.721  1.43
4 12  17.0 38.252 -85.733  38.237 -85.723  2.23
6 19  16.0 38.228 -85.733  38.236 -85.722  1.616
3 17  7.0 38.243 -85.733  38.237 -85.722  0.99
7 17  16.0 38.249 -85.734  38.236 -85.721  0.373
1 14  11.0 38.255 -85.731  38.237 -85.724  1.68
5 11  13.0 38.256 -85.735  38.236 -85.72  2.61
6 12  20.0 38.257 -85.735  38.237 -85.72  1.86
5 3  4.0 38.232 -85.73  38.235 -85.724  0.4
1 13  4.0 38.232 -85.73  38.235 -85.724  0.487
7 16  5.0 38.235 -85.732  38.237 -85.722  0.56
3 16  8.0 38.239 -85.734  38.235 -85.72  0.53
7 16  24.0 38.24 -85.733  38.236 -85.721  0.72
5 21  29.0 38.241 -85.733  38.236 -85.721  2.051
6 16  22.0 38.245 -85.73  38.236 -85.724  0.99
5 18  8.0 38.248 -85.732  38.237 -85.722  0.796
7 20  17.0 38.248 -85.733  38.237 -85.721  1.118
5 18  11.0 38.251 -85.734  38.236 -85.72  1.6
5 11  15.0 38.252 -85.733  38.235 -85.721  1.52
1 20  9.0 38.224 -85.731  38.234 -85.722  1.243
3 14  7.0 38.234 -85.733  38.234 -85.72  1.12
5 16  4.0 38.233 -85.73  38.236 -85.723  0.61
4 15  4.0 38.235 -85.73  38.237 -85.723  0.14
1 7  11.0 38.237 -85.733  38.237 -85.72  0.98
4 23  9.0 38.238 -85.733  38.237 -85.72  0.979
1 13  5.0 38.236 -85.728  38.237 -85.724  0.38
7 12  9.0 38.242 -85.73  38.236 -85.722  0.66
6 19  7.0 38.247 -85.73  38.237 -85.722  0.82
3 14  5.0 38.249 -85.732  38.237 -85.72  0.38
1 18  15.0 38.253 -85.731  38.235 -85.721  1.74
4 19  13.0 38.254 -85.73  38.237 -85.722  1.87
7 14  15.0 38.225 -85.73  38.237 -85.721  2.113
3 18  15.0 38.235 -85.729  38.236 -85.722  2.54
1 0  4.0 38.235 -85.727  38.237 -85.724  0.34
6 22  9.0 38.241 -85.728  38.237 -85.723  0.306
7 17  12.0 38.243 -85.731  38.235 -85.72  2.05
2 17  9.0 38.242 -85.728  38.237 -85.723  0.497
3 17  8.0 38.247 -85.73  38.236 -85.721  0.88
3 15  8.0 38.248 -85.731  38.237 -85.72  0.82
7 17  4.0 38.234 -85.728  38.237 -85.722  0.435
3 20  3.0 38.238 -85.729  38.237 -85.721  0.18
7 18  5.0 38.238 -85.728  38.237 -85.722  0.74
7 18  4.0 38.239 -85.728  38.237 -85.722  0.497
7 22  6.0 38.24 -85.729  38.236 -85.721  0.69
7 22  6.0 38.242 -85.729  38.237 -85.721  0.57
3 19  11.0 38.242 -85.726  38.237 -85.724  0.43
7 20  11.0 38.246 -85.729  38.235 -85.721  1.43
7 6  14.0 38.247 -85.73  38.237 -85.72  0.95
3 12  23.0 38.247 -85.73  38.237 -85.72  1.08
6 16  24.0 38.247 -85.73  38.237 -85.72  2.19
5 20  25.0 38.261 -85.727  38.236 -85.723  3.01
7 10  5.0 38.235 -85.728  38.235 -85.721  0.542
3 16  12.0 38.234 -85.727  38.237 -85.722  1.06
4 18  4.0 38.239 -85.729  38.236 -85.72  0.64
6 17  7.0 38.24 -85.728  38.235 -85.721  0.56
3 18  13.0 38.241 -85.729  38.235 -85.72  2.61
5 18  17.0 38.24 -85.725  38.236 -85.724  2.07
3 18  9.0 38.244 -85.729  38.234 -85.72  0.95
1 10  9.0 38.25 -85.729  38.237 -85.72  1.19
5 12  9.0 38.256 -85.727  38.237 -85.722  1.69
6 17  8.0 38.231 -85.726  38.237 -85.722  0.7
1 15  15.0 38.235 -85.726  38.237 -85.722  0.88
4 5  12.0 38.239 -85.728  38.234 -85.72  0.5
6 16  23.0 38.236 -85.725  38.237 -85.723  3.79
4 17  9.0 38.237 -85.728  38.237 -85.72  0.63
1 23  29.0 38.237 -85.724  38.237 -85.724  2.98
3 14  6.0 38.241 -85.727  38.234 -85.721  0.69
3 10  23.0 38.24 -85.724  38.237 -85.724  3.96
3 15  5.0 38.241 -85.728  38.237 -85.72  0.808
5 20  8.0 38.244 -85.728  38.235 -85.72  1.367
2 4  33.0 38.242 -85.728  38.237 -85.72  0.66
4 16  49.0 38.242 -85.726  38.237 -85.722  3.03
4 4  22.0 38.245 -85.728  38.235 -85.72  2.548
7 15  13.0 38.254 -85.728  38.234 -85.72  1.92
1 15  4.0 38.236 -85.726  38.236 -85.721  0.19
7 19  9.0 38.236 -85.723  38.236 -85.724  0.22
6 15  4.0 38.236 -85.725  38.237 -85.722  0.31
4 15  6.0 38.236 -85.727  38.237 -85.72  0.46
7 21  4.0 38.238 -85.724  38.237 -85.723  0.34
1 18  5.0 38.24 -85.726  38.235 -85.721  0.66
4 15  11.0 38.239 -85.727  38.237 -85.72  0.46
4 11  5.0 38.242 -85.727  38.237 -85.72  0.52
2 16  7.0 38.244 -85.727  38.235 -85.72  0.67
6 15  14.0 38.248 -85.727  38.237 -85.72  0.93
3 11  32.0 38.262 -85.724  38.236 -85.723  2.95
4 20  13.0 38.233 -85.726  38.234 -85.72  0.66
7 21  3.0 38.238 -85.723  38.236 -85.723  0.43
1 16  4.0 38.237 -85.723  38.237 -85.723  0.22
4 23  7.0 38.237 -85.723  38.237 -85.723  0.932
2 20  16.0 38.238 -85.724  38.236 -85.722  0.87
2 21  2.0 38.239 -85.723  38.237 -85.723  0.186
7 17  11.0 38.239 -85.722  38.237 -85.724  1.56
4 19  3.0 38.241 -85.726  38.236 -85.72  0.52
4 16  54.0 38.24 -85.724  38.237 -85.722  3.55
7 15  7.0 38.241 -85.722  38.237 -85.724  0.55
2 17  9.0 38.231 -85.725  38.235 -85.72  0.58
1 14  11.0 38.235 -85.723  38.237 -85.722  1.22
7 14  12.0 38.239 -85.725  38.235 -85.72  0.79
4 13  23.0 38.239 -85.724  38.235 -85.721  0.35
7 18  3.0 38.238 -85.721  38.237 -85.724  0.18
6 16  4.0 38.239 -85.724  38.236 -85.721  0.27
6 12  2.0 38.24 -85.724  38.236 -85.721  0.25
6 18  3.0 38.24 -85.724  38.236 -85.721  0.27
1 16  5.0 38.24 -85.724  38.236 -85.721  0.373
1 14  5.0 38.241 -85.725  38.235 -85.72  0.47
1 18  6.0 38.24 -85.724  38.236 -85.721  0.497
4 16  8.0 38.239 -85.723  38.237 -85.722  0.34
6 22  33.0 38.241 -85.725  38.235 -85.72  2.92
7 6  3.0 38.241 -85.725  38.237 -85.72  0.2
7 11  8.0 38.241 -85.725  38.237 -85.72  0.4
2 5  18.0 38.241 -85.725  38.237 -85.72  0.41
1 16  20.0 38.241 -85.725  38.237 -85.72  1.04
7 11  4.0 38.242 -85.725  38.237 -85.72  0.559
7 11  21.0 38.264 -85.725  38.237 -85.72  3.03
7 11  21.0 38.265 -85.725  38.237 -85.72  3.05
2 24  6.0 38.234 -85.722  38.234 -85.722  1.056
1 14  14.0 38.234 -85.721  38.235 -85.723  1.56
1 12  4.0 38.235 -85.722  38.235 -85.722  0.124
5 7  5.0 38.234 -85.723  38.236 -85.721  0.186
2 20  3.0 38.235 -85.722  38.237 -85.722  0.19
5 16  2.0 38.236 -85.724  38.237 -85.72  0.3
4 15  4.0 38.238 -85.723  38.235 -85.721  0.34
7 17  3.0 38.238 -85.72  38.236 -85.724  0.3
6 20  5.0 38.239 -85.724  38.235 -85.72  0.32
7 22  10.0 38.237 -85.722  38.237 -85.722  0.61
6 17  12.0 38.239 -85.723  38.235 -85.721  0.277
3 14  6.0 38.238 -85.722  38.237 -85.722  0.27
7 18  44.0 38.238 -85.72  38.237 -85.724  0.994
3 19  4.0 38.24 -85.724  38.237 -85.72  0.31
1 8  4.0 38.24 -85.724  38.237 -85.72  0.46
1 8  5.0 38.24 -85.724  38.237 -85.72  0.55
2 13  7.0 38.24 -85.724  38.237 -85.72  0.435
5 22  21.0 38.24 -85.722  38.237 -85.722  2.405
7 16  43.0 38.24 -85.723  38.237 -85.721  5.08
7 16  52.0 38.24 -85.724  38.237 -85.72  3.36
7 16  52.0 38.24 -85.724  38.237 -85.72  3.38
7 12  8.0 38.242 -85.72  38.236 -85.724  0.7
1 23  32.0 38.241 -85.72  38.237 -85.724  3.18
6 22  18.0 38.242 -85.722  38.237 -85.722  1.49
7 15  14.0 38.243 -85.72  38.237 -85.724  0.68
2 12  5.0 38.244 -85.722  38.237 -85.722  0.39
5 20  2.0 38.233 -85.72  38.237 -85.723  0.4
6 18  6.0 38.234 -85.72  38.236 -85.723  0.34
6 21  4.0 38.236 -85.721  38.235 -85.722  0.062
7 11  4.0 38.236 -85.723  38.235 -85.72  0.32
1 10  3.0 38.237 -85.723  38.235 -85.72  0.38
5 8  4.0 38.236 -85.722  38.236 -85.721  0.309
2 22  3.0 38.238 -85.719  38.235 -85.724  0.33
5 19  8.0 38.236 -85.721  38.237 -85.722  0.186
1 19  8.0 38.239 -85.723  38.235 -85.72  0.56
6 22  9.0 38.239 -85.722  38.235 -85.721  0.497
1 17  9.0 38.239 -85.723  38.235 -85.72  0.5
2 16  6.0 38.238 -85.721  38.237 -85.722  0.39
6 23  3.0 38.239 -85.722  38.237 -85.721  0.249
1 21  4.0 38.239 -85.722  38.237 -85.721  0.124
3 20  4.0 38.239 -85.723  38.237 -85.72  0.31
6 14  4.0 38.24 -85.719  38.236 -85.724  0.44
1 11  28.0 38.241 -85.719  38.237 -85.724  3.2
7 15  11.0 38.243 -85.719  38.237 -85.724  0.37
7 19  16.0 38.233 -85.718  38.237 -85.724  1.19
7 13  3.0 38.236 -85.72  38.235 -85.722  0.3
1 11  28.0 38.236 -85.719  38.235 -85.723  3.35
1 11  4.0 38.235 -85.719  38.237 -85.723  0.37
6 22  7.0 38.238 -85.721  38.235 -85.721  0.73
7 19  15.0 38.238 -85.718  38.235 -85.724  0.435
5 22  4.0 38.237 -85.721  38.237 -85.721  0.331
3 16  9.0 38.238 -85.72  38.237 -85.722  1.305
3 17  4.0 38.239 -85.722  38.237 -85.72  0.22
1 15  4.0 38.24 -85.718  38.237 -85.724  0.34
2 23  10.0 38.24 -85.722  38.237 -85.72  0.26
4 22  4.0 38.232 -85.719  38.234 -85.722  0.268
7 19  5.0 38.235 -85.721  38.234 -85.72  0.191
1 15  6.0 38.233 -85.719  38.237 -85.722  0.44
7 15  29.0 38.235 -85.719  38.236 -85.722  2.88
6 16  4.0 38.235 -85.721  38.237 -85.72  0.35
5 12  9.0 38.238 -85.721  38.234 -85.72  0.61
7 11  3.0 38.237 -85.72  38.236 -85.721  0.062
5 21  5.0 38.238 -85.719  38.235 -85.722  