5 13  51.0 38.256 -85.768  38.236 -85.73  2.91
3 11  35.0 38.192 -85.767  38.236 -85.728  4.58
3 12  36.0 38.225 -85.768  38.234 -85.727  3.07
7 19  31.0 38.219 -85.766  38.237 -85.728  3.728
3 11  35.0 38.191 -85.766  38.235 -85.727  4.39
7 8  19.0 38.212 -85.764  38.236 -85.728  3.29
7 19  32.0 38.22 -85.762  38.236 -85.729  4.039
5 18  13.0 38.222 -85.762  38.237 -85.729  2.5
6 6  14.0 38.221 -85.762  38.236 -85.728  2.35
4 15  16.0 38.221 -85.763  38.236 -85.727  2.87
3 8  20.0 38.225 -85.763  38.235 -85.727  2.69
5 16  18.0 38.224 -85.762  38.237 -85.728  2.858
3 15  14.0 38.237 -85.762  38.237 -85.728  2.113
5 16  17.0 38.237 -85.762  38.237 -85.728  2.26
5 11  20.0 38.256 -85.763  38.236 -85.727  3.728
4 15  15.0 38.22 -85.762  38.236 -85.727  2.83
3 16  21.0 38.222 -85.762  38.237 -85.727  2.93
1 10  11.0 38.23 -85.764  38.237 -85.725  2.21
3 19  18.0 38.235 -85.763  38.236 -85.726  2.423
6 22  17.0 38.236 -85.762  38.236 -85.727  2.237
4 11  15.0 38.221 -85.76  38.237 -85.728  2.66
6 15  12.0 38.223 -85.76  38.236 -85.728  2.4
5 20  21.0 38.225 -85.761  38.236 -85.727  3.17
1 15  15.0 38.232 -85.762  38.236 -85.726  2.35
7 19  14.0 38.235 -85.76  38.236 -85.728  2.237
3 15  14.0 38.234 -85.762  38.237 -85.726  2.423
1 22  13.0 38.248 -85.758  38.234 -85.73  2.485
7 10  24.0 38.248 -85.76  38.236 -85.728  3.169
6 15  34.0 38.251 -85.759  38.236 -85.729  2.983
6 16  19.0 38.254 -85.758  38.237 -85.73  2.65
7 14  26.0 38.256 -85.759  38.237 -85.729  2.66
4 14  24.0 38.257 -85.759  38.237 -85.729  2.82
4 14  25.0 38.257 -85.759  38.237 -85.729  2.86
6 20  33.0 38.217 -85.761  38.237 -85.726  2.86
4 20  11.0 38.221 -85.758  38.236 -85.729  2.113
4 15  16.0 38.221 -85.761  38.236 -85.726  2.65
1 12  21.0 38.225 -85.758  38.237 -85.729  3.107
6 14  10.0 38.229 -85.759  38.236 -85.728  1.71
1 15  12.0 38.233 -85.758  38.237 -85.729  2.548
4 13  12.0 38.248 -85.758  38.236 -85.729  2.361
2 10  18.0 38.25 -85.759  38.236 -85.728  2.67
1 10  16.0 38.25 -85.758  38.237 -85.729  2.4
7 13  21.0 38.251 -85.758  38.236 -85.729  2.858
1 11  45.0 38.253 -85.761  38.237 -85.726  3.915
6 16  14.0 38.256 -85.758  38.237 -85.729  2.38
7 8  36.0 38.259 -85.759  38.236 -85.728  2.91
5 21  17.0 38.218 -85.758  38.234 -85.728  1.983
6 14  10.0 38.229 -85.758  38.236 -85.728  1.76
3 13  13.0 38.229 -85.758  38.236 -85.728  2.175
6 18  43.0 38.246 -85.757  38.237 -85.729  2.57
1 15  51.0 38.248 -85.761  38.235 -85.725  3.82
5 12  17.0 38.25 -85.757  38.235 -85.729  2.964
1 11  23.0 38.255 -85.757  38.237 -85.729  2.51
3 16  14.0 38.257 -85.757  38.237 -85.729  3.06
4 20  12.0 38.235 -85.759  38.234 -85.726  2.423
3 17  8.0 38.237 -85.757  38.235 -85.728  1.802
2 17  11.0 38.235 -85.757  38.237 -85.728  2.299
3 8  12.0 38.237 -85.758  38.235 -85.727  1.864
7 7  19.0 38.242 -85.756  38.235 -85.729  2.02
6 18  33.0 38.246 -85.758  38.237 -85.727  1.74
4 20  16.0 38.249 -85.759  38.236 -85.726  2.43
5 17  19.0 38.251 -85.758  38.236 -85.727  2.35
7 10  24.0 38.251 -85.758  38.236 -85.727  3.231
1 23  21.0 38.255 -85.756  38.235 -85.729  2.858
4 19  33.0 38.214 -85.757  38.236 -85.727  3.22
4 16  14.0 38.227 -85.755  38.236 -85.729  2.34
1 8  7.0 38.233 -85.754  38.235 -85.73  1.3
2 4  9.0 38.238 -85.755  38.236 -85.729  1.38
6 15  11.0 38.237 -85.758  38.237 -85.726  2.05
7 18  16.0 38.241 -85.756  38.235 -85.728  1.85
1 15  17.0 38.24 -85.755  38.237 -85.729  2.016
7 18  15.0 38.244 -85.756  38.237 -85.728  2.02
2 13  48.0 38.245 -85.755  38.237 -85.729  1.94
6 23  23.0 38.248 -85.759  38.236 -85.725  3.045
4 12  12.0 38.252 -85.757  38.235 -85.727  2.34
5 19  13.0 38.251 -85.758  38.236 -85.726  2.48
7 18  15.0 38.251 -85.758  38.236 -85.726  2.61
7 13  15.0 38.251 -85.758  38.236 -85.726  2.61
5 19  18.0 38.251 -85.758  38.236 -85.726  2.39
1 11  19.0 38.257 -85.755  38.237 -85.729  2.42
7 8  39.0 38.258 -85.756  38.236 -85.728  2.95
7 13  25.0 38.227 -85.757  38.235 -85.726  3.231
7 22  26.0 38.23 -85.755  38.237 -85.728  2.61
6 18  15.0 38.231 -85.757  38.237 -85.726  1.91
2 17  17.0 38.234 -85.755  38.235 -85.728  2.983
1 15  17.0 38.236 -85.754  38.237 -85.729  2.051
7 7  26.0 38.243 -85.755  38.235 -85.728  3.47
2 18  11.0 38.246 -85.754  38.236 -85.729  2.299
4 12  17.0 38.247 -85.754  38.237 -85.729  1.429
3 16  44.0 38.247 -85.754  38.237 -85.729  3.86
6 23  22.0 38.249 -85.758  38.237 -85.725  2.983
1 23  14.0 38.252 -85.757  38.236 -85.726  3.107
2 1  25.0 38.254 -85.757  38.234 -85.726  2.79
7 14  26.0 38.253 -85.756  38.235 -85.727  2.64
1 11  45.0 38.253 -85.757  38.237 -85.726  3.293
3 17  14.0 38.256 -85.755  38.236 -85.728  2.61
5 14  12.0 38.227 -85.754  38.236 -85.728  1.79
5 14  13.0 38.229 -85.753  38.236 -85.729  1.74
2 13  21.0 38.231 -85.754  38.236 -85.728  1.926
7 17  15.0 38.251 -85.756  38.236 -85.726  2.485
3 17  23.0 38.251 -85.756  38.236 -85.726  2.734
7 14  30.0 38.255 -85.753  38.235 -85.729  2.796
3 17  17.0 38.254 -85.753  38.237 -85.729  2.485
7 18  16.0 38.255 -85.753  38.237 -85.729  2.38
7 16  21.0 38.256 -85.754  38.236 -85.728  2.89
4 7  14.0 38.257 -85.753  38.237 -85.729  2.16
5 9  14.0 38.257 -85.753  38.237 -85.729  2.27
6 14  12.0 38.227 -85.755  38.236 -85.726  2.113
2 20  12.0 38.229 -85.756  38.237 -85.725  1.98
3 11  8.0 38.245 -85.751  38.235 -85.73  1.6
2 13  18.0 38.247 -85.755  38.237 -85.726  2.8
6 12  17.0 38.25 -85.752  38.237 -85.729  2.06
3 16  15.0 38.254 -85.754  38.236 -85.727  2.82
6 14  11.0 38.233 -85.751  38.236 -85.729  1.33
4 4  10.0 38.236 -85.752  38.236 -85.728  1.49
5 17  10.0 38.237 -85.751  38.236 -85.729  1.55
1 16  22.0 38.252 -85.752  38.235 -85.728  2.672
6 16  21.0 38.253 -85.753  38.236 -85.727  2.69
3 12  16.0 38.255 -85.751  38.237 -85.729  3.23
7 14  29.0 38.256 -85.752  38.236 -85.728  2.548
7 14  30.0 38.26 -85.752  38.234 -85.728  3.37
1 0  15.0 38.244 -85.753  38.236 -85.726  1.94
5 15  14.0 38.245 -85.754  38.236 -85.725  1.84
7 8  38.0 38.254 -85.75  38.237 -85.729  4.81
7 19  24.0 38.259 -85.751  38.234 -85.727  3.542
7 19  25.0 38.258 -85.75  38.236 -85.728  3.107
6 10  17.0 38.217 -85.748  38.237 -85.729  2.03
3 13  10.0 38.225 -85.748  38.237 -85.729  1.73
4 19  29.0 38.249 -85.749  38.236 -85.728  0.9
1 20  20.0 38.253 -85.752  38.236 -85.725  4.66
4 14  27.0 38.216 -85.748  38.236 -85.728  2.14
3 12  19.0 38.242 -85.749  38.234 -85.727  1.62
5 12  13.0 38.24 -85.751  38.237 -85.725  1.83
6 11  12.0 38.248 -85.748  38.236 -85.728  2.19
7 19  17.0 38.25 -85.751  38.235 -85.725  2.48
7 14  40.0 38.256 -85.751  38.237 -85.725  4.287
7 19  22.0 38.258 -85.749  38.236 -85.727  3.48
6 9  19.0 38.209 -85.747  38.237 -85.728  2.62
5 16  11.0 38.244 -85.747  38.236 -85.728  1.74
2 14  9.0 38.244 -85.747  38.237 -85.728  1.37
4 19  9.0 38.245 -85.749  38.236 -85.726  1.678
1 15  23.0 38.252 -85.75  38.237 -85.725  1.95
3 13  17.0 38.256 -85.748  38.235 -85.727  2.548
7 22  14.0 38.214 -85.747  38.235 -85.727  1.89
7 22  14.0 38.214 -85.747  38.235 -85.727  2.16
3 16  13.0 38.231 -85.747  38.236 -85.727  2.299
5 9  17.0 38.231 -85.745  38.236 -85.729  1.926
1 17  8.0 38.231 -85.745  38.237 -85.729  1.31
4 9  8.0 38.232 -85.745  38.237 -85.729  1.118
6 19  7.0 38.244 -85.745  38.235 -85.729  1.17
5 16  9.0 38.246 -85.745  38.236 -85.729  1.14
4 17  9.0 38.25 -85.746  38.237 -85.728  1.37
6 13  13.0 38.251 -85.746  38.237 -85.728  2.28
5 16  6.0 38.224 -85.743  38.234 -85.73  0.82
2 17  20.0 38.228 -85.743  38.236 -85.73  1.68
6 13  8.0 38.246 -85.748  38.236 -85.725  1.76
5 9  12.0 38.249 -85.746  38.236 -85.727  2.17
1 22  31.0 38.253 -85.748  38.236 -85.725  2.299
1 11  21.0 38.256 -85.744  38.237 -85.729  2.08
2 13  24.0 38.254 -85.745  38.234 -85.727  2.22
7 14  17.0 38.252 -85.743  38.237 -85.729  1.62
7 14  13.0 38.253 -85.743  38.237 -85.729  2.3
6 9  6.0 38.233 -85.742  38.237 -85.729  1.118
3 5  7.0 38.233 -85.742  38.237 -85.729  1.11
2 9  7.0 38.233 -85.742  38.237 -85.729  1.118
2 9  7.0 38.233 -85.742  38.237 -85.729  1.118
6 9  7.0 38.233 -85.742  38.237 -85.729  1.118
6 9  7.0 38.233 -85.742  38.237 -85.729  1.305
2 9  8.0 38.233 -85.742  38.237 -85.729  1.03
1 14  42.0 38.252 -85.743  38.236 -85.728  4.287
2 20  11.0 38.252 -85.741  38.237 -85.73  1.52
1 19  16.0 38.254 -85.745  38.235 -85.726  2.361
2 14  12.0 38.257 -85.742  38.237 -85.729  2.55
4 12  11.0 38.213 -85.742  38.237 -85.728  1.83
6 18  7.0 38.223 -85.742  38.236 -85.728  1.27
3 15  16.0 38.229 -85.741  38.237 -85.729  2.22
5 12  8.0 38.242 -85.741  38.234 -85.729  1.22
6 21  31.0 38.241 -85.745  38.237 -85.725  3.6
7 13  10.0 38.246 -85.742  38.236 -85.728  1.35
3 18  15.0 38.249 -85.742  38.236 -85.728  2.24
3 15  19.0 38.252 -85.741  38.237 -85.729  2.113
7 13  47.0 38.254 -85.742  38.235 -85.728  2.237
5 0  5.0 38.23 -85.739  38.236 -85.73  0.49
6 2  5.0 38.233 -85.739  38.236 -85.73  0.6
3 18  5.0 38.233 -85.739  38.236 -85.73  0.75
5 11  6.0 38.235 -85.742  38.235 -85.727  0.82
4 6  6.0 38.235 -85.744  38.237 -85.725  1.15
7 21  9.0 38.236 -85.739  38.236 -85.73  0.61
7 14  18.0 38.238 -85.739  38.234 -85.73  2.35
2 10  7.0 38.245 -85.742  38.234 -85.727  1.27
1 19  11.0 38.251 -85.744  38.236 -85.725  1.59
2 18  10.0 38.251 -85.74  38.237 -85.729  1.62
1 15  40.0 38.253 -85.741  38.236 -85.728  1.99
5 18  15.0 38.255 -85.74  38.237 -85.729  1.72
5 15  26.0 38.216 -85.74  38.234 -85.728  3.13
6 2  3.0 38.232 -85.738  38.235 -85.73  0.32
7 1  6.0 38.233 -85.738  38.236 -85.73  0.05
2 13  24.0 38.254 -85.741  38.234 -85.727  2.06
7 18  10.0 38.253 -85.74  38.236 -85.728  2.051
7 14  13.0 38.253 -85.74  38.236 -85.728  1.56
1 18  16.0 38.253 -85.74  38.236 -85.728  2.4
7 14  36.0 38.254 -85.74  38.236 -85.728  1.926
6 11  26.0 38.255 -85.74  38.236 -85.728  2.55
6 11  27.0 38.256 -85.74  38.237 -85.728  2.34
5 12  10.0 38.214 -85.738  38.236 -85.729  1.72
4 14  31.0 38.216 -85.739  38.236 -85.728  2.79
6 22  14.0 38.222 -85.738  38.236 -85.729  1.83
7 23  31.0 38.224 -85.739  38.236 -85.728  2.175
3 7  13.0 38.227 -85.738  38.237 -85.729  1.305
2 3  3.0 38.231 -85.738  38.236 -85.729  0.41
4 4  4.0 38.231 -85.737  38.237 -85.73  0.48
7 13  6.0 38.235 -85.738  38.236 -85.729  0.81
5 1  4.0 38.237 -85.738  38.236 -85.729  0.4
7 15  8.0 38.248 -85.738  38.235 -85.729  1.3
4 17  13.0 38.252 -85.738  38.234 -85.729  1.88
5 14  8.0 38.252 -85.738  38.236 -85.729  1.46
1 14  41.0 38.253 -85.739  38.236 -85.728  3.915
7 17  14.0 38.264 -85.738  38.237 -85.729  1.87
3 21  3.0 38.233 -85.737  38.236 -85.729  0.42
7 3  8.0 38.233 -85.737  38.236 -85.729  0.62
7 2  8.0 38.233 -85.737  38.236 -85.729  0.8
6 22  12.0 38.233 -85.737  38.236 -85.729  1.47
3 2  42.0 38.233 -85.737  38.236 -85.729  1.93
6 15  15.0 38.235 -85.736  38.236 -85.73  0.35
5 5  7.0 38.244 -85.737  38.235 -85.729  0.9
2 7  34.0 38.245 -85.738  38.236 -85.728  1.49
1 22  12.0 38.251 -85.739  38.235 -85.727  2.299
1 14  13.0 38.252 -85.741  38.235 -85.725  1.57
4 12  17.0 38.252 -85.74  38.236 -85.726  1.82
4 12  16.0 38.253 -85.74  38.236 -85.726  1.56
4 19  45.0 38.254 -85.737  38.237 -85.729  1.87
7 23  30.0 38.223 -85.738  38.235 -85.727  1.917
4 2  6.0 38.228 -85.736  38.236 -85.729  0.86
4 8  15.0 38.229 -85.739  38.236 -85.726  2.05
2 12  9.0 38.235 -85.736  38.234 -85.729  0.86
1 4  4.0 38.234 -85.736  38.236 -85.729  0.47
4 2  9.0 38.235 -85.736  38.236 -85.729  0.56
3 13  15.0 38.24 -85.735  38.235 -85.73  1.66
1 19  13.0 38.248 -85.739  38.237 -85.726  1.13
2 16  9.0 38.252 -85.736  38.236 -85.729  1.553
4 18  15.0 38.253 -85.738  38.235 -85.727  1.67
7 22  16.0 38.254 -85.738  38.236 -85.727  2.858
3 15  30.0 38.253 -85.738  38.237 -85.727  3.94
4 23  8.0 38.23 -85.735  38.236 -85.729  1.66
2 14  3.0 38.233 -85.737  38.235 -85.727  0.6
2 16  4.0 38.235 -85.736  38.235 -85.728  0.46
6 14  4.0 38.235 -85.736  38.235 -85.728  0.48
2 18  3.0 38.237 -85.736  38.237 -85.728  0.49
2 19  5.0 38.237 -85.735  38.237 -85.729  0.42
2 18  5.0 38.238 -85.737  38.236 -85.727  1.118
2 3  8.0 38.243 -85.736  38.234 -85.728  1.24
5 14  9.0 38.248 -85.737  38.235 -85.727  1.2
2 12  13.0 38.251 -85.737  38.235 -85.727  1.45
7 20  12.0 38.253 -85.736  38.236 -85.728  1.74
1 16  13.0 38.255 -85.738  38.237 -85.726  1.66
4 7  30.0 38.223 -85.734  38.237 -85.729  1.243
6 17  6.0 38.228 -85.735  38.236 -85.728  0.89
7 20  11.0 38.232 -85.736  38.234 -85.727  0.684
3 22  4.0 38.233 -85.733  38.236 -85.73  0.45
6 14  9.0 38.232 -85.735  38.237 -85.728  0.64
2 11  5.0 38.234 -85.734  38.236 -85.729  0.249
4 10  7.0 38.233 -85.737  38.237 -85.726  0.83
5 19  8.0 38.235 -85.734  38.235 -85.729  0.684
6 17  5.0 38.237 -85.733  38.237 -85.73  0.186
1 9  2.0 38.24 -85.733  38.236 -85.73  0.27
7 24  7.0 38.24 -85.736  38.237 -85.727  0.746
3 15  8.0 38.244 -85.735  38.236 -85.728  1.32
7 13  13.0 38.252 -85.738  38.236 -85.725  1.37
1 16  16.0 38.254 -85.736  38.236 -85.727  1.926
7 15  12.0 38.217 -85.737  38.236 -85.725  1.32
2 14  8.0 38.23 -85.735  38.237 -85.727  0.994
3 12  16.0 38.233 -85.732  38.235 -85.73  1.056
2 23  6.0 38.233 -85.732  38.236 -85.73  0.28
1 17  10.0 38.233 -85.735  38.236 -85.727  0.5
1 8  4.0 38.234 -85.734  38.236 -85.728  0.37
6 18  3.0 38.235 -85.734  38.236 -85.728  0.31
1 13  6.0 38.237 -85.735  38.237 -85.727  0.488
6 24  4.0 38.242 -85.735  38.235 -85.727  0.766
3 7  11.0 38.243 -85.733  38.235 -85.729  0.99
7 15  41.0 38.244 -85.733  38.235 -85.729  3.29
7 15  40.0 38.245 -85.734  38.236 -85.728  3.29
6 16  8.0 38.247 -85.737  38.237 -85.725  1.45
1 11  21.0 38.253 -85.734  38.237 -85.728  2.24
5 13  6.0 38.225 -85.733  38.234 -85.728  0.92
1 8  5.0 38.225 -85.732  38.235 -85.729  0.93
3 14  7.0 38.226 -85.733  38.234 -85.728  0.746
1 15  7.0 38.225 -85.731  38.235 -85.73  1.02
4 16  6.0 38.227 -85.733  38.234 -85.728  0.796
6 15  8.0 38.228 -85.734  38.237 -85.727  0.838
6 18  17.0 38.233 -85.733  38.234 -85.728  0.74
5 23  3.0 38.232 -85.732  38.236 -85.729  0.52
6 21  7.0 38.233 -85.733  38.236 -85.728  0.435
2 21  4.0 38.235 -85.732  38.235 -85.729  0.37
7 14  4.0 38.234 -85.735  38.237 -85.726  0.59
3 9  2.0 38.236 -85.733  38.236 -85.728  0.34
1 9  3.0 38.237 -85.733  38.237 -85.728  0.28
2 21  5.0 38.24 -85.734  38.235 -85.727  0.808
7 19  24.0 38.24 -85.733  38.235 -85.728  0.12
7 11  12.0 38.248 -85.734  38.234 -85.727  1.491
4 10  12.0 38.248 -85.732  38.237 -85.729  1.2
5 18  15.0 38.254 -85.736  38.236 -85.725  1.7
1 11  27.0 38.255 -85.733  38.237 -85.728  2.17
6 18  8.0 38.228 -85.732  38.236 -85.728  1.12
3 19  3.0 38.231 -85.731  38.234 -85.729  0.311
5 19  7.0 38.231 -85.733  38.236 -85.727  0.831
3 13  3.0 38.235 -85.734  38.235 -85.726  0.54
6 16  4.0 38.235 -85.734  38.235 -85.726  0.47
7 6  12.0 38.233 -85.731  38.237 -85.729  0.71
2 13  12.0 38.235 -85.73  38.236 -85.73  0.87
7 20  5.0 38.236 -85.73  38.236 -85.73  1.553
1 8  6.0 38.236 -85.73  38.236 -85.73  0.61
2 14  9.0 38.235 -85.731  38.237 -85.729  0.89
7 19  9.0 38.236 -85.73  38.236 -85.73  1.62
7 20  19.0 38.236 -85.73  38.236 -85.73  0.14
7 20  25.0 38.236 -85.73  38.236 -85.73  3.08
1 7  26.0 38.236 -85.731  38.237 -85.729  0.25
7 21  13.0 38.239 -85.732  38.236 -85.728  0.65
7 14  6.0 38.243 -85.732  38.236 -85.728  0.82
4 14  8.0 38.246 -85.73  38.236 -85.73  0.95
7 18  14.0 38.249 -85.732  38.236 -85.728  2.237
1 16  10.0 38.252 -85.735  38.237 -85.725  1.28
7 16  8.0 38.226 -85.729  38.236 -85.73  0.994
1 7  5.0 38.231 -85.733  38.234 -85.726  0.5
5 12  5.0 38.229 -85.732  38.236 -85.727  0.65
6 15  6.0 38.232 -85.734  38.236 -85.725  0.64
1 18  4.0 38.234 -85.731  38.236 -85.728  0.13
3 15  4.0 38.237 -85.73  38.235 -85.729  0.186
2 10  5.0 38.237 -85.732  38.237 -85.727  0.39
1 15  26.0 38.241 -85.731  38.234 -85.728  1.47
3 10  8.0 38.239 -85.732  38.237 -85.727  0.79
3 18  4.0 38.241 -85.73  38.237 -85.729  0.47
2 14  8.0 38.247 -85.731  38.237 -85.728  0.93
3 11  8.0 38.248 -85.731  38.236 -85.728  1.056
2 12  20.0 38.248 -85.731  38.236 -85.728  0.373
6 13  6.0 38.249 -85.73  38.236 -85.729  0.98
1 21  8.0 38.25 -85.729  38.235 -85.73  2.05
1 15  10.0 38.248 -85.73  38.237 -85.729  0.89
4 12  8.0 38.218 -85.733  38.235 -85.725  1.38
4 17  7.0 38.226 -85.73  38.236 -85.728  0.932
6 16  5.0 38.229 -85.733  38.235 -85.725  0.82
1 16  23.0 38.233 -85.729  38.235 -85.729  1.44
3 12  3.0 38.236 -85.733  38.235 -85.725  0.5
3 14  2.0 38.238 -85.729  38.234 -85.729  0.21
4 20  5.0 38.236 -85.729  38.236 -85.729  0.28
7 12  6.0 38.236 -85.729  38.236 -85.729  0.98
3 13  9.0 38.237 -85.731  38.235 -85.727  0.34
1 16  4.0 38.236 -85.729  38.237 -85.729  0.26
4 18  25.0 38.236 -85.729  38.237 -85.729  2.796
4 20  2.0 38.237 -85.729  38.237 -85.729  1.118
4 19  3.0 38.237 -85.729  38.237 -85.729  0.621
1 15  5.0 38.237 -85.729  38.237 -85.729  0.27
5 17  5.0 38.237 -85.729  38.237 -85.729  1.305
3 21  5.0 38.237 -85.729  38.237 -85.729  1.491
7 14  5.0 38.237 -85.729  38.237 -85.729  1.678
1 13  6.0 38.237 -85.729  38.237 -85.729  0.373
6 9  6.0 38.237 -85.729  38.237 -85.729  0.559
2 9  7.0 38.237 -85.729  38.237 -85.729  0.559
5 21  8.0 38.237 -85.729  38.237 -85.729  0.42
5 19  8.0 38.237 -85.729  38.237 -85.729  0.621
2 19  27.0 38.237 -85.729  38.237 -85.729  4.99
5 17  34.0 38.237 -85.729  38.237 -85.729  3.11
4 18  10.0 38.238 -85.729  38.237 -85.729  0.93
6 20  9.0 38.246 -85.728  38.234 -85.73  0.88
7 14  9.0 38.246 -85.729  38.237 -85.729  1.24
2 15  21.0 38.247 -85.73  38.236 -85.728  1.73
2 15  21.0 38.247 -85.73  38.236 -85.728  2.37
2 15  24.0 38.247 -85.73  38.236 -85.728  1.81
4 7  8.0 38.248 -85.73  38.236 -85.728  1.06
6 20  27.0 38.247 -85.73  38.237 -85.728  0.932
1 15  14.0 38.25 -85.729  38.237 -85.729  0.96
5 16  5.0 38.227 -85.732  38.235 -85.725  0.75
2 20  5.0 38.228 -85.727  38.234 -85.73  0.87
4 6  9.0 38.228 -85.729  38.237 -85.728  0.84
3 14  3.0 38.23 -85.732  38.236 -85.725  0.63
3 12  13.0 38.231 -85.728  38.236 -85.729  0.497
7 13  19.0 38.233 -85.729  38.234 -85.728  4.101
3 16  4.0 38.232 -85.729  38.236 -85.728  0.33
7 10  38.0 38.233 -85.729  38.236 -85.728  0.249
4 12  8.0 38.235 -85.728  38.235 -85.729  1.181
4 20  12.0 38.234 -85.728  38.236 -85.729  0.48
2 9  20.0 38.233 -85.728  38.237 -85.729  1.864
2 11  3.0 38.236 -85.728  38.235 -85.729  0.072
7 14  10.0 38.235 -85.729  38.236 -85.728  0.124
7 13  4.0 38.236 -85.729  38.236 -85.728  0.14
1 21  8.0 38.237 -85.73  38.235 -85.727  0.124
4 20  16.0 38.236 -85.729  38.236 -85.728  1.23
5 19  4.0 38.236 -85.728  38.237 -85.729  0.3
6 20  14.0 38.237 -85.729  38.237 -85.728  1.68
6 9  17.0 38.237 -85.729  38.237 -85.728  2.423
7 15  27.0 38.237 -85.729  38.237 -85.728  1.1
2 15  10.0 38.24 -85.731  38.236 -85.726  0.41
7 21  33.0 38.242 -85.728  38.237 -85.729  0.48
1 14  20.0 38.247 -85.73  38.235 -85.727  0.9
7 18  29.0 38.247 -85.728  38.237 -85.729  1.181
2 16  6.0 38.249 -85.731  38.236 -85.726  1.118
3 16  26.0 38.255 -85.728  38.236 -85.729  1.93
6 23  10.0 38.228 -85.729  38.235 -85.727  0.994
6 16  3.0 38.231 -85.73  38.235 -85.726  0.61
1 17  11.0 38.234 -85.728  38.234 -85.728  1.12
5 19  7.0 38.233 -85.728  38.237 -85.728  0.68
5 12  9.0 38.235 -85.728  38.235 -85.728  1.74
1 16  23.0 38.235 -85.728  38.235 -85.728  1.43
5 22  3.0 38.234 -85.731  38.237 -85.725  0.471
6 19  3.0 38.236 -85.728  38.236 -85.728  1.056
4 20  4.0 38.236 -85.728  38.236 -85.728  0.34
4 14  5.0 38.236 -85.728  38.236 -85.728  0.435
2 13  5.0 38.236 -85.728  38.236 -85.728  0.932
4 9  6.0 38.236 -85.728  38.236 -85.728  1.678
7 15  7.0 38.236 -85.728  38.236 -85.728  0.746
1 13  8.0 38.236 -85.728  38.236 -85.728  0.09
4 17  8.0 38.236 -85.728  38.236 -85.728  0.62
1 13  9.0 38.236 -85.728  38.236 -85.728  0.16
4 11  10.0 38.236 -85.728  38.236 -85.728  1.429
7 20  11.0 38.236 -85.728  38.236 -85.728  1.3
6 23  38.0 38.236 -85.728  38.236 -85.728  0.87
2 23  38.0 38.236 -85.728  38.236 -85.728  4.412
7 21  54.0 38.236 -85.728  38.236 -85.728  3.542
7 23  3.0 38.237 -85.729  38.236 -85.727  0.12
5 20  3.0 38.236 -85.728  38.237 -85.728  0.49
5 20  6.0 38.237 -85.729  38.236 -85.727  0.186
7 22  9.0 38.237 -85.73  38.236 -85.726  0.56
4 16  25.0 38.236 -85.728  38.237 -85.728  2.73
4 16  30.0 38.236 -85.728  38.237 -85.728  2.74
4 20  35.0 38.236 -85.727  38.237 -85.729  2.17
7 12  4.0 38.238 -85.731  38.237 -85.725  0.435
7 18  19.0 38.238 -85.728  38.237 -85.728  2.237
7 18  4.0 38.239 -85.727  38.237 -85.729  0.33
4 19  8.0 38.243 -85.731  38.235 -85.725  0.746
3 20  7.0 38.244 -85.727  38.235 -85.729  1.16
4 18  14.0 38.246 -85.729  38.236 -85.727  1.243
4 15  17.0 38.252 -85.729  38.236 -85.727  0.97
1 15  9.0 38.233 -85.729  38.234 -85.726  0.31
4 15  10.0 38.235 -85.728  38.236 -85.727  0.91
1 19  17.0 38.236 -85.728  38.236 -85.727  0.19
7 15  40.0 38.236 -85.728  38.237 -85.727  4.55
2 21  2.0 38.241 -85.725  38.237 -85.73  0.4
6 23  5.0 38.242 -85.726  38.236 -85.729  0.56
1 15  15.0 38.242 -85.727  38.236 -85.728  1.8
5 14  4.0 38.242 -85.73  38.237 -85.725  0.52
1 11  13.0 38.245 -85.727  38.236 -85.728  0.84
4 10  14.0 38.246 -85.729  38.236 -85.726  0.67
7 15  12.0 38.246 -85.726  38.237 -85.729  1.056
5 16  9.0 38.249 -85.727  38.236 -85.728  1.29
6 19  13.0 38.254 -85.728  38.236 -85.727  2.299
7 19  11.0 38.256 -85.728  38.237 -85.727  1.8
4 13  7.0 38.228 -85.729  38.236 -85.725  1.18
2 23  40.0 38.234 -85.727  38.234 -85.727  4.163
2 22  44.0 38.234 -85.727  38.234 -85.727  4.971
2 22  45.0 38.234 -85.727  38.234 -85.727  4.35
3 9  3.0 38.233 -85.725  38.236 -85.729  0.41
1 15  30.0 38.233 -85.727  38.236 -85.727  2.86
3 20  4.0 38.235 -85.727  38.235 -85.727  0.41
6 17  6.0 38.235 -85.727  38.235 -85.727  0.58
6 15  34.0 38.236 -85.727  38.235 -85.727  3.4
3 17  4.0 38.239 -85.727  38.234 -85.727  0.53
3 14  7.0 38.237 -85.724  38.237 -85.73  0.49
2 16  29.0 38.239 -85.724  38.235 -85.73  1.75
7 15  30.0 38.237 -85.727  38.237 -85.727  1.04
7 15  39.0 38.237 -85.727  38.237 -85.727  4.64
3 18  4.0 38.239 -85.725  38.236 -85.729  0.244
5 12  4.0 38.24 -85.724  38.235 -85.73  0.44
3 13  6.0 38.24 -85.724  38.235 -85.73  0.72
5 17  8.0 38.239 -85.727  38.237 -85.727  0.87
2 14  4.0 38.242 -85.725  38.236 -85.729  0.69
5 15  5.0 38.241 -85.725  38.237 -85.729  0.31
4 9  6.0 38.241 -85.725  38.237 -85.729  0.45
4 9  6.0 38.241 -85.725  38.237 -85.729  0.52
4 10  6.0 38.242 -85.726  38.236 -85.728  0.67
2 14  6.0 38.242 -85.725  38.236 -85.729  0.78
7 15  10.0 38.242 -85.727  38.236 -85.727  0.83
5 13  5.0 38.242 -85.726  38.237 -85.728  0.559
7 16  5.0 38.243 -85.725  38.236 -85.729  0.65
6 19  5.0 38.245 -85.728  38.235 -85.726  1.077
4 15  23.0 38.248 -85.728  38.234 -85.726  1.14
5 14  3.0 38.232 -85.725  38.235 -85.728  0.253
1 11  7.0 38.23 -85.724  38.237 -85.729  0.559
2 19  2.0 38.233 -85.726  38.235 -85.727  0.2
2 16  8.0 38.233 -85.726  38.235 -85.727  0.621
1 16  19.0 38.235 -85.728  38.236 -85.725  1.056
4 8  7.0 38.235 -85.726  38.237 -85.727  0.77
1 11  8.0 38.235 -85.727  38.237 -85.726  0.79
3 18  25.0 38.237 -85.728  38.236 -85.725  3.42
7 22  42.0 38.236 -85.728  38.237 -85.725  1.864
7 5  6.0 38.238 -85.723  38.236 -85.73  0.49
6 16  3.0 38.239 -85.724  38.237 -85.729  0.6
7 14  10.0 38.24 -85.724  38.236 -85.729  0.684
2 10  3.0 38.24 -85.724  38.237 -85.729  0.394
1 9  4.0 38.24 -85.724  38.237 -85.729  0.38
1 9  4.0 38.24 -85.724  38.237 -85.729  0.39
7 15  5.0 38.24 -85.724  38.237 -85.729  0.33
3 16  6.0 38.241 -85.725  38.236 -85.728  0.8
2 15  7.0 38.24 -85.724  38.237 -85.729  0.46
5 10  13.0 38.24 -85.724  38.237 -85.729  0.22
6 14  22.0 38.24 -85.724  38.237 -85.729  0.38
3 10  28.0 38.24 -85.724  38.237 -85.729  0.92
4 14  32.0 38.24 -85.726  38.237 -85.727  1.95
7 22  43.0 38.241 -85.727  38.236 -85.726  3.62
5 10  7.0 38.241 -85.725  38.237 -85.728  0.64
3 7  9.0 38.243 -85.728  38.235 -85.725  0.91
1 13  21.0 38.241 -85.725  38.237 -85.728  1.74
2 15  5.0 38.23 -85.724  38.235 -85.728  0.373
1 15  5.0 38.23 -85.723  38.235 -85.729  0.46
2 16  9.0 38.233 -85.725  38.235 -85.727  0.746
2 12  21.0 38.234 -85.725  38.234 -85.727  1.62
7 11  4.0 38.234 -85.725  38.235 -85.727  0.373
3 13  6.0 38.236 -85.722  38.235 -85.73  0.64
6 14  17.0 38.236 -85.726  38.236 -85.726  1.58
2 20  32.0 38.236 -85.726  38.236 -85.726  0.63
1 9  3.0 38.237 -85.723  38.236 -85.729  0.35
5 16  3.0 38.239 -85.725  38.235 -85.727  2.61
7 14  8.0 38.237 -85.726  38.237 -85.726  0.35
7 22  8.0 38.239 -85.724  38.235 -85.728  0.621
3 23  7.0 38.239 -85.723  38.236 -85.729  1.08
3 20  38.0 38.239 -85.722  38.236 -85.73  0.89
5 21  3.0 38.24 -85.724  38.236 -85.728  0.46
7 18  5.0 38.24 -85.724  38.236 -85.728  0.38
3 14  5.0 38.24 -85.724  38.236 -85.728  0.4
3 19  5.0 38.24 -85.722  38.236 -85.73  0.56
6 14  5.0 3