2 20  16.0 38.238 -85.787  38.233 -85.742  2.5
5 13  27.0 38.211 -85.771  38.23 -85.742  3.16
3 7  15.0 38.252 -85.769  38.233 -85.744  2.31
3 13  40.0 38.258 -85.772  38.23 -85.741  3.71
5 18  15.0 38.225 -85.768  38.23 -85.744  1.59
5 18  15.0 38.225 -85.768  38.23 -85.744  1.73
4 21  26.0 38.225 -85.77  38.233 -85.742  2.35
3 11  20.0 38.192 -85.769  38.229 -85.742  3.33
5 13  16.0 38.215 -85.768  38.231 -85.743  2.97
3 13  10.0 38.228 -85.766  38.231 -85.744  1.58
1 17  12.0 38.235 -85.766  38.233 -85.744  1.74
3 13  21.0 38.259 -85.768  38.229 -85.742  3.23
4 10  55.0 38.212 -85.766  38.231 -85.743  0.05
5 13  27.0 38.22 -85.765  38.232 -85.744  3.17
2 12  7.0 38.236 -85.764  38.231 -85.744  0.94
6 6  10.0 38.226 -85.762  38.229 -85.745  1.12
6 17  10.0 38.223 -85.763  38.233 -85.744  1.74
5 20  11.0 38.227 -85.762  38.232 -85.745  1.36
1 12  23.0 38.257 -85.765  38.229 -85.742  3.19
1 11  11.0 38.221 -85.761  38.23 -85.745  1.31
6 15  23.0 38.224 -85.764  38.231 -85.742  2.91
6 13  9.0 38.223 -85.762  38.233 -85.744  2.0
2 18  28.0 38.225 -85.761  38.231 -85.745  1.93
1 18  16.0 38.235 -85.764  38.23 -85.742  1.802
4 13  8.0 38.235 -85.762  38.231 -85.744  0.92
4 5  17.0 38.235 -85.762  38.232 -85.744  2.8
1 14  24.0 38.221 -85.763  38.229 -85.742  2.91
1 14  25.0 38.221 -85.763  38.229 -85.742  3.29
7 14  12.0 38.224 -85.764  38.229 -85.741  1.59
2 10  21.0 38.222 -85.763  38.232 -85.742  4.25
4 14  8.0 38.226 -85.76  38.229 -85.745  1.03
4 5  9.0 38.226 -85.76  38.229 -85.745  1.07
3 22  16.0 38.234 -85.763  38.23 -85.742  3.604
3 14  27.0 38.256 -85.763  38.23 -85.742  2.63
7 11  20.0 38.255 -85.763  38.233 -85.742  2.68
7 14  18.0 38.204 -85.763  38.229 -85.741  3.13
1 8  7.0 38.222 -85.762  38.233 -85.742  2.37
7 11  9.0 38.226 -85.762  38.229 -85.742  1.2
1 13  17.0 38.225 -85.76  38.233 -85.744  3.355
4 12  7.0 38.235 -85.76  38.23 -85.744  0.94
4 12  6.0 38.236 -85.76  38.23 -85.744  0.93
7 20  11.0 38.247 -85.759  38.229 -85.745  1.77
6 11  9.0 38.246 -85.76  38.231 -85.744  1.68
3 19  38.0 38.249 -85.761  38.233 -85.743  2.672
4 17  28.0 38.253 -85.76  38.23 -85.744  2.85
1 12  24.0 38.255 -85.762  38.229 -85.742  3.0
6 14  25.0 38.21 -85.762  38.231 -85.741  2.64
3 19  8.0 38.226 -85.761  38.229 -85.742  1.243
5 14  15.0 38.226 -85.762  38.229 -85.741  1.27
1 18  10.0 38.232 -85.761  38.231 -85.742  1.3
3 19  31.0 38.231 -85.761  38.233 -85.742  2.44
6 19  8.0 38.234 -85.761  38.233 -85.742  0.87
7 18  16.0 38.234 -85.761  38.233 -85.742  1.616
1 12  7.0 38.225 -85.76  38.23 -85.742  0.96
7 5  23.0 38.226 -85.76  38.229 -85.742  1.23
1 10  34.0 38.222 -85.76  38.233 -85.742  2.175
7 15  8.0 38.229 -85.758  38.23 -85.744  1.118
2 20  8.0 38.232 -85.76  38.23 -85.742  1.12
1 6  14.0 38.236 -85.758  38.23 -85.744  1.26
6 10  8.0 38.234 -85.761  38.233 -85.741  1.04
3 18  9.0 38.235 -85.761  38.233 -85.741  1.242
5 12  8.0 38.238 -85.759  38.233 -85.743  1.09
4 17  16.0 38.241 -85.76  38.231 -85.742  1.58
1 17  12.0 38.249 -85.758  38.23 -85.744  2.08
7 23  22.0 38.252 -85.76  38.229 -85.742  2.548
3 16  24.0 38.251 -85.758  38.23 -85.744  2.64
4 19  15.0 38.258 -85.757  38.233 -85.745  2.67
7 17  10.0 38.219 -85.759  38.231 -85.742  1.73
3 18  9.0 38.226 -85.759  38.232 -85.742  1.367
5 13  44.0 38.23 -85.759  38.23 -85.742  3.7
1 14  11.0 38.235 -85.76  38.229 -85.741  1.28
1 16  8.0 38.235 -85.759  38.233 -85.742  0.497
4 9  16.0 38.235 -85.759  38.233 -85.742  1.056
6 18  24.0 38.243 -85.76  38.229 -85.741  1.53
1 16  18.0 38.252 -85.757  38.23 -85.744  2.3
6 13  15.0 38.252 -85.758  38.233 -85.743  0.07
3 14  13.0 38.253 -85.756  38.233 -85.745  1.76
6 13  24.0 38.259 -85.76  38.232 -85.741  3.5
1 11  7.0 38.225 -85.759  38.229 -85.741  1.2
4 5  20.0 38.227 -85.758  38.232 -85.742  2.51
7 18  7.0 38.229 -85.756  38.231 -85.744  0.74
3 20  14.0 38.234 -85.758  38.232 -85.742  1.553
2 19  6.0 38.234 -85.756  38.233 -85.744  0.92
1 16  8.0 38.236 -85.758  38.233 -85.742  0.994
7 15  13.0 38.245 -85.758  38.229 -85.742  2.423
2 15  14.0 38.244 -85.757  38.23 -85.743  1.7
3 12  26.0 38.25 -85.756  38.23 -85.744  2.02
6 13  21.0 38.252 -85.758  38.232 -85.742  2.01
4 18  17.0 38.256 -85.758  38.231 -85.742  2.78
2 14  17.0 38.258 -85.758  38.23 -85.742  3.045
2 14  29.0 38.256 -85.758  38.232 -85.742  3.71
6 15  17.0 38.215 -85.758  38.229 -85.741  2.83
4 15  11.0 38.219 -85.754  38.229 -85.745  0.826
4 10  12.0 38.218 -85.755  38.232 -85.744  1.47
4 10  12.0 38.221 -85.756  38.231 -85.743  1.47
5 12  6.0 38.224 -85.754  38.229 -85.745  0.63
3 16  8.0 38.228 -85.758  38.229 -85.741  1.3
2 14  23.0 38.23 -85.758  38.229 -85.741  1.93
1 22  8.0 38.227 -85.756  38.233 -85.743  1.243
1 16  6.0 38.233 -85.755  38.229 -85.744  0.78
4 8  12.0 38.229 -85.758  38.233 -85.741  1.305
2 17  9.0 38.232 -85.757  38.231 -85.742  0.932
3 14  13.0 38.238 -85.758  38.233 -85.741  1.305
6 16  7.0 38.24 -85.756  38.233 -85.743  1.05
1 3  32.0 38.249 -85.758  38.23 -85.741  4.28
1 16  18.0 38.248 -85.754  38.232 -85.745  2.051
6 10  20.0 38.254 -85.754  38.233 -85.745  2.3
3 7  10.0 38.215 -85.756  38.231 -85.742  1.7
3 20  8.0 38.226 -85.757  38.229 -85.741  1.18
5 22  7.0 38.227 -85.757  38.229 -85.741  1.27
2 1  23.0 38.227 -85.757  38.229 -85.741  1.1
3 18  30.0 38.227 -85.757  38.229 -85.741  2.29
2 14  9.0 38.227 -85.757  38.23 -85.741  0.95
2 14  9.0 38.227 -85.757  38.23 -85.741  1.2
3 7  7.0 38.23 -85.757  38.229 -85.741  1.12
5 2  6.0 38.233 -85.756  38.231 -85.742  0.76
4 24  13.0 38.231 -85.757  38.233 -85.741  1.233
3 5  8.0 38.233 -85.755  38.232 -85.743  0.64
1 15  32.0 38.237 -85.753  38.23 -85.745  3.88
6 21  9.0 38.235 -85.756  38.233 -85.742  0.746
3 12  14.0 38.25 -85.756  38.231 -85.742  1.75
2 17  18.0 38.251 -85.754  38.231 -85.744  2.22
4 21  19.0 38.249 -85.757  38.233 -85.741  0.497
4 19  22.0 38.252 -85.757  38.23 -85.741  2.57
4 19  23.0 38.252 -85.757  38.23 -85.741  2.55
4 19  23.0 38.253 -85.757  38.23 -85.741  2.7
2 14  30.0 38.252 -85.756  38.232 -85.742  3.72
6 20  18.0 38.215 -85.755  38.229 -85.742  1.429
6 10  4.0 38.23 -85.752  38.232 -85.745  0.64
6 12  6.0 38.233 -85.753  38.229 -85.744  0.83
6 17  6.0 38.232 -85.755  38.23 -85.742  0.87
7 9  7.0 38.229 -85.756  38.233 -85.741  1.29
7 17  47.0 38.236 -85.755  38.229 -85.742  2.84
1 7  11.0 38.246 -85.755  38.229 -85.742  1.371
4 12  8.0 38.245 -85.755  38.231 -85.742  1.38
1 18  7.0 38.245 -85.752  38.232 -85.745  1.39
7 10  12.0 38.247 -85.756  38.233 -85.741  1.95
6 18  34.0 38.251 -85.756  38.229 -85.741  2.57
1 7  13.0 38.21 -85.753  38.23 -85.743  1.67
6 20  30.0 38.227 -85.755  38.229 -85.741  3.26
3 15  5.0 38.235 -85.752  38.232 -85.744  0.04
1 8  17.0 38.239 -85.754  38.229 -85.742  2.25
4 16  13.0 38.239 -85.755  38.23 -85.741  2.24
2 22  19.0 38.251 -85.754  38.229 -85.742  3.231
7 12  13.0 38.212 -85.752  38.232 -85.743  1.66
5 20  32.0 38.229 -85.754  38.229 -85.741  3.46
7 8  8.0 38.232 -85.753  38.231 -85.742  0.9
6 13  8.0 38.234 -85.753  38.233 -85.742  1.1
7 22  17.0 38.252 -85.754  38.229 -85.741  2.672
3 19  12.0 38.25 -85.751  38.233 -85.744  1.62
4 11  13.0 38.252 -85.75  38.232 -85.745  1.73
3 10  4.0 38.231 -85.751  38.23 -85.743  0.41
7 19  4.0 38.232 -85.75  38.231 -85.744  0.318
6 16  5.0 38.234 -85.751  38.229 -85.743  0.539
7 17  23.0 38.239 -85.752  38.232 -85.742  1.99
5 10  7.0 38.246 -85.751  38.232 -85.743  1.11
1 14  17.0 38.256 -85.751  38.231 -85.743  2.61
2 18  15.0 38.257 -85.749  38.233 -85.745  2.113
4 20  6.0 38.223 -85.752  38.229 -85.741  1.12
6 13  3.0 38.235 -85.752  38.231 -85.741  0.3
6 19  13.0 38.252 -85.749  38.23 -85.744  2.05
6 14  12.0 38.256 -85.751  38.231 -85.742  2.27
5 14  9.0 38.218 -85.75  38.23 -85.742  0.87
3 4  10.0 38.217 -85.747  38.232 -85.745  1.19
3 16  6.0 38.231 -85.748  38.23 -85.744  0.07
7 14  40.0 38.255 -85.75  38.229 -85.742  3.85
3 18  18.0 38.258 -85.748  38.233 -85.744  2.298
5 10  13.0 38.217 -85.749  38.233 -85.742  1.616
7 19  4.0 38.229 -85.75  38.229 -85.741  0.549
6 19  6.0 38.231 -85.746  38.23 -85.745  0.48
3 17  19.0 38.231 -85.747  38.231 -85.744  2.15
4 16  4.0 38.231 -85.749  38.233 -85.742  0.49
4 15  15.0 38.233 -85.747  38.233 -85.744  1.05
7 13  4.0 38.235 -85.7