5 20  25.0 38.226 -85.765  38.24 -85.717  3.79
3 10  21.0 38.259 -85.763  38.238 -85.719  3.666
1 11  20.0 38.212 -85.761  38.241 -85.719  3.46
5 20  25.0 38.226 -85.764  38.24 -85.716  3.853
4 18  30.0 38.252 -85.762  38.238 -85.718  3.05
2 10  17.0 38.253 -85.76  38.24 -85.719  3.542
5 18  30.0 38.216 -85.759  38.241 -85.719  4.26
6 16  26.0 38.221 -85.759  38.238 -85.719  4.04
3 14  48.0 38.224 -85.76  38.24 -85.718  3.93
7 11  35.0 38.251 -85.758  38.238 -85.719  2.63
3 18  19.0 38.242 -85.76  38.24 -85.716  1.305
3 19  17.0 38.247 -85.76  38.239 -85.716  3.25
2 22  25.0 38.252 -85.757  38.241 -85.719  2.548
2 11  15.0 38.225 -85.756  38.241 -85.718  2.3
5 16  18.0 38.25 -85.757  38.239 -85.717  2.75
7 11  38.0 38.253 -85.755  38.238 -85.719  2.69
7 16  13.0 38.256 -85.755  38.239 -85.719  3.79
6 21  35.0 38.226 -85.755  38.24 -85.718  3.08
7 10  14.0 38.233 -85.755  38.238 -85.718  2.734
1 12  33.0 38.235 -85.754  38.241 -85.719  2.79
2 20  30.0 38.247 -85.754  38.239 -85.719  2.113
2 17  22.0 38.257 -85.753  38.238 -85.719  2.81
1 17  24.0 38.255 -85.754  38.241 -85.718  0.124
6 14  13.0 38.229 -85.754  38.24 -85.717  2.27
4 20  22.0 38.249 -85.753  38.24 -85.718  2.239
1 20  10.0 38.251 -85.752  38.24 -85.719  2.23
6 16  15.0 38.252 -85.754  38.239 -85.717  2.48
2 20  21.0 38.256 -85.752  38.241 -85.719  2.49
1 12  18.0 38.259 -85.754  38.242 -85.717  2.54
7 12  16.0 38.245 -85.753  38.238 -85.717  0.11
6 21  33.0 38.253 -85.753  38.238 -85.717  3.231
7 16  48.0 38.256 -85.752  38.241 -85.718  4.18
3 14  25.0 38.258 -85.751  38.241 -85.719  2.35
4 6  45.0 38.249 -85.751  38.24 -85.718  3.06
4 20  27.0 38.257 -85.75  38.238 -85.719  1.243
6 20  14.0 38.247 -85.751  38.238 -85.717  2.19
2 14  28.0 38.257 -85.75  38.24 -85.718  3.04
3 14  24.0 38.257 -85.75  38.241 -85.718  2.32
3 17  16.0 38.256 -85.75  38.24 -85.717  2.19
2 10  11.0 38.254 -85.747  38.24 -85.719  2.03
7 18  22.0 38.256 -85.75  38.239 -85.716  2.74
5 5  26.0 38.215 -85.747  38.239 -85.718  3.59
3 17  15.0 38.245 -85.748  38.238 -85.717  2.175
2 18  16.0 38.26 -85.749  38.24 -85.716  0.497
7 19  30.0 38.213 -85.748  38.241 -85.716  3.41
5 14  34.0 38.247 -85.744  38.241 -85.719  3.45
1 21  25.0 38.255 -85.745  38.238 -85.718  0.808
6 17  19.0 38.255 -85.745  38.242 -85.718  2.42
3 17  11.0 38.25 -85.746  38.24 -85.716  2.237
2 17  13.0 38.256 -85.743  38.241 -85.719  1.82
6 19  25.0 38.227 -85.742  38.239 -85.719  2.485
2 21  28.0 38.231 -85.743  38.238 -85.718  1.55
2 11  17.0 38.248 -85.743  38.238 -85.718  2.35
3 19  18.0 38.255 -85.742  38.239 -85.719  1.95
3 17  20.0 38.255 -85.744  38.24 -85.717  2.32
7 7  9.0 38.245 -85.742  38.238 -85.718  1.46
4 14  23.0 38.25 -85.741  38.238 -85.719  1.118
1 11  32.0 38.26 -85.741  38.242 -85.719  2.25
7 8  15.0 38.215 -85.74  38.238 -85.719  3.11
5 18  10.0 38.254 -85.742  38.241 -85.717  1.87
7 11  13.0 38.256 -85.744  38.24 -85.715  2.11
6 24  21.0 38.251 -85.739  38.238 -85.719  1.678
4 16  28.0 38.253 -85.738  38.238 -85.719  3.25
7 10  15.0 38.254 -85.742  38.24 -85.715  2.12
6 17  12.0 38.254 -85.738  38.241 -85.719  1.58
1 10  17.0 38.256 -85.74  38.239 -85.716  2.44
4 22  14.0 38.261 -85.737  38.238 -85.719  2.29
4 16  17.0 38.262 -85.741  38.24 -85.715  2.66
7 16  16.0 38.223 -85.736  38.24 -85.719  2.09
3 15  10.0 38.254 -85.736  38.238 -85.719  1.58
5 19  10.0 38.254 -85.736  38.238 -85.719  1.6
7 21  13.0 38.254 -85.737  38.238 -85.718  0.87
7 13  20.0 38.253 -85.74  38.239 -85.715  2.51
6 17  16.0 38.254 -85.736  38.24 -85.719  1.65
4 14  20.0 38.255 -85.736  38.239 -85.719  3.36
5 3  6.0 38.236 -85.735  38.238 -85.719  0.95
3 19  9.0 38.243 -85.736  38.239 -85.718  1.35
6 10  37.0 38.264 -85.735  38.242 -85.719  1.75
3 14  8.0 38.232 -85.734  38.238 -85.719  1.09
3 12  24.0 38.25 -85.734  38.239 -85.719  1.3
2 8  12.0 38.253 -85.734  38.238 -85.719  1.429
7 17  11.0 38.254 -85.734  38.238 -85.719  1.384
2 18  18.0 38.255 -85.736  38.24 -85.717  1.81
1 8  8.0 38.256 -85.735  38.24 -85.718  1.09
3 15  11.0 38.228 -85.736  38.239 -85.716  1.62
6 13  34.0 38.225 -85.736  38.242 -85.716  1.79
7 11  10.0 38.245 -85.734  38.242 -85.718  1.06
7 16  11.0 38.25 -85.734  38.239 -85.718  2.94
7 15  12.0 38.253 -85.735  38.238 -85.717  0.1
6 10  11.0 38.253 -85.735  38.239 -85.717  1.57
1 13  11.0 38.257 -85.736  38.24 -85.716  1.83
7 12  14.0 38.256 -85.733  38.241 -85.719  1.98
4 16  7.0 38.231 -85.732  38.238 -85.719  1.0
1 8  9.0 38.232 -85.733  38.24 -85.718  1.19
7 20  16.0 38.25 -85.734  38.238 -85.717  1.75
7 23  25.0 38.252 -85.734  38.238 -85.717  2.9
4 10  19.0 38.218 -85.732  38.238 -85.718  2.51
7 20  33.0 38.248 -85.731  38.238 -85.719  3.158
2 13  9.0 38.251 -85.731  38.238 -85.719  1.4
6 7  14.0 38.251 -85.731  38.24 -85.719  1.31
7 23  28.0 38.254 -85.733  38.238 -85.717  3.1
7 17  10.0 38.256 -85.733  38.24 -85.717  1.678
1 14  39.0 38.22 -85.73  38.238 -85.719  4.78
3 16  9.0 38.245 -85.731  38.24 -85.718  0.87
1 10  8.0 38.247 -85.73  38.239 -85.719  0.94
7 16  10.0 38.251 -85.732  38.238 -85.717  1.21
7 15  13.0 38.252 -85.733  38.24 -85.716  1.46
1 16  13.0 38.236 -85.729  38.24 -85.719  0.94
5 16  10.0 38.242 -85.729  38.238 -85.719  0.746
1 14  7.0 38.245 -85.729  38.238 -85.719  0.808
4 18  8.0 38.244 -85.732  38.239 -85.716  0.8
1 11  41.0 38.243 -85.729  38.24 -85.719  4.48
2 14  5.0 38.246 -85.729  38.238 -85.719  0.79
4 14  9.0 38.243 -85.73  38.241 -85.718  1.07
6 23  5.0 38.25 -85.729  38.238 -85.719  0.98
5 21  22.0 38.247 -85.73  38.241 -85.718  1.31
2 16  11.0 38.252 -85.732  38.238 -85.716  1.49
5 19  10.0 38.252 -85.731  38.239 -85.717  0.062
4 21  8.0 38.252 -85.731  38.242 -85.717  0.186
2 19  14.0 38.227 -85.728  38.241 -85.719  1.51
7 16  8.0 38.237 -85.729  38.24 -85.718  1.06
7 10  8.0 38.244 -85.732  38.238 -85.715  1.17
5 16  20.0 38.248 -85.729  38.239 -85.718  2.546
1 15  8.0 38.249 -85.729  38.241 -85.718  1.07
1 17  13.0 38.251 -85.729  38.24 -85.718  1.87
1 12  7.0 38.234 -85.728  38.238 -85.718  0.6
3 18  8.0 38.236 -85.728  38.24 -85.718  0.664
5 20  5.0 38.242 -85.727  38.238 -85.719  0.62
4 17  6.0 38.242 -85.727  38.238 -85.719  0.559
6 18  6.0 38.243 -85.727  38.239 -85.719  0.7
1 18  11.0 38.245 -85.728  38.238 -85.718  0.79
7 16  7.0 38.246 -85.728  38.239 -85.718  0.888
4 0  9.0 38.249 -85.73  38.238 -85.716  1.29
4 20  30.0 38.246 -85.728  38.241 -85.718  1.056
5 13  10.0 38.257 -85.727  38.241 -85.719  1.88
1 16  7.0 38.237 -85.727  38.238 -85.718  0.559
6 15  7.0 38.243 -85.727  38.24 -85.718  1.23
6 11  19.0 38.245 -85.726  38.238 -85.719  0.46
2 20  16.0 38.246 -85.726  38.238 -85.719  1.56
5 21  28.0 38.245 -85.729  38.24 -85.716  0.311
1 1  7.0 38.247 -85.73  38.24 -85.715  1.17
3 20  17.0 38.25 -85.729  38.238 -85.716  1.21
2 15  42.0 38.264 -85.727  38.238 -85.718  4.35
6 10  20.0 38.206 -85.729  38.238 -85.715  3.65
7 16  28.0 38.237 -85.725  38.238 -85.719  0.56
1 16  11.0 38.236 -85.726  38.241 -85.718  1.12
7 4  41.0 38.239 -85.725  38.238 -85.719  4.287
3 11  4.0 38.24 -85.727  38.238 -85.717  0.58
7 4  3.0 38.241 -85.725  38.238 -85.719  0.38
4 22  4.0 38.241 -85.725  38.238 -85.719  0.31
4 22  4.0 38.241 -85.725  38.238 -85.719  0.34
1 0  6.0 38.241 -85.725  38.238 -85.719  0.43
3 17  6.0 38.241 -85.725  38.238 -85.719  0.43
1 0  6.0 38.241 -85.725  38.238 -85.719  0.45
1 0  7.0 38.241 -85.725  38.238 -85.719  0.46
6 22  11.0 38.241 -85.725  38.238 -85.719  0.47
7 1  11.0 38.241 -85.725  38.238 -85.719  1.55
6 22  12.0 38.241 -85.725  38.238 -85.719  0.46
1 10  23.0 38.241 -85.725  38.238 -85.719  0.44
1 0  36.0 38.241 -85.725  38.238 -85.719  2.672
7 14  38.0 38.241 -85.725  38.238 -85.719  3.68
1 17  44.0 38.241 -85.725  38.238 -85.719  4.06
7 12  4.0 38.242 -85.726  38.238 -85.718  0.58
6 20  10.0 38.241 -85.725  38.239 -85.719  0.61
1 11  10.0 38.241 -85.725  38.239 -85.719  0.64
6 20  11.0 38.241 -85.725  38.239 -85.719  0.74
6 21  12.0 38.241 -85.725  38.239 -85.719  0.93
2 12  15.0 38.241 -85.725  38.239 -85.719  1.5
2 12  17.0 38.241 -85.725  38.239 -85.719  1.55
6 21  27.0 38.24 -85.726  38.24 -85.718  1.04
1 14  5.0 38.242 -85.727  38.239 -85.717  0.76
4 17  6.0 38.242 -85.727  38.239 -85.717  0.746
6 18  36.0 38.241 -85.725  38.24 -85.719  1.5
3 9  46.0 38.241 -85.725  38.24 -85.719  2.86
1 16  53.0 38.241 -85.725  38.24 -85.719  1.47
3 13  9.0 38.242 -85.726  38.24 -85.718  0.65
5 9  5.0 38.244 -85.726  38.24 -85.718  0.47
2 19  5.0 38.244 -85.726  38.24 -85.718  0.54
5 6  5.0 38.245 -85.727  38.239 -85.717  0.67
5 23  16.0 38.245 -85.727  38.239 -85.717  0.87
3 17  7.0 38.249 -85.727  38.238 -85.717  0.79
6 11  22.0 38.247 -85.726  38.242 -85.718  0.68
7 18  6.0 38.232 -85.725  38.238 -85.718  0.51
2 19  6.0 38.234 -85.724  38.239 -85.719  0.94
3 15  6.0 38.237 -85.725  38.238 -85.718  0.41
7 13  50.0 38.239 -85.724  38.238 -85.719  5.07
4 18  3.0 38.24 -85.724  38.238 -85.719  0.347
5 11  4.0 38.24 -85.724  38.238 -85.719  0.13
1 16  4.0 38.24 -85.724  38.238 -85.719  0.31
5 14  4.0 38.24 -85.724  38.238 -85.719  0.35
3 16  25.0 38.24 -85.726  38.238 -85.717  1.89
1 15  25.0 38.24 -85.724  38.238 -85.719  2.49
1 11  29.0 38.24 -85.724  38.238 -85.719  0.71
6 18  5.0 38.24 -85.724  38.239 -85.719  0.29
3 15  5.0 38.241 -85.725  38.238 -85.718  0.33
6 21  6.0 38.24 -85.724  38.239 -85.719  0.59
6 20  7.0 38.24 -85.724  38.239 -85.719  0.37
3 20  13.0 38.24 -85.724  38.239 -85.719  1.367
7 14  30.0 38.24 -85.724  38.239 -85.719  3.29
1 16  13.0 38.24 -85.724  38.24 -85.719  0.87
7 10  16.0 38.24 -85.727  38.24 -85.716  3.355
2 10  4.0 38.24 -85.724  38.241 -85.719  0.278
5 9  6.0 38.241 -85.725  38.24 -85.718  0.43
7 10  14.0 38.241 -85.725  38.24 -85.718  1.802
2 16  36.0 38.243 -85.725  38.238 -85.718  3.7
1 8  9.0 38.248 -85.726  38.239 -85.717  0.8
5 11  8.0 38.258 -85.725  38.241 -85.718  1.81
6 10  8.0 38.237 -85.725  38.238 -85.717  0.51
2 11  28.0 38.236 -85.725  38.24 -85.717  4.54
2 15  30.0 38.238 -85.723  38.238 -85.719  2.96
7 13  47.0 38.239 -85.723  38.238 -85.719  4.91
7 22  4.0 38.24 -85.724  38.24 -85.718  0.38
7 21  11.0 38.24 -85.724  38.24 -85.718  0.186
6 14  12.0 38.24 -85.724  38.24 -85.718  1.98
1 13  15.0 38.24 -85.724  38.24 -85.718  0.75
7 10  16.0 38.24 -85.724  38.24 -85.718  2.175
4 18  18.0 38.242 -85.724  38.238 -85.718  0.81
1 14  38.0 38.24 -85.723  38.24 -85.719  3.6
6 15  2.0 38.243 -85.724  38.238 -85.718  0.5
2 9  18.0 38.244 -85.724  38.238 -85.718  0.69
6 14  4.0 38.243 -85.724  38.24 -85.718  0.4
6 21  9.0 38.247 -85.727  38.238 -85.715  0.994
6 7  13.0 38.249 -85.727  38.238 -85.715  1.0
2 9  6.0 38.238 -85.726  38.238 -85.715  0.87
6 16  4.0 38.239 -85.722  38.238 -85.719  0.14
6 23  4.0 38.239 -85.722  38.238 -85.719  0.26
5 17  6.0 38.239 -85.722  38.238 -85.719  0.55
4 18  6.0 38.239 -85.722  38.238 -85.719  0.89
1 10  8.0 38.239 -85.722  38.238 -85.719  0.22
2 23  17.0 38.239 -85.722  38.238 -85.719  1.926
7 18  25.0 38.239 -85.722  38.238 -85.719  0.29
4 16  36.0 38.239 -85.722  38.238 -85.719  2.983
5 17  42.0 38.239 -85.722  38.238 -85.719  1.14
1 15  5.0 38.239 -85.722  38.239 -85.719  0.367
6 20  5.0 38.24 -85.724  38.238 -85.717  0.5
7 16  8.0 38.24 -85.724  38.238 -85.717  0.62
1 10  21.0 38.239 -85.722  38.239 -85.719  2.36
1 15  32.0 38.239 -85.722  38.239 -85.719  4.29
6 9  3.0 38.239 -85.722  38.24 -85.719  0.18
6 19  3.0 38.239 -85.722  38.24 -85.719  0.29
6 19  3.0 38.239 -85.722  38.24 -85.719  0.3
6 21  10.0 38.239 -85.723  38.24 -85.718  0.61
1 17  12.0 38.24 -85.724  38.239 -85.717  0.92
6 22  18.0 38.239 -85.723  38.24 -85.718  1.88
7 20  20.0 38.239 -85.722  38.24 -85.719  3.17
2 10  23.0 38.239 -85.723  38.24 -85.718  2.95
6 23  32.0 38.239 -85.722  38.24 -85.719  3.1
6 23  35.0 38.239 -85.722  38.24 -85.719  3.15
7 19  4.0 38.24 -85.724  38.24 -85.717  0.41
3 13  3.0 38.242 -85.722  38.239 -85.719  0.14
5 7  3.0 38.243 -85.724  38.238 -85.717  0.52
7 15  9.0 38.244 -85.723  38.238 -85.718  0.994
7 13  10.0 38.244 -85.726  38.238 -85.715  0.932
5 20  12.0 38.244 -85.724  38.238 -85.717  0.63
3 13  12.0 38.243 -85.722  38.239 -85.719  0.81
6 14  55.0 38.242 -85.722  38.24 -85.719  2.24
3 13  34.0 38.244 -85.725  38.239 -85.716  4.23
6 22  12.0 38.243 -85.724  38.241 -85.717  1.305
7 16  5.0 38.245 -85.723  38.24 -85.718  0.186
7 12  8.0 38.243 -85.722  38.242 -85.719  0.32
6 17  6.0 38.246 -85.724  38.24 -85.717  0.373
7 21  12.0 38.249 -85.722  38.238 -85.719  1.491
7 16  3.0 38.238 -85.721  38.238 -85.719  0.1
2 18  7.0 38.238 -85.721  38.238 -85.719  0.922
6 12  20.0 38.238 -85.721  38.238 -85.719  1.2
6 20  10.0 38.239 -85.722  38.238 -85.718  0.89
7 14  34.0 38.239 -85.722  38.238 -85.718  3.48
3 13  3.0 38.239 -85.721  38.239 -85.719  0.14
6 0  5.0 38.238 -85.721  38.24 -85.719  0.25
7 13  6.0 38.238 -85.721  38.24 -85.719  0.21
1 10  24.0 38.239 -85.721  38.239 -85.719  2.5
4 19  3.0 38.239 -85.721  38.24 -85.719  0.22
6 20  3.0 38.239 -85.721  38.24 -85.719  0.23
4 19  3.0 38.239 -85.721  38.24 -85.719  0.26
6 20  3.0 38.239 -85.721  38.24 -85.719  0.26
6 19  4.0 38.239 -85.721  38.24 -85.719  0.27
7 23  5.0 38.24 -85.724  38.239 -85.716  0.311
5 16  7.0 38.24 -85.724  38.239 -85.716  0.49
7 10  14.0 38.24 -85.724  38.239 -85.716  2.051
6 22  22.0 38.239 -85.722  38.24 -85.718  2.02
7 23  24.0 38.239 -85.721  38.24 -85.719  2.44
2 16  6.0 38.24 -85.721  38.24 -85.719  0.28
7 6  6.0 38.242 -85.721  38.238 -85.719  0.684
7 10  15.0 38.24 -85.724  38.24 -85.716  0.062
2 11  31.0 38.24 -85.724  38.24 -85.716  4.55
1 16  4.0 38.24 -85.722  38.241 -85.718  0.32
1 13  38.0 38.242 -85.722  38.24 -85.718  2.46
1 13  3.0 38.244 -85.722  38.241 -85.718  0.326
7 9  20.0 38.245 -85.721  38.242 -85.719  2.21
6 13  12.0 38.258 -85.723  38.24 -85.717  2.03
1 12  5.0 38.236 -85.724  38.239 -85.715  0.57
3 17  15.0 38.235 -85.721  38.24 -85.718  0.994
7 20  3.0 38.238 -85.72  38.238 -85.719  0.08
5 18  4.0 38.238 -85.72  38.238 -85.719  0.062
7 12  4.0 38.238 -85.72  38.238 -85.719  0.07
4 11  4.0 38.238 -85.72  38.238 -85.719  0.09
7 22  4.0 38.238 -85.72  38.238 -85.719  0.25
1 17  5.0 38.238 -85.72  38.238 -85.719  0.24
5 12  6.0 38.238 -85.72  38.238 -85.719  0.07
7 19  6.0 38.238 -85.72  38.238 -85.719  0.07
3 16  6.0 38.238 -85.72  38.238 -85.719  0.62
1 5  12.0 38.238 -85.72  38.238 -85.719  0.062
5 23  12.0 38.238 -85.72  38.238 -85.719  0.373
5 12  14.0 38.238 -85.72  38.238 -85.719  0.49
2 12  16.0 38.238 -85.72  38.238 -85.719  1.65
2 12  18.0 38.238 -85.72  38.238 -85.719  1.68
6 14  24.0 38.238 -85.72  38.238 -85.719  1.5
1 18  32.0 38.238 -85.72  38.238 -85.719  3.5
6 23  33.0 38.238 -85.72  38.238 -85.719  0.5
4 21  37.0 38.238 -85.72  38.238 -85.719  4.722
2 20  42.0 38.238 -85.72  38.238 -85.719  2.299
5 21  7.0 38.238 -85.72  38.239 -85.719  0.42
5 3  22.0 38.239 -85.722  38.238 -85.717  1.32
1 15  37.0 38.238 -85.72  38.239 -85.719  4.97
5 16  7.0 38.24 -85.724  38.238 -85.715  0.71
1 10  25.0 38.239 -85.72  38.239 -85.719  2.62
7 17  4.0 38.239 -85.72  38.24 -85.719  0.062
2 11  5.0 38.239 -85.721  38.24 -85.718  0.25
6 21  15.0 38.239 -85.72  38.24 -85.719  0.12
7 13  50.0 38.24 -85.722  38.239 -85.717  5.03
3 11  10.0 38.24 -85.721  38.24 -85.718  1.29
6 22  11.0 38.238 -85.72  38.242 -85.719  0.89
6 22  12.0 38.238 -85.72  38.242 -85.719  0.86
5 20  14.0 38.241 -85.721  38.239 -85.718  0.62
3 13  14.0 38.241 -85.72  38.239 -85.719  0.87
1 18  19.0 38.238 -85.72  38.242 -85.719  0.73
7 18  14.0 38.241 -85.72  38.24 -85.719  0.39
7 12  7.0 38.244 -85.724  38.238 -85.715  1.02
7 18  13.0 38.241 -85.723  38.241 -85.716  0.81
1 9  4.0 38.245 -85.724  38.238 -85.715  0.746
2 10  8.0 38.244 -85.724  38.239 -85.715  0.6
7 7  6.0 38.242 -85.72  38.242 -85.719  0.43
1 18  7.0 38.244 -85.72  38.241 -85.719  0.74
3 14  2.0 38.237 -85.719  38.238 -85.719  0.19
1 12  3.0 38.237 -85.719  38.238 -85.719  0.1
7 22  4.0 38.237 -85.719  38.238 -85.719  0.17
1 13  7.0 38.237 -85.719  38.238 -85.719  0.17
2 21  7.0 38.235 -85.723  38.24 -85.715  0.37
1 23  17.0 38.237 -85.719  38.238 -85.719  0.76
1 14  41.0 38.237 -85.719  38.238 -85.719  4.66
5 11  3.0 38.238 -85.719  38.238 -85.719  0.186
7 16  4.0 38.238 -85.719  38.238 -85.719  0.062
7 17  5.0 38.238 -85.719  38.238 -85.719  0.062
3 13  6.0 38.238 -85.72  38.238 -85.718  0.212
6 18  8.0 38.238 -85.719  38.238 -85.719  0.31
5 13  9.0 38.238 -85.72  38.238 -85.718  0.65
7 9  10.0 38.238 -85.719  38.238 -85.719  0.31
5 18  10.0 38.238 -85.72  38.238 -85.718  0.81
5 23  12.0 38.238 -85.719  38.238 -85.719  1.056
7 11  20.0 38.238 -85.72  38.238 -85.718  2.05
7 20  26.0 38.238 -85.72  38.238 -85.718  2.175
1 21  29.0 38.238 -85.72  38.238 -85.718  3.79
3 11  34.0 38.238 -85.719  38.238 -85.719  3.23
1 14  35.0 38.238 -85.719  38.238 -85.719  4.82
1 21  36.0 38.238 -85.72  38.238 -85.718  2.61
1 14  38.0 38.238 -85.719  38.238 -85.719  4.74
1 14  38.0 38.238 -85.719  38.238 -85.719  4.77
3 19  41.0 38.238 -85.719  38.238 -85.719  3.8
1 10  48.0 38.238 -85.719  38.238 -85.719  0.14
1 20  48.0 38.238 -85.719  38.238 -85.719  0.37
2 23  19.0 38.239 -85.721  38.238 -85.717  1.802
4 16  36.0 38.239 -85.72  38.238 -85.718  1.13
2 12  6.0 38.239 -85.719  38.239 -85.719  0.84
2 12  7.0 38.239 -85.719  38.239 -85.719  0.86
7 10  11.0 38.239 -85.719  38.239 -85.719  1.37
2 17  12.0 38.237 -85.719  38.241 -85.719  0.994
6 23  50.0 38.238 -85.72  38.24 -85.718  0.35
6 20  5.0 38.239 -85.719  38.24 -85.719  0.31
5 18  7.0 38.238 -85.719  38.241 -85.719  0.47
3 16  5.0 38.242 -85.719  38.238 -85.719  0.31
7 18  6.0 38.241 -85.72  38.239 -85.718  0.159
3 15  18.0 38.242 -85.72  38.238 -85.718  1.18
2 10  19.0 38.24 -85.72  38.24 -85.718  2.98
7 16  6.0 38.24 -85.719  38.242 -85.719  0.48
3 9  6.0 38.242 -85.723  38.24 -85.715  0.79
6 13  7.0 38.241 -85.721  38.241 -85.717  1.12
7 9  20.0 38.242 -85.719  38.242 -85.719  1.82
7 9  20.0 38.242 -85.719  38.242 -85.719  1.93
5 13  3.0 38.234 -85.718  38.238 -85.719  0.42
4 15  10.0 38.234 -85.718  38.238 -85.719  0.45
6 8  4.0 38.238 -85.72  38.238 -85.717  0.15
7 0  5.0 38.238 -85.72  38.238 -85.717  0.23
4 21  12.0 38.238 -85.72  38.238 -85.717  1.291
5 22  18.0 38.238 -85.718  38.238 -85.719  1.37
5 15  40.0 38.237 -85.719  38.239 -85.718  3.25
5 12  43.0 38.238 -85.72  38.238 -85.717  4.97
7 10  8.0 38.239 -85.719  38.238 -85.718  1.21
6 18  12.0 38.239 -85.721  38.238 -85.716  0.35
7 16  3.0 38.239 -85.72  38.239 -85.717  0.311
2 17  6.0 38.24 -85.72  38.238 -85.717  0.37
7 19  7.0 38.239 -85.718  38.239 -85.719  0.59
6 13  9.0 38.239 -85.72  38.239 -85.717  1.07
4 20  31.0 38.239 -85.719  38.239 -85.718  3.418
7 13  3.0 38.24 -85.719  38.24 -85.718  0.08
6 11  4.0 38.241 -85.72  38.239 -85.717  0.34
7 12  42.0 38.24 -85.721  38.241 -85.716  4.35
6 12  8.0 38.241 -85.722  38.241 -85.715  0.75
7 19  9.0 38.24 -85.719  38.242 -85.718  0.92
1 15  28.0 38.243 -85.72  38.239 -85.717  0.99
5 15  17.0 38.242 -85.718  38.242 -85.719  1.18
2 19  25.0 38.243 -85.721  38.241 -85.716  1.88
7 12  5.0 38.231 -85.719  38.238 -85.717  0.69
7 21  16.0 38.231 -85.717  38.238 -85.719  1.0
1 19  4.0 38.234 -85.717  38.238 -85.719  0.27
4 20  5.0 38.234 -85.717  38.238 -85.719  0.559
4 9  4.0 38.235 -85.718  38.238 -85.718  0.4
4 15  3.0 38.236 -85.717  38.238 -85.719  0.27
1 20  7.0 38.236 -85.717  38.238 -85.719  0.497
2 19  25.0 38.235 -85.717  38.239 -85.719  3.19
4 10  3.0 38.237 -85.717  38.238 -85.719  0.29
7 23  6.0 38.236 -85.717  38.239 -85.719  0.35
6 13  10.0 38.236 -85.717  38.239 -85.719  0.82
7 11  11.0 38.235 -85.717  38.24 -85.719  0.45
7 10  27.0 38.236 -85.717  38.239 -85.719  4.35
7 10  29.0 38.236 -85.717  38.239 -85.719  4.49
7 10  29.0 38.236 -85.717  38.239 -85.719  4.69
5 12  6.0 38.237 -85.719  38.239 -85.717  0.15
7 23  20.0 38.237 -85.719  38.239 -85.717  1.97
7 23  22.0 38.237 -85.719  38.239 -85.717  1.75
7 23  22.0 38.237 -85.719  38.239 -85.717  2.56
7 23  24.0 38.237 -85.719  38.239 -85.717  2.23
7 14  26.0 38.238 -85.721  38.238 -85.715  2.44
7 14  26.0 38.238 -85.721  38.238 -85.715  2.52
7 15  28.0 38.237 -85.719  38.239 -85.717  0.311
1 11  32.0 38.238 -85.718  38.238 -85.718  2.69
1 11  34.0 38.238 -85.718  38.238 -85.718  1.49
1 13  36.0 38.237 -85.719  38.239 -85.717  3.355
4 16  42.0 38.238 -85.718  38.238 -85.718  1.19
5 22  7.0 38.237 -85.717  38.24 -85.719  0.93
5 23  11.0 38.238 -85.719  38.239 -85.717  2.051
5 17  12.0 38.239 -85.717  38.238 -85.719  1.36
7 12  13.0 38.239 -85.719  38.238 -85.717  0.59
7 12  42.0 38.237 -85.721  38.24 -85.715  4.46
5 19  43.0 38.237 -85.718  38.24 -85.718  2.92
6 12  3.0 38.24 -85.72  38.238 -85.716  0.3
6 15  4.0 38.238 -85.717  38.24 -85.719  0.28
5 18  5.0 38.239 -85.719  38.239 -85.717  0.19
6 13  10.0 38.239 -85.719  38.239 -85.717  0.93
7 16  22.0 38.239 -85.718  38.239 -85.718  0.56
6 20  3.0 38.24 -85.717  38.239 -85.719  0.12
7 0  8.0 38.241 -85.719  38.238 -85.717  0.27
1 20  9.0 38.239 -85.721  38.24 -85.715  0.37
7 14  21.0 38.241 -85.719  38.238 -85.717  2.266
1 20  38.0 38.24 -85.718  38.239 -85.718  4.16
5 15  4.0 38.24 -85.718  38.24 -85.718  0.34
7 13  7.0 38.24 -85.72  38.24 -85.716  0.83
6 12  16.0 38.24 -85.718  38.24 -85.718  1.06
1 18  17.0 38.24 -85.718  38.24 -85.718  1.79
7 23  34.0 38.24 -85.717  38.24 -85.719  3.23
7 23  34.0 38.24 -85.717  38.24 -85.719  3.23
1 20  38.0 38.24 -85.718  38.24 -85.718  4.04
5 21  3.0 38.241 -85.717  38.24 -85.719  0.124
6 17  18.0 38.239 -85.719  38.242 -85.717  2.14
7 13  3.0 38.241 -85.718  38.241 -85.718  0.13
1 13  6.0 38.241 -85.719  38.242 -85.717  0.64
3 16  11.0 38.243 -85.718  38.24 -85.718  1.49
1 17  10.0 38.242 -85.718  38.242 -85.718  1.18
1 9  10.0 38.254 -85.717  38.239 -85.719  2.051
4 16  33.0 38.225 -85.719  38.238 -85.716  2.18
7 9  4.0 38.233 -85.716  38.238 -85.719  0.13
1 16  6.0 38.234 -85.717  38.238 -85.718  0.57
6 11  3.0 38.235 -85.718  38.238 -85.717  0.295
1 13  6.0 38.235 -85.716  38.238 -85.719  0.28
7 22  3.0 38.236 -85.716  38.238 -85.719  0.2
2 20  4.0 38.236 -85.717  38.238 -85.718  0.25
1 13  5.0 38.236 -85.716  38.238 -85.719  0.26
7 23  5.0 38.236 -85.717  38.238 -85.718  0.27
1 4  7.0 38.236 -85.716  38.238 -85.719  0.186
3 15  3.0 38.236 -85.716  38.239 -85.719  0.38
3 17  3.0 38.236 -85.716  38.239 -85.719  0.46
4 16  5.0 38.237 -85.716  38.238 -85.719  0.31
6 17  5.0 38.237 -85.718  38.238 -85.717  0.46
7 10  29.0 38.236 -85.716  38.239 -85.719  4.54
7 13  49.0 38.236 -85.716  38.239 -85.719  4.909
1 16  3.0 38.237 -85.72  38.239 -85.715  0.31
1 18  5.0 38.237 -85.719  38.239 -85.716  0.249
2 14  5.0 38.236 -85.717  38.24 -85.718  0.9
1 2  7.0 38.237 -85.719  38.239 -85.716  0.19
1 8  11.0 38.236 -85.717  38.24 -85.718  0.266
7 12  11.0 38.235 -85.716  38.241 -85.719  0.63
5 18  18.0 38.236 -85.717  38.24 -85.718  0.75
5 15  41.0 38.237 -85.718  38.239 -85.717  3.35
7 15  5.0 38.239 -85.717  38.238 -85.718  0.373
7 15  17.0 38.239 -85.717  38.238 -85.718  1.12
1 18  14.0 38.236 -85.716  38.242 -85.719  0.88
6 11  17.0 38.239 -85.718  38.239 -85.717  1.43
6 21  33.0 38.238 -85.717  38.24 -85.718  1.75
7 17  2.0 38.239 -85.72  38.24 -85.715  0.35
1 17  21.0 38.24 -85.719  38.239 -85.716  0.994
4 9  3.0 38.238 -85.716  38.242 -85.719  0.29
6 17  21.0 38.24 -85.717  38.24 -85.718  0.373
5 13  3.0 38.241 -85.72  38.241 -85.715  0.31
7 13  5.0 38.241 -85.716  38.241 -85.719  0.19
1 18  25.0 38.243 -85.72  38.239 -85.715  2.24
6 19  11.0 38.241 -85.716  38.242 -85.719  0.124
6 10  3.0 38.234 -85.715  38.238 -85.719  0.27
1 0  4.0 38.235 -85.716  38.238 -85.718  0.11
1 13  6.0 38.235 -85.715  38.238 -85.719  0.31
7 23  9.0 38.234 -85.717  38.239 -85.717  0.82
7 15  14.0 38.236 -85.717  38.238 -85.717  0.59
7 15  20.0 38.236 -85.717  38.238 -85.717  1.47
4 19  26.0 38.236 -85.715  38.238 -85.719  1.16
7 13  11.0 38.236 -85.715  38.239 -85.719  1.16
6 21  12.0 38.236 -85.719  38.239 -85.715  1.07
1 15  3.0 38.238 -85.717  38.238 -85.717  1.056
5 9  4.0 38.236 -85.717  38.24 -85.717  0.32
2 13  5.0 38.238 -85.719  38.238 -85.715  0.31
6 14  22.0 38.236 -85.715  38.24 -85.719  3.23
6 19  25.0 38.238 -85.717  38.238 -85.717  1.4
1 0  39.0 38.238 -85.717  38.238 -85.717  0.56
1 0  41.0 38.238 -85.717  38.238 -85.717  0.62
1 0  42.0 38.238 -85.717  38.238 -85.717  2.94
7 23  25.0 38.238 -85.718  38.239 -85.716  1.91
7 16  4.0 38.239 -85.718  38.239 -85.716  0.062
6 23  4.0 38.239 -85.717  38.239 -85.717  0.2
6 23  4.0 38.239 -85.717  38.239 -85.717  0.27
6 23  6.0 38.237 -85.716  38.241 -85.718  0.46
7 11  6.0 38.239 -85.717  38.239 -85.717  0.932
6 23  7.0 38.239 -85.717  38.239 -85.717  0.08
1 20  7.0 38.237 -85.716  38.241 -85.718  0.559
6 23  10.0 38.239 -85.717  38.239 -85.717  0.7
6 23  10.0 38.239 -85.717  38